2458119.65231 22 -1 5.53 717.0
2458124.60337 22 -1 5.28 205.0
2458132.66024 22 -1 6.09 355.0
2458137.60363 22 -1 4.52 294.0
2458143.59324 22 -1 4.83 317.0
2458147.58850 22 -1 4.80 559.0
2458150.58168 21.588 0.539 5.46 870.0
2458158.54225 22 -1 7.86 357.0
2458292.94775 21.886 0.634 4.90 895.0
2458309.91815 22 -1 5.31 276.0
2458317.92494 22 -1 7.25 333.0
2458329.87539 22 -1 4.67 725.0
2458333.86354 22 -1 3.68 600.0
2458336.92325 22 -1 3.73 474.0
2458340.90195 22 -1 4.38 166.0
2458345.87818 22 -1 4.57 185.0
2458355.85608 22 -1 4.65 467.0
2458359.80115 22 -1 4.72 478.0
2458365.82086 22 -1 3.92 232.0
2458370.78670 22 -1 4.96 184.0
2458376.79044 22 -1 6.49 306.0
2458383.73694 22 -1 4.68 394.0
2458385.77775 22 -1 3.68 524.0
2458394.66702 21.335 0.237 6.71 214.0
2458406.67455 20.116 0.084 5.64 259.0
2458411.65310 20.078 0.082 5.03 366.0
2458415.62413 20.060 0.109 4.96 745.0
2458418.59740 20.461 0.139 5.67 442.0
