2457844.48640 22 -1 1.58 636.0
2457855.48102 22 -1 1.54 561.0
2457872.47938 22 -1 9.99 0.0
2458012.83205 22 -1 9.99 0.0
2458027.88900 22 -1 9.99 0.0
2458035.76181 22 -1 9.99 0.0
2458041.81660 22 -1 5.03 252.0
2458048.86024 22 -1 4.11 278.0
2458054.72922 22 -1 5.49 262.0
2458057.75518 22 -1 3.81 399.0
2458067.76738 22 -1 9.99 0.0
2458071.83805 22 -1 9.99 0.0
2458076.83876 22 -1 5.03 318.0
2458082.71060 22 -1 9.99 0.0
2458087.68898 22 -1 9.99 0.0
2458092.76856 22 -1 5.09 556.0
2458098.66976 22 -1 2.34 217.0
2458103.69876 22 -1 1.39 210.0
2458113.83122 22 -1 4.13 325.0
2458119.75894 22 -1 9.99 0.0
2458133.64632 21.164 0.244 9.99 0.0
2458139.65266 19.918 0.076 9.99 0.0
2458144.64997 19.423 0.061 9.99 0.0
2457844.48640 22 -1 1.58 636.0
2457855.48102 22 -1 1.54 561.0
2457872.47938 22 -1 9.99 0.0
2458012.83205 22 -1 9.99 0.0
2458027.88900 22 -1 9.99 0.0
2458035.76181 22 -1 9.99 0.0
2458041.81660 22 -1 5.03 252.0
2458048.86024 22 -1 4.11 278.0
2458054.72922 22 -1 5.49 262.0
2458057.75518 22 -1 3.81 399.0
2458067.76738 22 -1 9.99 0.0
2458071.83805 22 -1 9.99 0.0
2458076.83876 22 -1 5.03 318.0
2458082.71060 22 -1 9.99 0.0
2458087.68898 22 -1 9.99 0.0
2458092.76856 22 -1 5.09 556.0
2458098.66976 22 -1 2.34 217.0
2458103.69876 22 -1 1.39 210.0
2458113.83122 22 -1 4.13 325.0
2458119.75894 22 -1 9.99 0.0
2458133.64632 21.164 0.244 9.99 0.0
2458139.65266 19.918 0.076 9.99 0.0
2458144.64997 19.423 0.061 9.99 0.0
2458150.62002 19.687 0.087 1.46 612.0
2458154.58592 19.777 0.078 6.13 229.0
2458173.55355 20.154 0.140 1.47 297.0
2458185.54463 20.762 0.201 9.99 0.0
2458196.50346 20.784 0.284 9.99 0.0
2458207.53418 21.047 0.293 9.99 0.0
2458212.53859 21.803 0.484 1.72 382.0
2458216.54376 21.755 0.495 1.37 525.0
2458224.50848 21.517 0.391 9.99 0.0
2458229.52080 21.671 0.389 9.99 0.0
2458235.49879 22 -1 9.99 0.0
2458347.91525 22 -1 9.99 0.0
2458358.84083 22 -1 1.74 484.0
2458366.89758 22 -1 9.99 0.0
2458372.85800 22 -1 5.94 288.0
2458381.85068 22 -1 9.99 0.0
2458386.84749 22 -1 9.99 0.0
2458393.87536 22 -1 4.13 324.0
