2456841.92531 22 -1 5.97 496.0
2456852.93923 22 -1 6.08 942.0
2456858.90028 22 -1 4.46 501.0
2456871.89852 22 -1 4.80 436.0
2456872.86875 22 -1 6.89 296.0
2456881.86339 22 -1 5.18 620.0
2456886.87064 22 -1 4.36 395.0
2456891.86423 22 -1 6.76 491.0
2456907.78056 22 -1 5.14 665.0
2456912.79768 22 -1 5.79 463.0
2456921.78504 22 -1 3.87 263.0
2456925.79209 22 -1 4.71 235.0
2456930.73491 22 -1 4.31 239.0
2456937.69808 22 -1 4.34 740.0
2456941.72169 22 -1 7.10 491.0
2456948.73951 22 -1 4.42 333.0
2456951.78197 22 -1 4.78 353.0
2456954.75182 21.034 0.193 3.71 367.0
2456957.72334 19.168 0.050 5.63 277.0
2456961.75534 18.443 0.025 5.06 298.0
2456966.61846 18.112 0.029 6.36 736.0
2456970.61580 17.799 0.015 4.34 552.0
2456975.59446 17.750 0.018 5.71 519.0
2456979.67323 17.634 0.012 4.35 368.0
2456984.67358 17.570 0.012 4.33 428.0
2456988.68458 17.615 0.015 5.60 362.0
2456994.65735 17.598 0.012 4.18 532.0
2456997.62774 17.628 0.014 4.38 614.0
2457000.64319 17.599 0.012 4.08 425.0
2457005.60458 17.669 0.017 6.48 379.0
2457009.60437 17.672 0.013 4.83 305.0
2457013.61085 17.713 0.016 5.76 370.0
2457017.63906 17.680 0.015 5.28 424.0
2457021.60454 17.671 0.012 4.26 313.0
2457025.59687 17.705 0.016 4.93 690.0
2457031.61824 17.779 0.020 5.97 661.0
2457035.59022 17.731 0.015 5.77 337.0
2457039.57991 17.773 0.018 6.02 444.0
2457043.59308 17.708 0.014 4.15 542.0
2457047.58712 17.763 0.014 4.45 430.0
2457053.57081 17.791 0.017 5.45 478.0
2457057.57258 17.809 0.021 6.06 652.0
2457062.59370 17.814 0.015 5.20 299.0
2457068.58341 17.845 0.015 4.93 373.0
2457075.56196 17.898 0.015 4.78 276.0
2457085.52167 17.949 0.021 4.72 686.0
2457220.93556 18.739 0.031 4.93 363.0
2457228.90336 18.803 0.032 4.57 430.0
2457236.89721 18.794 0.034 4.49 518.0
2457252.86794 19.030 0.056 6.53 433.0
2457257.91321 19.087 0.041 4.92 299.0
2457263.84943 19.064 0.046 4.35 782.0
2457265.91418 18.955 0.039 4.62 564.0
2457268.85319 19.052 0.036 4.35 345.0
2457273.81910 19.089 0.040 5.40 201.0
2457278.78014 19.168 0.048 5.23 320.0
2457287.78787 19.251 0.068 7.95 213.0
2457294.74766 19.170 0.052 4.56 650.0
2457300.78074 19.191 0.043 4.68 295.0
2457308.72642 19.358 0.067 6.79 237.0
2457313.70795 19.300 0.051 5.64 239.0
2457319.70094 19.424 0.082 6.06 565.0
2457325.67195 19.256 0.064 6.03 511.0
2457337.71746 19.668 0.103 7.46 354.0
2457341.67877 19.597 0.080 6.26 304.0
2457345.69597 19.496 0.072 5.98 313.0
2457348.67304 19.514 0.079 5.43 567.0
2457353.71598 19.525 0.090 5.83 760.0
2457356.80034 19.330 0.057 4.78 523.0
2457360.63592 19.474 0.058 4.64 329.0
2457363.68708 19.262 0.038 3.80 259.0
2457366.62782 19.388 0.053 4.41 376.0
2457372.61797 19.520 0.059 4.91 289.0
2457375.63673 19.490 0.066 4.99 424.0
2457378.63276 19.450 0.059 4.13 548.0
2457384.60772 19.370 0.056 4.42 485.0
2457387.62638 19.433 0.055 4.93 305.0
2457390.60943 19.427 0.052 4.39 342.0
2457397.63583 19.521 0.074 5.62 408.0
2457403.60694 19.721 0.073 5.03 406.0
2457407.61369 19.490 0.090 6.08 455.0
2457416.58382 19.410 0.053 4.79 353.0
2457427.56637 19.535 0.060 4.55 385.0
2457433.55811 19.401 0.045 3.96 385.0
2457437.54790 19.438 0.048 3.83 420.0
2457444.52722 19.506 0.058 4.18 473.0
2457451.52235 19.448 0.055 4.20 449.0
2457602.93544 20.374 0.136 5.40 294.0
2457606.90572 20.338 0.148 6.62 200.0
2457609.90159 20.167 0.108 5.05 275.0
2457612.91251 20.466 0.126 5.09 183.0
2457617.90552 20.219 0.119 4.50 432.0
2457622.85278 20.279 0.137 4.98 523.0
2457624.89883 20.536 0.206 6.68 346.0
2457626.90373 20.375 0.126 4.47 363.0
2457631.83716 20.203 0.084 4.24 235.0
2457635.83446 20.887 0.322 7.69 326.0
2457638.78033 20.355 0.109 4.20 381.0
2457644.77159 20.640 0.208 5.12 484.0
2457647.75531 20.527 0.160 4.18 699.0
2457651.73600 20.890 0.204 4.46 439.0
2457655.75621 20.395 0.124 4.78 290.0
2457659.73803 20.493 0.131 4.43 299.0
2457663.72516 20.211 0.091 3.97 288.0
2457667.74123 20.323 0.097 4.09 225.0
2457672.71215 20.233 0.092 3.48 421.0
2457681.81572 20.429 0.139 4.88 437.0
2457692.66840 20.523 0.169 5.66 349.0
2457699.66246 20.509 0.138 4.43 393.0
2457702.57951 20.707 0.168 4.13 439.0
2457707.59668 20.303 0.169 4.62 882.0
2457709.62395 20.750 0.187 4.71 367.0
2457713.65923 21.049 0.274 5.61 339.0
2457719.61140 21.205 0.345 6.14 257.0
2457734.67114 20.426 0.238 6.48 716.0
2457737.62682 20.756 0.284 5.81 637.0
2457740.57886 21.087 0.316 6.05 230.0
2457746.53917 20.365 0.129 4.36 267.0
2457754.62866 20.510 0.143 4.74 292.0
2457758.62966 20.681 0.157 4.40 323.0
2457761.60972 21.138 0.318 4.88 483.0
2457764.61613 20.496 0.211 5.41 660.0
2457766.59492 20.436 0.175 4.39 792.0
2457769.58018 21.124 0.278 4.94 355.0
2457775.61910 20.803 0.214 5.98 258.0
2457785.54437 20.854 0.212 5.12 327.0
2457787.56385 20.761 0.204 5.07 334.0
