# SDSS CID:  20846 IAU:          RA:  13.979387 DEC:  -1.246926  (J2000)
# GALAXY_SB [ugriz] = [ 21.72 19.58 18.69 18.26 17.95 ] +/- [  0.07  0.00  0.00  0.00  0.01 ] (asinh mag/square arcsec)
# GALAXY_SB_FLUX [ugriz] = [  7.685E+00  5.247E+01  1.207E+02  1.769E+02  2.355E+02 ] +/- [  5.051E-01  2.175E-01  2.890E-01  3.817E-01  1.177E+00 ] (microJy per square arcsec)
#FLAG  MJD       FILT  MAG     MERR  MSKYERR MGALERR  FLUX       FLUXERR    SKYERR     GALERR    NPRE TELE   RUN  STRIP  IDCCD
    0  54357.322075  1  28.477  0.131  0.005  0.135  -7.034e+00   8.429e-01   3.514e-02   8.681e-01  11  sdss  6955  82S  1 
    0  54357.318758  2  28.550  0.107  0.019  0.092  -1.368e+01   1.346e+00   2.399e-01   1.151e+00  11  sdss  6955  82S  1 
    0  54357.319587  3  28.069  0.107  0.015  0.086  -1.952e+01   1.925e+00   2.760e-01   1.542e+00  10  sdss  6955  82S  1 
    0  54357.321246  4  25.605  0.169  0.077  0.152  -3.381e+01   5.249e+00   2.422e+00   4.745e+00  10  sdss  6955  82S  1 
   32  54357.320417  0  23.436  1.080  0.047  1.555   1.463e+00   1.627e+00   7.660e-02   2.514e+00  6  sdss  6955  82S  1 
    0  54362.371944  1  28.647  0.116  0.006  0.127  -8.231e+00   8.730e-01   4.585e-02   9.548e-01  11  sdss  6976  82S  1 
    0  54362.368627  2  28.599  0.113  0.024  0.117  -1.431e+01   1.485e+00   3.099e-01   1.542e+00  11  sdss  6976  82S  1 
    0  54362.369456  3  28.216  0.124  0.009  0.062  -2.236e+01   2.535e+00   1.804e-01   1.268e+00  10  sdss  6976  82S  1 
    0  54362.371115  4  25.754  0.161  0.029  0.144  -3.884e+01   5.719e+00   1.048e+00   5.154e+00  10  sdss  6976  82S  1 
    0  54362.370285  0  25.632  1.185  0.119  1.758  -1.065e+00   1.612e+00   1.604e-01   2.377e+00  6  sdss  6976  82S  1 
    0  54379.362268  1  28.721  0.120  0.007  0.157  -8.812e+00   9.635e-01   5.899e-02   1.269e+00  11  sdss  7024  82S  1 
    0  54379.358951  2  28.126  0.204  0.082  0.267  -9.241e+00   1.722e+00   7.001e-01   2.274e+00  11  sdss  7024  82S  1 
    0  54379.359780  3  25.260  1.345  0.326  1.251  -1.188e+00   2.267e+00   5.246e-01   2.016e+00  10  sdss  7024  82S  1 
    0  54379.361439  4  25.534  0.228  0.085  0.248  -3.165e+01   6.601e+00   2.496e+00   7.261e+00  10  sdss  7024  82S  1 
    0  54379.360610  0  25.908  1.573  0.365  3.772  -1.483e+00   2.471e+00   5.962e-01   6.157e+00  6  sdss  7024  82S  1 
    2  54382.352404  1  27.697  0.458  0.172  1.281  -3.406e+00   1.374e+00   5.455e-01   4.056e+00  11  sdss  7038  82S  1 
    2  54382.349088  2  28.742  0.152  0.083  0.289  -1.633e+01   2.263e+00   1.251e+00   4.337e+00  11  sdss  7038  82S  1 
    0  54382.349917  3  28.475  0.109  0.038  0.191  -2.839e+01   2.847e+00   9.928e-01   4.981e+00  10  sdss  7038  82S  1 
   10  54382.351575  4  25.186  0.448  0.747  0.881  -2.282e+01   9.123e+00   1.600e+01   1.887e+01  10  sdss  7038  82S  1 
    0  54382.350746  0  25.725  2.130  0.612  8.429  -1.197e+00   3.832e+00   8.787e-01   1.210e+01  6  sdss  7038  82S  1 
    0  54385.370347  1  28.654  0.120  0.034  0.137  -8.284e+00   9.060e-01   2.566e-01   1.037e+00  11  sdss  7051  82S  1 
    0  54385.367030  2  28.716  0.097  0.005  0.064  -1.594e+01   1.414e+00   7.973e-02   9.439e-01  11  sdss  7051  82S  1 
    0  54385.367859  3  28.237  0.092  0.013  0.060  -2.279e+01   1.920e+00   2.831e-01   1.254e+00  10  sdss  7051  82S  1 
    0  54385.369518  4  25.796  0.143  0.035  0.127  -4.039e+01   5.286e+00   1.290e+00   4.739e+00  10  sdss  7051  82S  1 
   40  54385.368689  0  22.951  0.797  0.246  1.297   2.444e+00   1.694e+00   5.834e-01   3.076e+00  6  sdss  7051  82S  1 
  130  54387.370727  1  28.705  0.163  0.048  0.375  -8.683e+00   1.285e+00   3.825e-01   2.983e+00  11  sdss  7057  82S  1 
    0  54387.367410  2  28.833  0.122  0.022  0.223  -1.775e+01   1.976e+00   3.643e-01   3.644e+00  11  sdss  7057  82S  1 
    0  54387.368239  3  28.139  0.142  0.049  0.214  -2.083e+01   2.707e+00   9.407e-01   4.109e+00  10  sdss  7057  82S  1 
    0  54387.369898  4  25.005  0.453  0.204  0.677  -1.921e+01   7.858e+00   3.714e+00   1.234e+01  10  sdss  7057  82S  1 
   10  54387.369068  0  27.136  0.607  0.823  1.941  -5.063e+00   2.545e+00   3.776e+00   8.902e+00  6  sdss  7057  82S  1 
    0  54392.365274  1  28.289  0.224  0.026  0.451  -5.911e+00   1.198e+00   1.427e-01   2.447e+00  11  sdss  7076  82S  1 
    0  54392.361957  2  28.104  0.236  0.101  0.376  -9.055e+00   1.939e+00   8.396e-01   3.136e+00  11  sdss  7076  82S  1 
    0  54392.362786  3  28.372  0.108  0.032  0.143  -2.582e+01   2.569e+00   7.653e-01   3.397e+00  10  sdss  7076  82S  1 
    0  54392.364445  4  25.429  0.271  0.173  0.371  -2.869e+01   7.099e+00   4.619e+00   9.896e+00  10  sdss  7076  82S  1 
    2  54392.363616  0  25.006  1.777  0.594  7.990  -3.350e-01   2.617e+00   6.015e-01   8.096e+00  6  sdss  7076  82S  1 
  130  54394.353180  1  28.836  0.154  0.096  0.380  -9.799e+00   1.369e+00   8.577e-01   3.406e+00  11  sdss  7084  82S  1 
    0  54394.349863  2  28.448  0.155  0.050  0.193  -1.244e+01   1.759e+00   5.750e-01   2.208e+00  11  sdss  7084  82S  1 
    0  54394.350693  3  28.389  0.098  0.038  0.103  -2.623e+01   2.356e+00   9.225e-01   2.493e+00  10  sdss  7084  82S  1 
    0  54394.352351  4  25.534  0.260  0.174  0.351  -3.165e+01   7.478e+00   5.095e+00   1.029e+01  10  sdss  7084  82S  1 
   10  54394.351522  0  26.819  0.887  0.680  1.801  -3.750e+00   2.611e+00   2.352e+00   6.228e+00  6  sdss  7084  82S  1 
    1  54402.363192  1  28.980  0.205  0.084  0.197  -1.119e+01   2.075e+00   8.606e-01   2.013e+00  11  sdss  7101  82S  1 
    1  54402.359875  2  28.080  0.262  0.050  0.241  -8.857e+00   2.097e+00   4.048e-01   1.965e+00  11  sdss  7101  82S  1 
    1  54402.360704  3  28.120  0.139  0.043  0.133  -2.046e+01   2.612e+00   8.178e-01   2.515e+00  10  sdss  7101  82S  1 
    0  54402.362363  4  24.439  0.718  0.210  0.694  -1.102e+01   7.367e+00   2.352e+00   7.768e+00  10  sdss  7101  82S  1 
    1  54402.361534  0  27.777  0.769  0.042  0.640  -9.202e+00   5.453e+00   3.484e-01   5.251e+00  6  sdss  7101  82S  1 
    0  54408.277379  1  28.559  0.127  0.036  0.141  -7.587e+00   8.795e-01   2.513e-01   9.781e-01  11  sdss  7127  82S  1 
    0  54408.274062  2  27.461  0.295  0.054  0.190  -4.982e+00   1.336e+00   2.492e-01   8.800e-01  11  sdss  7127  82S  1 
    0  54408.274892  3  27.738  0.138  0.025  0.078  -1.438e+01   1.818e+00   3.344e-01   1.035e+00  10  sdss  7127  82S  1 
    0  54408.276550  4  25.661  0.170  0.015  0.134  -3.563e+01   5.552e+00   4.812e-01   4.419e+00  10  sdss  7127  82S  1 
    0  54408.275721  0  26.263  0.807  0.053  1.129  -2.170e+00   1.571e+00   1.135e-01   2.430e+00  6  sdss  7127  82S  1 
    0  54411.235251  1  28.618  0.116  0.019  0.115  -8.013e+00   8.468e-01   1.430e-01   8.417e-01  11  sdss  7136  82S  1 
    0  54411.231935  2  28.570  0.105  0.011  0.078  -1.393e+01   1.343e+00   1.408e-01   9.961e-01  11  sdss  7136  82S  1 
    0  54411.232764  3  28.177  0.098  0.013  0.066  -2.157e+01   1.944e+00   2.673e-01   1.314e+00  10  sdss  7136  82S  1 
    0  54411.234422  4  25.584  0.185  0.080  0.161  -3.316e+01   5.623e+00   2.466e+00   4.952e+00  10  sdss  7136  82S  1 
    0  54411.233593  0  25.916  1.079  0.052  1.520  -1.497e+00   1.642e+00   8.464e-02   2.496e+00  6  sdss  7136  82S  1 
    0  54413.275663  1  28.996  0.113  0.011  0.225  -1.136e+01   1.170e+00   1.177e-01   2.340e+00  11  sdss  7145  82S  1 
    0  54413.272346  2  27.709  0.334  0.127  0.539  -6.278e+00   1.886e+00   7.391e-01   3.134e+00  11  sdss  7145  82S  1 
    0  54413.273175  3  28.217  0.128  0.055  0.189  -2.238e+01   2.634e+00   1.139e+00   3.889e+00  10  sdss  7145  82S  1 
    0  54413.274833  4  25.531  0.253  0.071  0.381  -3.156e+01   7.289e+00   2.072e+00   1.113e+01  10  sdss  7145  82S  1 
    2  54413.274004  0  26.615  1.016  0.148  3.124  -3.081e+00   2.451e+00   4.294e-01   9.044e+00  6  sdss  7145  82S  1 
    0  54417.277524  1  28.813  0.106  0.023  0.132  -9.594e+00   9.313e-01   2.000e-01   1.164e+00  11  sdss  7158  82S  1 
    0  54417.274207  2  28.349  0.139  0.010  0.099  -1.136e+01   1.442e+00   1.041e-01   1.034e+00  11  sdss  7158  82S  1 
    0  54417.275037  3  28.218  0.093  0.013  0.062  -2.240e+01   1.912e+00   2.615e-01   1.285e+00  10  sdss  7158  82S  1 
    0  54417.276695  4  25.826  0.159  0.068  0.142  -4.153e+01   6.032e+00   2.596e+00   5.434e+00  10  sdss  7158  82S  1 
   40  54417.275866  0  24.538  1.343  1.353  3.266   1.239e-01   1.662e+00   1.319e+00   3.185e+00  6  sdss  7158  82S  1 
    0  54418.275440  1  28.332  0.186  0.036  0.303  -6.150e+00   1.043e+00   2.051e-01   1.713e+00  11  sdss  7161  82S  1 
    0  54418.272123  2  28.279  0.156  0.045  0.144  -1.065e+01   1.519e+00   4.370e-01   1.411e+00  11  sdss  7161  82S  1 
    0  54418.272952  3  28.188  0.105  0.023  0.099  -2.179e+01   2.106e+00   4.636e-01   1.985e+00  10  sdss  7161  82S  1 
    0  54418.274611  4  25.225  0.304  0.159  0.380  -2.368e+01   6.587e+00   3.526e+00   8.435e+00  10  sdss  7161  82S  1 
    0  54418.273782  0  26.400  0.926  0.047  2.072  -2.493e+00   1.943e+00   1.135e-01   4.994e+00  6  sdss  7161  82S  1 
    1  54422.280036  1  28.601  0.190  0.081  0.360  -7.888e+00   1.358e+00   5.842e-01   2.602e+00  11  sdss  7173  82S  1 
    0  54422.276719  2  28.551  0.144  0.020  0.184  -1.369e+01   1.798e+00   2.523e-01   2.321e+00  11  sdss  7173  82S  1 
    0  54422.277548  3  27.934  0.164  0.063  0.215  -1.723e+01   2.591e+00   1.007e+00   3.422e+00  10  sdss  7173  82S  1 
    0  54422.279206  4  25.156  0.355  0.071  0.475  -2.219e+01   7.166e+00   1.472e+00   9.915e+00  10  sdss  7173  82S  1 
   42  54422.278377  0  24.347  1.690  1.245  6.421   3.132e-01   2.399e+00   1.255e+00   6.471e+00  6  sdss  7173  82S  1 
    1  54424.215900  1  28.761  0.164  0.023  0.118  -9.144e+00   1.364e+00   1.932e-01   9.861e-01  11  sdss  7183  82S  1 
    1  54424.212583  2  28.267  0.179  0.040  0.111  -1.053e+01   1.717e+00   3.835e-01   1.076e+00  11  sdss  7183  82S  1 
    1  54424.213412  3  28.182  0.102  0.023  0.068  -2.167e+01   2.024e+00   4.664e-01   1.350e+00  10  sdss  7183  82S  1 
    0  54424.215071  4  25.822  0.146  0.014  0.129  -4.138e+01   5.542e+00   5.503e-01   4.935e+00  10  sdss  7183  82S  1 
   33  54424.214242  0  24.316  1.859  0.327  2.770   3.448e-01   2.836e+00   3.322e-01   2.814e+00  6  sdss  7183  82S  1 
