# SDSS CID:  13744 IAU:          RA: 314.059937 DEC:  -1.103893  (J2000)
# GALAXY_SB [ugriz] = [ 23.55 21.87 20.60 20.04 19.72 ] +/- [  0.42  0.02  0.01  0.01  0.02 ] (asinh mag/square arcsec)
# GALAXY_SB_FLUX [ugriz] = [  1.232E+00  6.347E+00  2.081E+01  3.453E+01  4.636E+01 ] +/- [  6.275E-01  1.326E-01  1.679E-01  2.443E-01  8.894E-01 ] (microJy per square arcsec)
#FLAG  MJD       FILT  MAG     MERR  MSKYERR MGALERR  FLUX       FLUXERR    SKYERR     GALERR    NPRE TELE   RUN  STRIP  IDCCD
   32  53975.177227  1  23.243  0.419  0.279  0.764   1.741e+00   6.826e-01   4.717e-01   1.293e+00  9  sdss  6287  82S  1 
   32  53975.173910  2  22.403  0.289  0.221  0.330   3.905e+00   1.040e+00   8.129e-01   1.214e+00  9  sdss  6287  82S  1 
   32  53975.174740  3  21.857  0.277  0.136  0.273   6.397e+00   1.633e+00   8.196e-01   1.638e+00  9  sdss  6287  82S  1 
   32  53975.176398  4  20.924  0.387  0.114  0.419   1.490e+01   5.447e+00   1.657e+00   6.097e+00  9  sdss  6287  82S  1 
   32  53975.175569  0  22.588  0.611  0.277  2.182   3.487e+00   1.792e+00   8.836e-01   6.949e+00  6  sdss  6287  82S  1 
   32  53996.183035  1  23.218  0.384  0.170  0.600   1.783e+00   6.416e-01   2.937e-01   1.038e+00  9  sdss  6367  82S  1 
   32  53996.179718  2  22.691  0.360  0.207  0.376   2.969e+00   9.927e-01   5.899e-01   1.071e+00  9  sdss  6367  82S  1 
   32  53996.180548  3  21.471  0.187  0.120  0.200   9.174e+00   1.579e+00   1.023e+00   1.703e+00  9  sdss  6367  82S  1 
    0  53996.182206  4  22.868  0.878  0.562  1.205  -1.712e-01   4.765e+00   2.741e+00   5.880e+00  9  sdss  6367  82S  1 
   40  53996.181377  0  23.516  1.106  0.897  3.896   1.334e+00   1.595e+00   1.356e+00   5.890e+00  6  sdss  6367  82S  1 
   32  53998.151394  1  23.097  0.308  0.126  0.369   2.006e+00   5.784e-01   2.417e-01   7.095e-01  9  sdss  6377  82S  1 
   32  53998.148077  2  22.657  0.356  0.188  0.377   3.068e+00   1.013e+00   5.530e-01   1.107e+00  9  sdss  6377  82S  1 
   32  53998.148907  3  22.147  0.335  0.207  0.292   4.863e+00   1.508e+00   9.585e-01   1.352e+00  9  sdss  6377  82S  1 
   32  53998.150565  4  22.252  0.747  0.364  0.679   2.968e+00   4.317e+00   2.037e+00   3.797e+00  9  sdss  6377  82S  1 
   32  53998.149736  0  23.624  1.154  0.269  3.713   1.171e+00   1.598e+00   3.779e-01   5.219e+00  6  sdss  6377  82S  1 
   32  54005.188090  1  23.269  0.351  0.133  0.318   1.696e+00   5.654e-01   2.194e-01   5.259e-01  9  sdss  6401  82S  1 
   32  54005.184773  2  22.552  0.286  0.073  0.191   3.391e+00   9.025e-01   2.360e-01   6.138e-01  9  sdss  6401  82S  1 
   32  54005.185602  3  21.603  0.186  0.073  0.111   8.112e+00   1.394e+00   5.546e-01   8.378e-01  9  sdss  6401  82S  1 
   32  54005.187260  4  21.678  0.543  0.205  0.385   6.755e+00   4.162e+00   1.618e+00   3.040e+00  9  sdss  6401  82S  1 
   32  54005.186431  0  24.115  1.247  0.580  3.081   5.571e-01   1.552e+00   6.281e-01   3.338e+00  6  sdss  6401  82S  1 
   33  54008.141659  1  23.093  0.376  0.123  0.321   2.015e+00   7.014e-01   2.381e-01   6.188e-01  9  sdss  6417  82S  1 
   32  54008.138342  2  22.594  0.340  0.105  0.243   3.259e+00   1.027e+00   3.263e-01   7.535e-01  9  sdss  6417  82S  1 
   32  54008.139171  3  21.900  0.255  0.092  0.166   6.143e+00   1.449e+00   5.325e-01   9.566e-01  9  sdss  6417  82S  1 
   32  54008.140830  4  22.037  0.678  0.290  0.581   4.237e+00   4.234e+00   1.813e+00   3.625e+00  9  sdss  6417  82S  1 
   33  54008.140001  0  23.903  1.285  0.213  3.049   8.010e-01   1.677e+00   2.547e-01   3.638e+00  6  sdss  6417  82S  1 
   33  54010.135897  1  23.809  0.917  0.180  0.422   9.712e-01   8.978e-01   1.919e-01   4.482e-01  9  sdss  6425  82S  1 
   33  54010.132580  2  23.005  0.506  0.119  0.227   2.187e+00   1.039e+00   2.571e-01   4.919e-01  9  sdss  6425  82S  1 
   32  54010.133410  3  21.573  0.187  0.054  0.081   8.343e+00   1.437e+00   4.207e-01   6.279e-01  9  sdss  6425  82S  1 
   32  54010.135068  4  21.851  0.591  0.116  0.412   5.467e+00   4.066e+00   8.125e-01   2.885e+00  9  sdss  6425  82S  1 
  137  54010.134239  0  22.079  0.424  0.265  0.511   5.647e+00   2.026e+00   1.325e+00   2.561e+00  6  sdss  6425  82S  1 
   41  54012.128471  1  24.190  1.697  2.594  0.609   6.155e-01   1.562e+00   2.110e+00   4.955e-01  9  sdss  6433  82S  1 
   33  54012.125154  2  22.344  0.400  0.312  0.130   4.129e+00   1.491e+00   1.210e+00   5.053e-01  9  sdss  6433  82S  1 
   33  54012.125983  3  21.805  0.285  0.204  0.109   6.717e+00   1.756e+00   1.282e+00   6.834e-01  9  sdss  6433  82S  1 
   56  54012.127642  4  21.437  0.519  0.801  0.331   8.843e+00   4.731e+00   7.603e+00   3.139e+00  9  sdss  6433  82S  1 
    1  54012.126812  0  22.324  0.995  0.187  0.705   4.486e+00   3.262e+00   7.502e-01   2.833e+00  6  sdss  6433  82S  1 
   32  54020.133886  1  23.058  0.321  0.173  0.442   2.083e+00   6.236e-01   3.449e-01   8.782e-01  9  sdss  6447  82S  1 
   32  54020.130570  2  22.189  0.227  0.118  0.199   4.775e+00   1.002e+00   5.277e-01   8.903e-01  9  sdss  6447  82S  1 
   32  54020.131399  3  21.523  0.195  0.099  0.149   8.741e+00   1.568e+00   8.021e-01   1.209e+00  9  sdss  6447  82S  1 
   32  54020.133057  4  22.473  0.910  0.474  0.956   1.790e+00   5.127e+00   2.441e+00   4.920e+00  9  sdss  6447  82S  1 
   32  54020.132228  0  24.452  1.357  0.622  4.679   2.080e-01   1.692e+00   6.131e-01   4.612e+00  6  sdss  6447  82S  1 
  188  54022.183112  1  23.870  1.089  3.733  0.807   9.082e-01   1.019e+00   3.793e+00   8.196e-01  9  sdss  6453  82S  1 
   32  54022.179796  2  22.739  0.399  0.218  0.296   2.836e+00   1.050e+00   5.938e-01   8.081e-01  9  sdss  6453  82S  1 
   32  54022.180625  3  21.597  0.201  0.080  0.149   8.159e+00   1.510e+00   6.071e-01   1.135e+00  9  sdss  6453  82S  1 
   32  54022.182283  4  21.530  0.589  0.291  0.479   7.992e+00   4.971e+00   2.569e+00   4.225e+00  9  sdss  6453  82S  1 
    8  54022.181454  0  24.679  1.345  1.212  5.409  -1.264e-02   1.663e+00   1.174e+00   5.241e+00  6  sdss  6453  82S  1 
 1214  54026.131943  2  21.179  4.343 26.189  0.482   1.219e+01   2.663e+01   2.945e+02   5.421e+00  9  sdss  6464  82S  1 
 1214  54026.132773  3  20.115  0.400  1.942  0.157   3.213e+01   1.134e+01   5.750e+01   4.656e+00  9  sdss  6464  82S  1 
 1166  54026.133602  0  20.933  0.578  1.114  1.150   1.635e+01   7.542e+00   1.589e+01   1.639e+01  6  sdss  6464  82S  1 
   32  54028.123520  1  23.106  0.414  0.295  0.814   1.989e+00   7.578e-01   5.633e-01   1.552e+00  9  sdss  6468  82S  1 
   32  54028.120204  2  22.163  0.285  0.236  0.383   4.892e+00   1.273e+00   1.079e+00   1.749e+00  9  sdss  6468  82S  1 
   32  54028.121033  3  21.979  0.308  0.150  0.282   5.702e+00   1.620e+00   8.060e-01   1.517e+00  9  sdss  6468  82S  1 
   32  54028.122691  4  20.831  0.365  0.165  0.442   1.631e+01   5.586e+00   2.609e+00   6.980e+00  9  sdss  6468  82S  1 
    0  54028.121862  0  26.424  0.908  0.187  2.760  -2.552e+00   1.921e+00   4.523e-01   6.687e+00  6  sdss  6468  82S  1 
   32  54030.126432  1  24.382  0.777  0.238  0.833   4.673e-01   5.728e-01   1.726e-01   6.057e-01  9  sdss  6479  82S  1 
   32  54030.123115  2  22.796  0.360  0.132  0.219   2.684e+00   9.075e-01   3.416e-01   5.676e-01  9  sdss  6479  82S  1 
   32  54030.123945  3  21.581  0.180  0.068  0.101   8.281e+00   1.375e+00   5.253e-01   7.819e-01  9  sdss  6479  82S  1 
   32  54030.125603  4  20.943  0.308  0.043  0.229   1.463e+01   4.311e+00   6.125e-01   3.283e+00  9  sdss  6479  82S  1 
   32  54030.124774  0  23.101  0.907  0.118  1.673   2.098e+00   1.675e+00   2.445e-01   3.457e+00  6  sdss  6479  82S  1 
   40  54032.115593  1  23.151  0.481  0.523  0.478   1.904e+00   8.372e-01   9.596e-01   8.758e-01  9  sdss  6488  82S  1 
   36  54032.112277  2  22.657  0.527  0.557  0.331   3.068e+00   1.448e+00   1.633e+00   9.706e-01  9  sdss  6488  82S  1 
   36  54032.113106  3  21.257  0.185  0.137  0.120   1.119e+01   1.901e+00   1.417e+00   1.244e+00  9  sdss  6488  82S  1 
   36  54032.114764  4  20.934  0.433  0.217  0.330   1.476e+01   5.992e+00   3.134e+00   4.763e+00  9  sdss  6488  82S  1 
  172  54032.113935  0  23.827  1.494  1.482  3.905   8.951e-01   2.087e+00   1.842e+00   4.854e+00  6  sdss  6488  82S  1 
   34  54034.185772  1  23.947  0.997  0.915  2.648   8.314e-01   8.991e-01   8.783e-01   2.541e+00  9  sdss  6494  82S  1 
   34  54034.182455  2  22.736  0.564  0.453  0.842   2.844e+00   1.435e+00   1.239e+00   2.305e+00  9  sdss  6494  82S  1 
   32  54034.183285  3  21.618  0.303  0.237  0.412   8.000e+00   2.207e+00   1.771e+00   3.073e+00  9  sdss  6494  82S  1 
 1178  54034.184943  4  24.334  0.846  7.930  1.194  -9.885e+00   7.888e+00   8.186e+01   1.233e+01  9  sdss  6494  82S  1 
   40  54034.184114  0  22.909  1.665  2.200  4.993   2.548e+00   3.195e+00   5.323e+00   1.208e+01  6  sdss  6494  82S  1 
   33  54037.107063  1  22.747  0.292  0.121  0.248   2.803e+00   7.495e-01   3.177e-01   6.492e-01  9  sdss  6508  82S  1 
   32  54037.103746  2  22.501  0.302  0.083  0.177   3.560e+00   9.941e-01   2.788e-01   5.969e-01  9  sdss  6508  82S  1 
   32  54037.104576  3  21.663  0.204  0.061  0.117   7.671e+00   1.445e+00   4.332e-01   8.397e-01  9  sdss  6508  82S  1 
   32  54037.106234  4  20.891  0.305  0.082  0.266   1.539e+01   4.473e+00   1.228e+00   3.982e+00  9  sdss  6508  82S  1 
   33  54037.105405  0  23.186  0.971  0.477  1.725   1.920e+00   1.681e+00   9.216e-01   3.331e+00  6  sdss  6508  82S  1 
   33  54040.121547  1  22.281  0.380  0.097  0.182   4.338e+00   1.462e+00   3.893e-01   7.288e-01  9  sdss  6518  82S  1 
   33  54040.118230  2  21.798  0.242  0.085  0.115   6.874e+00   1.517e+00   5.429e-01   7.353e-01  9  sdss  6518  82S  1 
   33  54040.119059  3  21.542  0.237  0.064  0.120   8.587e+00   1.868e+00   5.086e-01   9.621e-01  9  sdss  6518  82S  1 
   32  54040.120718  4  21.733  0.756  0.257  0.497   6.328e+00   5.515e+00   1.951e+00   3.773e+00  9  sdss  6518  82S  1 
    1  54040.119889  0  25.810  2.016  0.443  3.373  -1.325e+00   3.495e+00   6.672e-01   5.080e+00  6  sdss  6518  82S  1 
   33  54047.111571  1  23.316  1.072  1.097  0.555   1.620e+00   1.420e+00   1.743e+00   8.814e-01  9  sdss  6528  82S  1 
   41  54047.108254  2  21.920  0.253  0.348  0.165   6.137e+00   1.418e+00   1.988e+00   9.408e-01  9  sdss  6528  82S  1 
   56  54047.109084  3  21.303  0.187  0.362  0.106   1.073e+01   1.839e+00   3.600e+00   1.057e+00  9  sdss  6528  82S  1 
   40  54047.110742  4  20.619  0.410  0.639  0.370   2.000e+01   7.485e+00   1.215e+01   7.034e+00  9  sdss  6528  82S  1 
  129  54047.109913  0  25.059  2.117  2.238  7.122  -3.894e-01   3.638e+00   2.297e+00   7.310e+00  6  sdss  6528  82S  1 
   32  54050.105172  1  22.405  0.200  0.147  0.300   3.864e+00   7.084e-01   5.246e-01   1.072e+00  9  sdss  6542  82S  1 
   32  54050.101856  2  22.332  0.307  0.225  0.319   4.176e+00   1.176e+00   8.812e-01   1.252e+00  9  sdss  6542  82S  1 
   32  54050.102685  3  21.309  0.174  0.076  0.146   1.067e+01   1.710e+00   7.475e-01   1.441e+00  9  sdss  6542  82S  1 
   32  54050.104343  4  21.198  0.584  0.387  0.664   1.135e+01   6.326e+00   4.458e+00   7.653e+00  9  sdss  6542  82S  1 
    0  54050.103514  0  25.952  1.272  0.279  4.576  -1.558e+00   1.957e+00   4.659e-01   7.627e+00  6  sdss  6542  82S  1 
   32  54053.110944  1  22.279  0.192  0.149  0.365   4.346e+00   7.618e-01   5.981e-01   1.463e+00  9  sdss  6555  82S  1 
   32  54053.107628  2  22.438  0.349  0.284  0.436   3.778e+00   1.208e+00   1.014e+00   1.554e+00  9  sdss  6555  82S  1 
   32  54053.108457  3  21.525  0.227  0.196  0.246   8.724e+00   1.819e+00   1.588e+00   1.993e+00  9  sdss  6555  82S  1 
   32  54053.110115  4  21.463  0.674  0.455  0.739   8.598e+00   5.893e+00   4.229e+00   6.872e+00  9  sdss  6555  82S  1 
    8  54053.109286  0  25.101  1.408  2.292  7.489  -4.332e-01   1.814e+00   2.383e+00   7.786e+00  6  sdss  6555  82S  1 
  130  54056.112261  1  25.983  1.315  2.127  3.961  -5.649e-01   1.084e+00   1.664e+00   3.098e+00  9  sdss  6568  82S  1 
   32  54056.108944  2  22.201  0.307  0.268  0.387   4.721e+00   1.322e+00   1.182e+00   1.710e+00  9  sdss  6568  82S  1 
   32  54056.109774  3  21.174  0.166  0.141  0.165   1.209e+01   1.842e+00   1.577e+00   1.843e+00  9  sdss  6568  82S  1 
  160  54056.111432  4  20.472  0.306  0.216  0.388   2.299e+01   6.478e+00   4.683e+00   8.432e+00  9  sdss  6568  82S  1 
  170  54056.110603  0  22.544  1.126  1.129  3.659   3.639e+00   2.968e+00   3.738e+00   1.211e+01  6  sdss  6568  82S  1 
   32  54057.080834  1  23.001  0.340  0.215  0.501   2.201e+00   6.920e-01   4.500e-01   1.048e+00  9  sdss  6571  82S  1 
   32  54057.077518  2  22.668  0.444  0.306  0.492   3.036e+00   1.232e+00   8.891e-01   1.430e+00  9  sdss  6571  82S  1 
   32  54057.078347  3  20.876  0.125  0.067  0.103   1.592e+01   1.827e+00   9.810e-01   1.512e+00  9  sdss  6571  82S  1 
   32  54057.080005  4  21.008  0.533  0.334  0.601   1.372e+01   6.795e+00   4.526e+00   8.137e+00  9  sdss  6571  82S  1 
  128  54057.079176  0  25.439  1.363  0.274  5.715  -8.144e-01   1.817e+00   3.296e-01   6.860e+00  6  sdss  6571  82S  1 
   32  54059.106234  1  22.772  0.302  0.269  0.524   2.738e+00   7.569e-01   6.904e-01   1.343e+00  9  sdss  6580  82S  1 
   32  54059.102917  2  22.831  0.492  0.319  0.544   2.594e+00   1.172e+00   8.020e-01   1.370e+00  9  sdss  6580  82S  1 
   32  54059.103746  3  21.979  0.337  0.217  0.365   5.702e+00   1.763e+00   1.169e+00   1.964e+00  9  sdss  6580  82S  1 
   32  54059.105405  4  20.801  0.374  0.172  0.488   1.679e+01   5.858e+00   2.793e+00   7.905e+00  9  sdss  6580  82S  1 
    2  54059.104575  0  24.965  1.600  0.877  8.731  -2.939e-01   2.190e+00   8.787e-01   8.748e+00  6  sdss  6580  82S  1 
   32  54061.117020  1  22.850  0.383  0.330  0.832   2.542e+00   8.831e-01   7.881e-01   1.990e+00  9  sdss  6590  82S  1 
   32  54061.113703  2  22.693  0.488  0.308  0.565   2.964e+00   1.312e+00   8.747e-01   1.605e+00  9  sdss  6590  82S  1 
   32  54061.114533  3  21.748  0.326  0.293  0.350   7.085e+00   2.102e+00   1.941e+00   2.321e+00  9  sdss  6590  82S  1 
    0  54061.116191  4  22.912  1.129  0.915  1.393  -3.863e-01   6.563e+00   4.472e+00   6.811e+00  9  sdss  6590  82S  1 
  162  54061.115362  0  22.945  1.090  0.415  3.913   2.457e+00   2.164e+00   9.738e-01   9.183e+00  6  sdss  6590  82S  1 
   34  54062.110813  1  22.745  0.367  0.537  0.890   2.809e+00   9.312e-01   1.411e+00   2.338e+00  9  sdss  6596  82S  1 
   32  54062.107496  2  22.082  0.293  0.244  0.420   5.277e+00   1.410e+00   1.200e+00   2.067e+00  9  sdss  6596  82S  1 
   32  54062.108325  3  22.050  0.430  0.358  0.490   5.332e+00   2.076e+00   1.808e+00   2.472e+00  9  sdss  6596  82S  1 
    0  54062.109984  4  22.940  1.197  1.197  1.806  -5.236e-01   7.105e+00   5.868e+00   8.849e+00  9  sdss  6596  82S  1 
   34  54062.109155  0  23.915  1.750  1.174  9.811   7.871e-01   2.622e+00   1.393e+00   1.164e+01  6  sdss  6596  82S  1 
   35  54068.100310  1  22.088  0.461  0.294  0.470   5.191e+00   2.077e+00   1.401e+00   2.240e+00  9  sdss  6615  82S  1 
   35  54068.096993  2  22.981  1.200  0.751  1.123   2.239e+00   2.140e+00   1.658e+00   2.482e+00  9  sdss  6615  82S  1 
   34  54068.097822  3  21.888  0.522  0.500  0.714   6.212e+00   2.846e+00   2.921e+00   4.169e+00  9  sdss  6615  82S  1 
   34  54068.099481  4  20.350  0.346  0.289  0.560   2.579e+01   8.136e+00   6.998e+00   1.356e+01  9  sdss  6615  82S  1 
  163  54068.098651  0  21.848  1.245  0.705  2.386   7.009e+00   5.609e+00   4.354e+00   1.473e+01  6  sdss  6615  82S  1 
