# SDSS CID:   7698 IAU:          RA:   5.702481 DEC:  -1.229564  (J2000)
# GALAXY_SB [ugriz] = [ 23.38 22.82 22.37 21.69 21.17 ] +/- [  0.26  0.04  0.03  0.02  0.05 ] (asinh mag/square arcsec)
# GALAXY_SB_FLUX [ugriz] = [  1.505E+00  2.606E+00  4.038E+00  7.488E+00  1.157E+01 ] +/- [  4.390E-01  1.081E-01  1.147E-01  1.724E-01  6.422E-01 ] (microJy per square arcsec)
#FLAG  MJD       FILT  MAG     MERR  MSKYERR MGALERR  FLUX       FLUXERR    SKYERR     GALERR    NPRE TELE   RUN  STRIP  IDCCD
   32  53622.344555  1  23.212  0.398  0.046  0.599   1.795e+00   6.663e-01   8.048e-02   1.038e+00  9  sdss  5582  82S  1 
  160  53622.341238  2  22.869  0.389  0.190  0.334   2.499e+00   9.108e-01   4.597e-01   8.098e-01  12  sdss  5582  82S  1 
   32  53622.342067  3  22.516  0.463  0.201  0.320   3.402e+00   1.475e+00   6.696e-01   1.067e+00  12  sdss  5582  82S  1 
    0  53622.343726  4  22.942  0.961  1.048  0.943  -5.324e-01   5.339e+00   5.134e+00   4.620e+00  11  sdss  5582  82S  1 
   40  53622.342896  0  22.873  0.733  0.745  1.836   2.640e+00   1.658e+00   1.861e+00   4.588e+00  9  sdss  5582  82S  1 
   33  53627.301626  1  23.103  0.603  0.167  0.412   1.996e+00   1.060e+00   3.189e-01   7.849e-01  9  sdss  5607  82S  1 
   32  53627.298309  2  23.017  0.622  0.279  0.423   2.160e+00   1.229e+00   5.946e-01   9.037e-01  12  sdss  5607  82S  1 
   32  53627.299138  3  23.053  0.764  0.146  0.486   1.955e+00   1.536e+00   3.133e-01   1.045e+00  12  sdss  5607  82S  1 
    0  53627.300797  4  23.094  0.799  0.367  0.684  -1.287e+00   4.332e+00   1.838e+00   3.431e+00  11  sdss  5607  82S  1 
    1  53627.299967  0  27.471  0.501  0.218  0.772  -6.930e+00   2.876e+00   1.331e+00   4.727e+00  9  sdss  5607  82S  1 
   33  53634.294267  1  23.262  0.977  0.228  0.456   1.709e+00   1.373e+00   3.790e-01   7.561e-01  9  sdss  5619  82S  1 
   33  53634.290950  2  23.727  1.275  0.150  0.780   1.006e+00   1.514e+00   1.831e-01   9.507e-01  12  sdss  5619  82S  1 
   32  53634.291779  3  23.671  1.238  0.411  1.046   8.750e-01   1.939e+00   5.875e-01   1.496e+00  12  sdss  5619  82S  1 
   32  53634.293438  4  22.467  0.862  0.179  0.794   1.818e+00   4.810e+00   9.220e-01   4.090e+00  11  sdss  5619  82S  1 
   33  53634.292608  0  24.269  2.102  0.951  4.449   3.931e-01   3.589e+00   9.779e-01   4.572e+00  9  sdss  5619  82S  1 
   33  53638.335261  1  23.061  0.317  0.090  0.204   2.078e+00   6.109e-01   1.787e-01   4.026e-01  9  sdss  5637  82S  1 
   32  53638.331943  2  23.221  0.469  0.047  0.208   1.760e+00   8.109e-01   8.465e-02   3.748e-01  12  sdss  5637  82S  1 
   32  53638.332773  3  22.995  0.562  0.071  0.224   2.080e+00   1.207e+00   1.587e-01   5.038e-01  12  sdss  5637  82S  1 
   32  53638.334431  4  22.397  0.702  0.293  0.427   2.181e+00   3.868e+00   1.545e+00   2.247e+00  11  sdss  5637  82S  1 
   33  53638.333602  0  22.580  0.553  0.019  0.679   3.512e+00   1.659e+00   6.150e-02   2.183e+00  9  sdss  5637  82S  1 
   32  53640.299655  1  23.302  0.492  0.160  0.642   1.643e+00   7.499e-01   2.562e-01   1.030e+00  9  sdss  5646  82S  1 
   32  53640.296338  2  22.527  0.282  0.049  0.234   3.471e+00   9.054e-01   1.603e-01   7.666e-01  12  sdss  5646  82S  1 
   32  53640.297167  3  22.453  0.396  0.100  0.282   3.619e+00   1.346e+00   3.530e-01   9.955e-01  12  sdss  5646  82S  1 
  128  53640.298826  4  22.900  0.918  0.565  1.220  -3.301e-01   5.033e+00   2.763e+00   5.963e+00  11  sdss  5646  82S  1 
   32  53640.297996  0  22.491  0.596  0.197  1.313   3.827e+00   1.910e+00   6.856e-01   4.564e+00  9  sdss  5646  82S  1 
   33  53655.271431  1  24.707  1.366  0.509  1.700   2.479e-01   1.055e+00   3.207e-01   1.072e+00  9  sdss  5713  82S  1 
   32  53655.268114  2  23.130  0.635  0.246  0.412   1.931e+00   1.143e+00   4.771e-01   8.002e-01  12  sdss  5713  82S  1 
    0  53655.268943  3  24.476  1.185  0.858  1.203  -1.348e-01   1.703e+00   1.022e+00   1.432e+00  12  sdss  5713  82S  1 
    0  53655.270601  4  24.493  0.466  0.372  0.398  -1.165e+01   5.228e+00   4.358e+00   4.658e+00  11  sdss  5713  82S  1 
    1  53655.269772  0  24.954  1.716  1.305  5.143  -2.826e-01   2.458e+00   1.305e+00   5.141e+00  9  sdss  5713  82S  1 
   41  53664.295905  1  23.048  0.583  0.723  0.294   2.104e+00   1.079e+00   1.444e+00   5.871e-01  9  sdss  5754  82S  1 
   57  53664.292588  2  22.640  0.431  0.899  0.177   3.117e+00   1.221e+00   2.665e+00   5.260e-01  12  sdss  5754  82S  1 
   57  53664.293417  3  22.381  0.448  0.883  0.205   3.882e+00   1.606e+00   3.316e+00   7.687e-01  12  sdss  5754  82S  1 
   40  53664.295076  4  21.675  0.625  0.768  0.409   6.781e+00   4.749e+00   6.054e+00   3.221e+00  11  sdss  5754  82S  1 
   33  53664.294247  0  24.206  1.941  1.281  3.792   4.589e-01   3.083e+00   1.343e+00   3.975e+00  9  sdss  5754  82S  1 
   32  53669.255189  1  22.671  0.192  0.062  0.181   3.010e+00   5.313e-01   1.738e-01   5.069e-01  9  sdss  5776  82S  1 
   32  53669.251873  2  22.644  0.273  0.063  0.141   3.105e+00   7.924e-01   1.868e-01   4.170e-01  12  sdss  5776  82S  1 
   32  53669.252702  3  22.846  0.539  0.135  0.278   2.437e+00   1.298e+00   3.426e-01   7.030e-01  12  sdss  5776  82S  1 
   32  53669.254360  4  21.687  0.571  0.043  0.390   6.686e+00   4.330e+00   3.394e-01   3.045e+00  11  sdss  5776  82S  1 
   32  53669.253531  0  22.557  0.490  0.027  0.793   3.591e+00   1.520e+00   9.013e-02   2.601e+00  9  sdss  5776  82S  1 
   32  53671.339781  1  22.725  0.254  0.023  0.307   2.860e+00   6.647e-01   6.187e-02   8.173e-01  9  sdss  5786  82S  1 
   32  53671.336464  2  22.996  0.472  0.093  0.344   2.206e+00   9.783e-01   2.021e-01   7.481e-01  12  sdss  5786  82S  1 
   32  53671.337294  3  22.707  0.531  0.149  0.333   2.811e+00   1.428e+00   4.232e-01   9.444e-01  12  sdss  5786  82S  1 
    0  53671.338952  4  23.373  0.787  0.463  0.594  -2.745e+00   4.514e+00   2.540e+00   3.256e+00  11  sdss  5786  82S  1 
 1192  53671.338123  0  24.546  1.535  1.299  4.319   1.165e-01   2.037e+00   1.266e+00   4.208e+00  9  sdss  5786  82S  1 
   32  53674.238965  1  22.527  0.176  0.027  0.181   3.446e+00   5.565e-01   8.471e-02   5.769e-01  9  sdss  5797  82S  1 
   32  53674.235648  2  22.876  0.346  0.039  0.215   2.482e+00   8.121e-01   9.357e-02   5.187e-01  12  sdss  5797  82S  1 
   32  53674.236477  3  23.244  0.701  0.262  0.426   1.571e+00   1.259e+00   4.893e-01   7.949e-01  12  sdss  5797  82S  1 
   32  53674.238136  4  22.368  0.692  0.224  0.568   2.335e+00   3.834e+00   1.193e+00   3.024e+00  11  sdss  5797  82S  1 
   32  53674.237307  0  23.402  1.057  0.158  1.784   1.521e+00   1.610e+00   2.597e-01   2.929e+00  9  sdss  5797  82S  1 
    0  53676.328271  1  22.620  0.197  0.025  0.167   3.158e+00   5.700e-01   7.441e-02   4.887e-01  9  sdss  5807  82S  1 
   32  53676.324954  2  22.508  0.248  0.078  0.123   3.535e+00   8.139e-01   2.612e-01   4.085e-01  12  sdss  5807  82S  1 
   32  53676.325783  3  22.523  0.376  0.086  0.165   3.379e+00   1.210e+00   2.847e-01   5.480e-01  12  sdss  5807  82S  1 
    0  53676.327441  4  21.712  0.479  0.128  0.272   6.491e+00   3.597e+00   9.836e-01   2.092e+00  11  sdss  5807  82S  1 
   32  53676.326612  0  22.112  0.355  0.046  0.517   5.476e+00   1.677e+00   2.222e-01   2.521e+00  9  sdss  5807  82S  1 
   32  53679.300338  1  22.859  0.284  0.021  0.409   2.519e+00   6.576e-01   4.891e-02   9.650e-01  9  sdss  5820  82S  1 
   32  53679.297021  2  22.296  0.268  0.070  0.211   4.318e+00   1.063e+00   2.824e-01   8.503e-01  12  sdss  5820  82S  1 
   32  53679.297851  3  23.201  0.910  0.517  0.714   1.653e+00   1.652e+00   9.935e-01   1.373e+00  12  sdss  5820  82S  1 
   32  53679.299509  4  22.373  0.938  0.255  0.882   2.309e+00   5.410e+00   1.356e+00   4.688e+00  11  sdss  5820  82S  1 
   32  53679.298680  0  22.302  0.504  0.093  1.213   4.578e+00   1.946e+00   3.821e-01   4.983e+00  9  sdss  5820  82S  1 
   40  53681.291681  1  22.559  0.218  0.112  0.223   3.344e+00   6.648e-01   3.468e-01   6.909e-01  9  sdss  5836  82S  1 
   32  53681.288364  2  22.681  0.336  0.141  0.158   2.998e+00   9.353e-01   4.041e-01   4.517e-01  12  sdss  5836  82S  1 
   32  53681.289193  3  22.223  0.324  0.095  0.142   4.520e+00   1.360e+00   4.075e-01   6.145e-01  12  sdss  5836  82S  1 
    0  53681.290851  4  22.928  0.878  0.297  0.639  -4.632e-01   4.773e+00   1.452e+00   3.129e+00  11  sdss  5836  82S  1 
    0  53681.290022  0  21.797  0.322  0.082  0.530   7.345e+00   2.030e+00   5.327e-01   3.434e+00  9  sdss  5836  82S  1 
  161  53685.250394  1  22.936  1.154  0.461  0.337   2.344e+00   1.992e+00   1.018e+00   7.438e-01  9  sdss  5853  82S  1 
   33  53685.247077  2  23.188  1.168  0.614  0.323   1.821e+00   1.822e+00   1.135e+00   5.967e-01  12  sdss  5853  82S  1 
   33  53685.247907  3  22.523  0.672  0.183  0.232   3.379e+00   2.037e+00   6.057e-01   7.706e-01  12  sdss  5853  82S  1 
   32  53685.249565  4  21.429  0.632  0.094  0.381   8.919e+00   5.665e+00   8.938e-01   3.614e+00  11  sdss  5853  82S  1 
    1  53685.248736  0  26.895  1.629  0.363  0.977  -4.032e+00   4.118e+00   1.322e+00   3.562e+00  9  sdss  5853  82S  1 
   40  53697.247524  1  23.337  0.384  0.164  0.378   1.587e+00   5.787e-01   2.545e-01   5.885e-01  9  sdss  5895  82S  1 
   32  53697.244208  2  22.820  0.340  0.125  0.211   2.622e+00   8.369e-01   3.157e-01   5.348e-01  12  sdss  5895  82S  1 
   32  53697.245037  3  23.189  0.664  0.135  0.361   1.676e+00   1.235e+00   2.620e-01   7.014e-01  12  sdss  5895  82S  1 
   32  53697.246695  4  21.577  0.475  0.189  0.367   7.581e+00   3.911e+00   1.603e+00   3.109e+00  11  sdss  5895  82S  1 
  160  53697.245866  0  22.685  0.617  0.203  1.134   3.175e+00   1.670e+00   5.966e-01   3.326e+00  9  sdss  5895  82S  1 
  168  53700.246166  1  23.407  0.463  0.326  0.688   1.479e+00   6.505e-01   4.784e-01   1.008e+00  9  sdss  5905  82S  1 
   32  53700.242849  2  23.032  0.501  0.124  0.438   2.129e+00   1.004e+00   2.611e-01   9.223e-01  12  sdss  5905  82S  1 
   32  53700.243678  3  22.831  0.606  0.307  0.427   2.476e+00   1.460e+00   7.875e-01   1.094e+00  12  sdss  5905  82S  1 
    0  53700.245336  4  20.934  0.393  0.118  0.387   1.475e+01   5.439e+00   1.693e+00   5.539e+00  11  sdss  5905  82S  1 
    0  53700.244507  0  25.794  1.404  0.432  3.504  -1.302e+00   2.066e+00   6.447e-01   5.230e+00  9  sdss  5905  82S  1 
   32  53705.232171  1  23.368  0.410  0.057  0.477   1.538e+00   5.997e-01   8.638e-02   7.232e-01  9  sdss  5924  82S  1 
   32  53705.228854  2  23.359  0.520  0.099  0.310   1.525e+00   8.015e-01   1.589e-01   4.988e-01  12  sdss  5924  82S  1 
   32  53705.229683  3  23.385  0.736  0.351  0.445   1.319e+00   1.219e+00   5.946e-01   7.541e-01  12  sdss  5924  82S  1 
    0  53705.231341  4  23.065  0.710  0.241  0.669  -1.140e+00   3.774e+00   1.201e+00   3.336e+00  11  sdss  5924  82S  1 
   32  53705.230512  0  24.317  1.331  0.331  3.387   3.436e-01   1.660e+00   3.354e-01   3.435e+00  9  sdss  5924  82S  1 
