# SDSS CID:   2018 IAU:          RA: 329.002686 DEC:   0.473734  (J2000)
# GALAXY_SB [ugriz] = [ 23.10 22.70 22.06 21.87 21.61 ] +/- [  0.00  0.00  0.00  0.00  0.00 ] (asinh mag/square arcsec)
# GALAXY_SB_FLUX [ugriz] = [  2.031E+00  2.923E+00  5.361E+00  6.291E+00  7.263E+00 ] +/- [  0.000E+00  0.000E+00  0.000E+00  0.000E+00  0.000E+00 ] (microJy per square arcsec)
#FLAG  MJD       FILT  MAG     MERR  MSKYERR MGALERR  FLUX       FLUXERR    SKYERR     GALERR    NPRE TELE   RUN  STRIP  IDCCD
  288  53622.242488  1  22.992  0.364  0.319  0.000   2.221e+00   7.507e-01   6.794e-01   0.000e+00  11  sdss  5582  82S  5 
  288  53622.239171  2  22.829  0.417  0.317  0.000   2.601e+00   1.012e+00   7.995e-01   0.000e+00  12  sdss  5582  82S  5 
  288  53622.240001  3  22.762  0.662  0.389  0.000   2.660e+00   1.669e+00   1.057e+00   0.000e+00  11  sdss  5582  82S  5 
  288  53622.241659  4  22.312  0.916  0.580  0.000   2.637e+00   5.336e+00   3.158e+00   0.000e+00  10  sdss  5582  82S  5 
  264  53622.240830  0  22.915  0.970  0.796  0.000   2.533e+00   2.093e+00   2.003e+00   0.000e+00  8  sdss  5582  82S  5 
  257  53625.238556  1  22.592  0.211  0.066  0.000   3.244e+00   6.364e-01   2.022e-01   0.000e+00  11  sdss  5597  82S  5 
  256  53625.235239  2  22.350  0.212  0.049  0.000   4.106e+00   8.084e-01   1.892e-01   0.000e+00  12  sdss  5597  82S  5 
  288  53625.236069  3  22.785  0.467  0.107  0.000   2.598e+00   1.196e+00   2.851e-01   0.000e+00  11  sdss  5597  82S  5 
  256  53625.237727  4  22.928  0.658  0.122  0.000  -4.648e-01   3.417e+00   5.989e-01   0.000e+00  10  sdss  5597  82S  5 
  256  53625.236898  0  22.670  0.510  0.081  0.000   3.222e+00   1.496e+00   2.535e-01   0.000e+00  8  sdss  5597  82S  5 
  257  53627.199699  1  22.651  0.391  0.108  0.000   3.069e+00   1.086e+00   3.126e-01   0.000e+00  11  sdss  5607  82S  5 
  289  53627.196382  2  22.355  0.284  0.068  0.000   4.087e+00   1.069e+00   2.630e-01   0.000e+00  12  sdss  5607  82S  5 
  288  53627.197211  3  22.384  0.420  0.158  0.000   3.873e+00   1.516e+00   5.928e-01   0.000e+00  11  sdss  5607  82S  5 
  416  53627.198870  4  22.474  0.779  0.337  0.000   1.779e+00   4.278e+00   1.731e+00   0.000e+00  10  sdss  5607  82S  5 
  265  53627.198040  0  22.629  1.009  0.634  0.000   3.352e+00   2.686e+00   2.044e+00   0.000e+00  8  sdss  5607  82S  5 
  419  53634.191535  1  22.408  0.729  0.495  0.000   3.854e+00   2.305e+00   1.781e+00   0.000e+00  11  sdss  5619  82S  5 
  290  53634.188219  2  22.662  0.793  0.414  0.000   3.054e+00   2.025e+00   1.211e+00   0.000e+00  12  sdss  5619  82S  5 
  386  53634.189048  3  24.627  1.517  1.793  0.000  -3.173e-01   2.455e+00   2.187e+00   0.000e+00  11  sdss  5619  82S  5 
  290  53634.190706  4  21.405  0.804  0.460  0.000   9.153e+00   7.180e+00   4.476e+00   0.000e+00  10  sdss  5619  82S  5 
  257  53634.189877  0  22.531  2.515  0.549  0.000   3.684e+00   6.391e+00   1.929e+00   0.000e+00  8  sdss  5619  82S  5 
  297  53636.197335  1  23.123  0.376  0.450  0.000   1.957e+00   6.891e-01   8.535e-01   0.000e+00  11  sdss  5628  82S  5 
  296  53636.194018  2  22.785  0.336  0.265  0.000   2.713e+00   8.589e-01   6.947e-01   0.000e+00  12  sdss  5628  82S  5 
  264  53636.194847  3  22.468  0.384  0.375  0.000   3.568e+00   1.296e+00   1.310e+00   0.000e+00  11  sdss  5628  82S  5 
  288  53636.196506  4  22.236  0.666  0.311  0.000   3.059e+00   3.841e+00   1.753e+00   0.000e+00  10  sdss  5628  82S  5 
  256  53636.195677  0  23.402  1.108  0.135  0.000   1.519e+00   1.724e+00   2.292e-01   0.000e+00  8  sdss  5628  82S  5 
  257  53655.168046  1  26.091  1.333  0.472  0.000  -6.525e-01   1.139e+00   3.967e-01   0.000e+00  11  sdss  5713  82S  5 
  289  53655.164729  2  24.202  1.187  0.449  0.000   5.039e-01   1.217e+00   4.149e-01   0.000e+00  12  sdss  5713  82S  5 
  288  53655.165559  3  23.095  0.812  0.459  0.000   1.865e+00   1.583e+00   9.575e-01   0.000e+00  11  sdss  5713  82S  5 
  416  53655.167217  4  21.842  0.655  0.275  0.000   5.531e+00   4.518e+00   1.938e+00   0.000e+00  10  sdss  5713  82S  5 
  257  53655.166388  0  23.127  1.381  0.303  0.000   2.042e+00   2.452e+00   6.402e-01   0.000e+00  8  sdss  5713  82S  5 
  257  53664.192121  1  26.780  0.891  0.373  0.000  -1.408e+00   1.117e+00   5.306e-01   0.000e+00  11  sdss  5754  82S  5 
  288  53664.188804  2  23.769  1.050  0.407  0.000   9.563e-01   1.210e+00   4.840e-01   0.000e+00  12  sdss  5754  82S  5 
  288  53664.189633  3  22.371  0.480  0.290  0.000   3.922e+00   1.732e+00   1.102e+00   0.000e+00  11  sdss  5754  82S  5 
  256  53664.191291  4  22.934  0.849  0.350  0.000  -4.943e-01   4.587e+00   1.716e+00   0.000e+00  10  sdss  5754  82S  5 
  257  53664.190462  0  23.738  1.817  0.575  0.000   1.012e+00   2.864e+00   7.717e-01   0.000e+00  8  sdss  5754  82S  5 
  288  53666.155876  1  23.388  0.333  0.092  0.000   1.508e+00   4.911e-01   1.394e-01   0.000e+00  11  sdss  5763  82S  5 
  288  53666.152559  2  23.480  0.548  0.096  0.000   1.338e+00   7.732e-01   1.405e-01   0.000e+00  12  sdss  5763  82S  5 
  288  53666.153388  3  22.743  0.472  0.101  0.000   2.712e+00   1.250e+00   2.787e-01   0.000e+00  11  sdss  5763  82S  5 
  288  53666.155047  4  22.477  0.704  0.168  0.000   1.764e+00   3.814e+00   8.644e-01   0.000e+00  10  sdss  5763  82S  5 
  288  53666.154217  0  24.349  1.136  0.327  0.000   3.114e-01   1.336e+00   3.304e-01   0.000e+00  8  sdss  5763  82S  5 
  288  53669.151213  1  23.904  0.521  0.249  0.000   8.738e-01   5.039e-01   2.482e-01   0.000e+00  11  sdss  5776  82S  5 
  288  53669.147896  2  23.538  0.560  0.162  0.000   1.254e+00   7.565e-01   2.275e-01   0.000e+00  12  sdss  5776  82S  5 
  256  53669.148726  3  22.779  0.467  0.134  0.000   2.614e+00   1.203e+00   3.603e-01   0.000e+00  11  sdss  5776  82S  5 
  256  53669.150384  4  21.792  0.513  0.149  0.000   5.891e+00   3.664e+00   1.087e+00   0.000e+00  10  sdss  5776  82S  5 
  288  53669.149555  0  24.608  1.156  0.101  0.000   5.613e-02   1.344e+00   9.843e-02   0.000e+00  8  sdss  5776  82S  5 
  288  53671.235726  1  23.475  0.616  0.566  0.000   1.382e+00   8.056e-01   7.941e-01   0.000e+00  11  sdss  5786  82S  5 
  288  53671.232410  2  24.022  1.142  0.826  0.000   6.778e-01   1.213e+00   8.371e-01   0.000e+00  12  sdss  5786  82S  5 
  288  53671.233239  3  22.537  0.660  0.446  0.000   3.334e+00   1.990e+00   1.467e+00   0.000e+00  11  sdss  5786  82S  5 
  288  53671.234897  4  22.301  0.987  0.503  0.000   2.697e+00   5.838e+00   2.755e+00   0.000e+00  10  sdss  5786  82S  5 
  256  53671.234068  0  22.008  0.506  0.185  0.000   6.038e+00   2.667e+00   1.042e+00   0.000e+00  8  sdss  5786  82S  5 
  288  53674.134807  1  23.974  0.563  0.084  0.000   8.058e-01   5.176e-01   7.938e-02   0.000e+00  11  sdss  5797  82S  5 
  288  53674.131490  2  22.514  0.268  0.116  0.000   3.517e+00   8.782e-01   3.864e-01   0.000e+00  12  sdss  5797  82S  5 
  288  53674.132320  3  24.033  0.948  0.431  0.000   3.956e-01   1.300e+00   5.332e-01   0.000e+00  11  sdss  5797  82S  5 
  256  53674.133978  4  23.735  0.574  0.250  0.000  -4.923e+00   3.777e+00   1.661e+00   0.000e+00  10  sdss  5797  82S  5 
  264  53674.133149  0  22.650  0.509  0.365  0.000   3.285e+00   1.519e+00   1.154e+00   0.000e+00  8  sdss  5797  82S  5 
  288  53676.224042  1  24.050  0.582  0.181  0.000   7.357e-01   5.086e-01   1.622e-01   0.000e+00  11  sdss  5807  82S  5 
  288  53676.220725  2  22.753  0.301  0.099  0.000   2.798e+00   7.958e-01   2.666e-01   0.000e+00  12  sdss  5807  82S  5 
  288  53676.221554  3  22.496  0.375  0.141  0.000   3.471e+00   1.239e+00   4.807e-01   0.000e+00  11  sdss  5807  82S  5 
  288  53676.223213  4  22.825  0.666  0.174  0.000   3.867e-02   3.456e+00   8.501e-01   0.000e+00  10  sdss  5807  82S  5 
  256  53676.222384  0  22.840  0.624  0.215  0.000   2.729e+00   1.549e+00   5.774e-01   0.000e+00  8  sdss  5807  82S  5 
  288  53679.195594  1  23.976  0.732  0.371  0.000   8.039e-01   6.623e-01   3.509e-01   0.000e+00  11  sdss  5820  82S  5 
  288  53679.192277  2  22.952  0.462  0.213  0.000   2.306e+00   1.001e+00   4.829e-01   0.000e+00  12  sdss  5820  82S  5 
  288  53679.193106  3  23.435  0.882  0.576  0.000   1.237e+00   1.429e+00   9.453e-01   0.000e+00  11  sdss  5820  82S  5 
  256  53679.194765  4  23.799  0.648  0.398  0.000  -5.358e+00   4.407e+00   2.757e+00   0.000e+00  10  sdss  5820  82S  5 
  296  53679.193935  0  23.399  1.180  0.863  0.000   1.524e+00   1.835e+00   1.468e+00   0.000e+00  8  sdss  5820  82S  5 
  288  53681.187305  1  23.318  0.354  0.142  0.000   1.617e+00   5.524e-01   2.278e-01   0.000e+00  11  sdss  5836  82S  5 
  312  53681.183988  2  22.996  0.459  1.008  0.000   2.208e+00   9.603e-01   2.203e+00   0.000e+00  12  sdss  5836  82S  5 
  288  53681.184817  3  22.887  0.563  0.297  0.000   2.337e+00   1.313e+00   7.293e-01   0.000e+00  11  sdss  5836  82S  5 
  256  53681.186476  4  23.144  0.681  0.190  0.000  -1.540e+00   3.647e+00   9.657e-01   0.000e+00  10  sdss  5836  82S  5 
  256  53681.185647  0  23.163  0.840  0.076  0.000   1.967e+00   1.557e+00   1.567e-01   0.000e+00  8  sdss  5836  82S  5 
 1305  53685.145913  1  22.591  0.605  7.015  0.000   3.247e+00   1.685e+00   2.138e+01   0.000e+00  11  sdss  5853  82S  5 
  257  53685.142596  2  22.378  0.420  0.133  0.000   3.999e+00   1.514e+00   5.002e-01   0.000e+00  12  sdss  5853  82S  5 
  297  53685.143426  3  22.676  0.651  0.656  0.000   2.903e+00   1.760e+00   1.916e+00   0.000e+00  11  sdss  5853  82S  5 
 1465  53685.145084  4  22.196  0.839  6.594  0.000   3.286e+00   4.991e+00   3.782e+01   0.000e+00  10  sdss  5853  82S  5 
  393  53685.144255  0  23.435  1.977  1.517  0.000   1.464e+00   3.453e+00   2.511e+00   0.000e+00  8  sdss  5853  82S  5 
  257  53687.183879  1  22.999  0.875  0.138  0.000   2.206e+00   1.580e+00   2.912e-01   0.000e+00  11  sdss  5870  82S  5 
  289  53687.180563  2  23.318  0.923  0.171  0.000   1.592e+00   1.379e+00   2.863e-01   0.000e+00  12  sdss  5870  82S  5 
  257  53687.181392  3  26.752  0.896  0.062  0.000  -5.737e+00   4.062e+00   3.344e-01   0.000e+00  11  sdss  5870  82S  5 
  256  53687.183050  4  22.842  0.797  0.283  0.000  -4.433e-02   4.247e+00   1.380e+00   0.000e+00  10  sdss  5870  82S  5 
  257  53687.182221  0  23.795  2.181  0.730  0.000   9.367e-01   3.954e+00   9.449e-01   0.000e+00  8  sdss  5870  82S  5 
 1284  53697.142382  1  22.749  1.586  0.987  0.000   2.798e+00   2.830e+00   2.608e+00   0.000e+00  11  sdss  5895  82S  5 
 1324  53697.139066  2  22.626  2.950  3.140  0.000   3.161e+00   7.250e+00   9.484e+00   0.000e+00  12  sdss  5895  82S  5 
 1284  53697.139895  3  24.630  2.627  3.105  0.000  -3.210e-01   7.175e+00   3.789e+00   0.000e+00  11  sdss  5895  82S  5 
 1284  53697.141553  4  20.895  1.619  0.489  0.000   1.534e+01   1.779e+01   7.295e+00   0.000e+00  10  sdss  5895  82S  5 
 1284  53697.140724  0  25.812  2.773  1.556  0.000  -1.329e+00   6.846e+00   2.423e+00   0.000e+00  8  sdss  5895  82S  5 
  288  53700.141414  1  23.421  0.391  0.210  0.000   1.459e+00   5.557e-01   3.073e-01   0.000e+00  11  sdss  5905  82S  5 
  288  53700.138098  2  22.583  0.301  0.180  0.000   3.293e+00   9.231e-01   5.642e-01   0.000e+00  12  sdss  5905  82S  5 
  288  53700.138927  3  23.524  0.920  0.514  0.000   1.095e+00   1.439e+00   7.985e-01   0.000e+00  11  sdss  5905  82S  5 
  256  53700.140585  4  21.766  0.561  0.186  0.000   6.082e+00   4.066e+00   1.384e+00   0.000e+00  10  sdss  5905  82S  5 
  256  53700.139756  0  23.355  1.030  0.056  0.000   1.601e+00   1.650e+00   9.783e-02   0.000e+00  8  sdss  5905  82S  5 
  288  53705.127377  1  23.348  0.431  0.437  0.000   1.570e+00   6.467e-01   6.823e-01   0.000e+00  11  sdss  5924  82S  5 
  416  53705.124060  2  22.913  0.479  0.365  0.000   2.396e+00   1.069e+00   8.577e-01   0.000e+00  12  sdss  5924  82S  5 
  288  53705.124890  3  22.238  0.368  0.209  0.000   4.458e+00   1.521e+00   8.921e-01   0.000e+00  11  sdss  5924  82S  5 
  416  53705.126548  4  22.259  0.788  0.464  0.000   2.929e+00   4.569e+00   2.585e+00   0.000e+00  10  sdss  5924  82S  5 
  264  53705.125719  0  25.466  1.315  1.734  0.000  -8.472e-01   1.757e+00   2.154e+00   0.000e+00  8  sdss  5924  82S  5 
