# SDSS CID:  14528 IAU:          RA: 349.935120 DEC:   0.479595  (J2000)
# GALAXY_SB [ugriz] = [ 24.18 24.34 23.95 23.71 22.28 ] +/- [  0.28  0.12  0.10  0.11  0.10 ] (asinh mag/square arcsec)
# GALAXY_SB_FLUX [ugriz] = [  4.533E-01  4.993E-01  7.572E-01  8.216E-01  2.766E+00 ] +/- [  2.988E-01  9.139E-02  1.020E-01  1.509E-01  5.658E-01 ] (microJy per square arcsec)
#FLAG  MJD       FILT  MAG     MERR  MSKYERR MGALERR  FLUX       FLUXERR    SKYERR     GALERR    NPRE TELE   RUN  STRIP  IDCCD
    0  53975.276609  1  25.480  0.812  0.795  1.069  -2.173e-01   5.419e-01   4.944e-01   6.650e-01  12  sdss  6287  82S  5 
    0  53975.273292  2  25.112  0.912  0.779  0.809  -2.508e-01   8.349e-01   6.480e-01   6.726e-01  12  sdss  6287  82S  5 
    0  53975.274121  3  25.243  0.869  0.395  0.549  -1.162e+00   1.379e+00   6.300e-01   8.759e-01  11  sdss  6287  82S  5 
    0  53975.275779  4  22.078  0.735  0.270  0.528   3.987e+00   4.525e+00   1.645e+00   3.220e+00  11  sdss  6287  82S  5 
 1152  53975.274950  0  25.847  1.182  0.117  1.759  -1.384e+00   1.769e+00   1.878e-01   2.812e+00  8  sdss  6287  82S  5 
 1165  53993.344707  1  20.669  1.866  2.234  0.043   1.924e+01   1.814e+01   3.967e+01   7.633e-01  12  sdss  6348  82S  5 
  152  53993.341390  2  23.928  1.072  4.809  0.646   7.766e-01   1.162e+00   5.158e+00   6.935e-01  12  sdss  6348  82S  5 
 1180  53993.342219  3  22.773  0.669  3.300  0.307   2.630e+00   1.669e+00   8.893e+00   8.278e-01  11  sdss  6348  82S  5 
 1164  53993.343878  4  26.240  2.770  2.704  0.070  -6.093e+01   6.890e+01   1.520e+02   3.931e+00  11  sdss  6348  82S  5 
 1164  53993.343049  0  21.523  0.757  0.496  0.286   9.473e+00   5.751e+00   4.347e+00   2.507e+00  8  sdss  6348  82S  5 
    0  53996.283572  1  23.681  0.448  0.200  0.434   1.116e+00   5.140e-01   2.376e-01   5.144e-01  12  sdss  6367  82S  5 
    0  53996.280255  2  23.690  0.657  0.313  0.463   1.052e+00   7.973e-01   3.932e-01   5.816e-01  12  sdss  6367  82S  5 
    0  53996.281084  3  23.687  0.855  0.430  0.505   8.517e-01   1.253e+00   6.100e-01   7.177e-01  11  sdss  6367  82S  5 
    0  53996.282743  4  22.481  0.760  0.528  0.598   1.744e+00   4.151e+00   2.711e+00   3.070e+00  11  sdss  6367  82S  5 
    8  53996.281914  0  24.580  1.202  1.004  1.647   8.329e-02   1.419e+00   9.757e-01   1.600e+00  8  sdss  6367  82S  5 
    0  53998.252452  1  23.885  0.498  0.183  0.397   8.930e-01   4.894e-01   1.854e-01   4.020e-01  12  sdss  6377  82S  5 
    0  53998.249135  2  22.838  0.284  0.042  0.120   2.577e+00   6.983e-01   1.041e-01   3.000e-01  12  sdss  6377  82S  5 
    0  53998.249964  3  22.752  0.445  0.117  0.210   2.687e+00   1.174e+00   3.208e-01   5.757e-01  11  sdss  6377  82S  5 
    0  53998.251623  4  21.880  0.503  0.197  0.304   5.270e+00   3.411e+00   1.357e+00   2.090e+00  11  sdss  6377  82S  5 
    0  53998.250794  0  24.432  1.176  0.089  1.148   2.277e-01   1.387e+00   8.862e-02   1.138e+00  8  sdss  6377  82S  5 
    0  54005.282289  1  22.366  0.135  0.031  0.094   4.007e+00   5.011e-01   1.141e-01   3.533e-01  12  sdss  6402  82S  5 
    0  54005.278972  2  22.157  0.159  0.076  0.080   4.920e+00   7.292e-01   3.509e-01   3.685e-01  12  sdss  6402  82S  5 
    0  54005.279802  3  21.737  0.179  0.052  0.078   7.156e+00   1.189e+00   3.484e-01   5.221e-01  11  sdss  6402  82S  5 
    0  54005.281460  4  22.264  0.627  0.246  0.375   2.903e+00   3.564e+00   1.366e+00   2.087e+00  11  sdss  6402  82S  5 
    8  54005.280631  0  25.087  1.137  0.541  1.169  -4.185e-01   1.354e+00   5.639e-01   1.219e+00  8  sdss  6402  82S  5 
    0  54008.242785  1  22.211  0.122  0.069  0.102   4.630e+00   5.245e-01   2.979e-01   4.401e-01  12  sdss  6417  82S  5 
    0  54008.239468  2  21.645  0.109  0.053  0.067   7.920e+00   7.954e-01   3.893e-01   4.955e-01  12  sdss  6417  82S  5 
    0  54008.240297  3  22.022  0.232  0.084  0.113   5.473e+00   1.184e+00   4.343e-01   5.866e-01  11  sdss  6417  82S  5 
    0  54008.241956  4  22.458  0.659  0.054  0.454   1.863e+00   3.562e+00   2.806e-01   2.345e+00  11  sdss  6417  82S  5 
    0  54008.241126  0  23.951  1.209  0.146  1.361   7.428e-01   1.549e+00   1.736e-01   1.613e+00  8  sdss  6417  82S  5 
    1  54010.237533  1  22.140  0.167  0.052  0.066   4.945e+00   7.618e-01   2.407e-01   3.040e-01  12  sdss  6425  82S  5 
    0  54010.234216  2  21.668  0.125  0.029  0.043   7.753e+00   8.940e-01   2.072e-01   3.083e-01  12  sdss  6425  82S  5 
    0  54010.235045  3  22.074  0.250  0.073  0.078   5.210e+00   1.217e+00   3.589e-01   3.871e-01  11  sdss  6425  82S  5 
    0  54010.236704  4  22.241  0.579  0.139  0.288   3.031e+00   3.306e+00   7.832e-01   1.617e+00  11  sdss  6425  82S  5 
    9  54010.235875  0  23.507  1.114  0.409  0.559   1.348e+00   1.647e+00   6.424e-01   8.786e-01  8  sdss  6425  82S  5 
    1  54012.230197  1  22.347  0.378  0.190  0.077   4.079e+00   1.385e+00   7.217e-01   2.917e-01  12  sdss  6433  82S  5 
  129  54012.226881  2  21.703  0.216  0.126  0.041   7.507e+00   1.484e+00   8.743e-01   2.824e-01  12  sdss  6433  82S  5 
    1  54012.227710  3  21.420  0.196  0.050  0.045   9.617e+00   1.734e+00   4.446e-01   4.040e-01  11  sdss  6433  82S  5 
    0  54012.229368  4  21.996  0.656  0.114  0.257   4.500e+00   4.172e+00   7.306e-01   1.646e+00  11  sdss  6433  82S  5 
    1  54012.228539  0  22.514  0.978  0.098  0.244   3.742e+00   2.885e+00   3.496e-01   8.714e-01  8  sdss  6433  82S  5 
    1  54020.235935  1  22.629  0.272  0.124  0.195   3.133e+00   7.874e-01   3.665e-01   5.763e-01  12  sdss  6447  82S  5 
    0  54020.232618  2  21.912  0.183  0.039  0.128   6.182e+00   1.043e+00   2.264e-01   7.372e-01  12  sdss  6447  82S  5 
    0  54020.233447  3  22.093  0.361  0.189  0.234   5.117e+00   1.696e+00   9.189e-01   1.136e+00  11  sdss  6447  82S  5 
    0  54020.235106  4  21.962  0.692  0.165  0.404   4.719e+00   4.479e+00   1.078e+00   2.641e+00  11  sdss  6447  82S  5 
  129  54020.234276  0  24.322  1.522  1.114  2.120   3.383e-01   2.029e+00   1.134e+00   2.157e+00  8  sdss  6447  82S  5 
 1176  54022.285237  1  23.961  0.839  4.290  0.511   8.182e-01   7.611e-01   4.106e+00   4.890e-01  12  sdss  6453  82S  5 
  152  54022.281920  2  22.460  0.312  2.278  0.125   3.700e+00   1.066e+00   7.980e+00   4.393e-01  12  sdss  6453  82S  5 
   12  54022.282750  3  21.953  0.318  0.312  0.125   5.843e+00   1.709e+00   1.720e+00   6.902e-01  11  sdss  6453  82S  5 
    0  54022.284408  4  22.298  0.791  0.398  0.369   2.715e+00   4.535e+00   2.182e+00   2.021e+00  11  sdss  6453  82S  5 
  140  54022.283579  0  23.802  1.514  1.224  1.257   9.275e-01   2.151e+00   1.580e+00   1.622e+00  8  sdss  6453  82S  5 
  128  54028.225847  1  23.367  0.366  0.276  0.386   1.541e+00   5.468e-01   4.244e-01   5.938e-01  12  sdss  6468  82S  5 
    0  54028.222531  2  22.530  0.280  0.076  0.182   3.463e+00   9.022e-01   2.499e-01   5.989e-01  12  sdss  6468  82S  5 
    0  54028.223360  3  22.342  0.382  0.167  0.219   4.032e+00   1.440e+00   6.496e-01   8.544e-01  11  sdss  6468  82S  5 
    0  54028.225018  4  22.725  0.821  0.339  0.597   5.281e-01   4.410e+00   1.660e+00   2.924e+00  11  sdss  6468  82S  5 
    0  54028.224189  0  24.510  1.436  0.257  2.239   1.517e-01   1.839e+00   2.512e-01   2.191e+00  8  sdss  6468  82S  5 
    0  54030.228822  1  23.139  0.264  0.098  0.199   1.927e+00   4.861e-01   1.825e-01   3.718e-01  12  sdss  6479  82S  5 
    0  54030.225505  2  22.099  0.160  0.035  0.074   5.194e+00   7.711e-01   1.678e-01   3.594e-01  12  sdss  6479  82S  5 
    0  54030.226334  3  22.212  0.274  0.068  0.107   4.568e+00   1.177e+00   2.951e-01   4.682e-01  11  sdss  6479  82S  5 
    0  54030.227992  4  22.206  0.580  0.107  0.280   3.231e+00   3.358e+00   6.118e-01   1.600e+00  11  sdss  6479  82S  5 
    0  54030.227163  0  25.506  1.104  0.103  0.872  -8.975e-01   1.439e+00   1.316e-01   1.110e+00  8  sdss  6479  82S  5 
   34  54035.304219  1  23.797  0.775  0.459  1.172   9.850e-01   7.824e-01   4.965e-01   1.268e+00  12  sdss  6501  82S  5 
    0  54035.300902  2  22.953  0.568  0.126  0.442   2.303e+00   1.205e+00   2.852e-01   1.003e+00  12  sdss  6501  82S  5 
    0  54035.301731  3  23.524  1.123  0.737  0.867   1.094e+00   1.794e+00   1.145e+00   1.348e+00  11  sdss  6501  82S  5 
    0  54035.303390  4  21.083  0.524  0.421  0.439   1.273e+01   6.291e+00   5.338e+00   5.575e+00  11  sdss  6501  82S  5 
    2  54035.302561  0  22.795  1.230  0.230  1.420   2.853e+00   2.735e+00   6.432e-01   3.968e+00  8  sdss  6501  82S  5 
    4  54037.209637  1  23.652  0.566  0.301  0.236   1.151e+00   6.523e-01   3.658e-01   2.866e-01  12  sdss  6508  82S  5 
    4  54037.206321  2  22.946  0.490  0.127  0.144   2.319e+00   1.062e+00   2.892e-01   3.287e-01  12  sdss  6508  82S  5 
    4  54037.207150  3  22.507  0.468  0.218  0.124   3.433e+00   1.506e+00   7.368e-01   4.195e-01  11  sdss  6508  82S  5 
    4  54037.208808  4  22.854  0.835  0.262  0.299  -1.030e-01   4.486e+00   1.276e+00   1.458e+00  11  sdss  6508  82S  5 
    4  54037.207979  0  23.726  1.173  0.354  0.661   1.028e+00   1.595e+00   4.786e-01   8.948e-01  8  sdss  6508  82S  5 
    1  54040.223760  1  27.114  0.928  0.203  0.225  -1.958e+00   1.492e+00   3.861e-01   4.265e-01  12  sdss  6518  82S  5 
    1  54040.220443  2  22.968  0.830  0.213  0.214   2.269e+00   1.634e+00   4.767e-01   4.783e-01  12  sdss  6518  82S  5 
    1  54040.221272  3  22.539  0.661  0.166  0.194   3.326e+00   1.988e+00   5.457e-01   6.373e-01  11  sdss  6518  82S  5 
    0  54040.222931  4  21.593  0.564  0.157  0.246   7.446e+00   4.568e+00   1.318e+00   2.064e+00  11  sdss  6518  82S  5 
    1  54040.222101  0  25.261  2.077  0.688  1.372  -6.064e-01   3.534e+00   7.687e-01   1.533e+00  8  sdss  6518  82S  5 
    1  54049.249734  1  25.728  1.625  0.525  1.456  -3.784e-01   1.399e+00   3.591e-01   9.963e-01  12  sdss  6537  82S  5 
    2  54049.246417  2  23.747  1.360  0.444  1.142   9.824e-01   1.625e+00   5.364e-01   1.379e+00  12  sdss  6537  82S  5 
    0  54049.247246  3  21.750  0.302  0.211  0.225   7.070e+00   1.949e+00   1.395e+00   1.491e+00  11  sdss  6537  82S  5 
    0  54049.248905  4  22.323  0.956  0.623  0.996   2.578e+00   5.596e+00   3.378e+00   5.400e+00  11  sdss  6537  82S  5 
    3  54049.248075  0  24.153  2.180  2.680  3.964   5.155e-01   3.879e+00   2.891e+00   4.275e+00  8  sdss  6537  82S  5 
   34  54050.207542  1  24.194  1.162  2.314  2.508   6.119e-01   9.546e-01   1.887e+00   2.045e+00  12  sdss  6542  82S  5 
   34  54050.204225  2  24.155  1.341  2.124  2.306   5.485e-01   1.442e+00   2.008e+00   2.180e+00  12  sdss  6542  82S  5 
   34  54050.205054  3  23.663  1.297  1.570  1.634   8.860e-01   2.065e+00   2.257e+00   2.349e+00  11  sdss  6542  82S  5 
    2  54050.206713  4  22.899  1.287  1.075  2.285  -3.231e-01   7.862e+00   5.252e+00   1.116e+01  11  sdss  6542  82S  5 
  138  54050.205883  0  24.334  1.807  4.552  6.802   3.262e-01   2.697e+00   4.617e+00   6.898e+00  8  sdss  6542  82S  5 
    0  54053.213769  1  25.229  0.818  0.637  0.976  -6.518e-02   5.299e-01   3.768e-01   5.776e-01  12  sdss  6555  82S  5 
    0  54053.210452  2  23.658  0.714  0.349  0.570   1.093e+00   8.798e-01   4.489e-01   7.332e-01  12  sdss  6555  82S  5 
    0  54053.211281  3  22.614  0.501  0.308  0.387   3.088e+00   1.467e+00   9.471e-01   1.191e+00  11  sdss  6555  82S  5 
    8  54053.212940  4  23.288  0.698  0.758  0.552  -2.284e+00   3.864e+00   4.022e+00   2.929e+00  11  sdss  6555  82S  5 
    8  54053.212111  0  23.650  1.243  1.313  2.144   1.134e+00   1.749e+00   1.869e+00   3.051e+00  8  sdss  6555  82S  5 
    2  54056.215106  1  26.440  0.841  0.541  1.605  -9.853e-01   8.417e-01   5.860e-01   1.737e+00  12  sdss  6568  82S  5 
    2  54056.211789  2  22.974  0.693  0.408  0.840   2.255e+00   1.403e+00   9.079e-01   1.870e+00  12  sdss  6568  82S  5 
    2  54056.212618  3  23.028  1.075  0.903  1.119   2.009e+00   2.130e+00   1.983e+00   2.458e+00  11  sdss  6568  82S  5 
    2  54056.214276  4  21.769  1.069  1.136  1.251   6.055e+00   7.615e+00   8.412e+00   9.262e+00  11  sdss  6568  82S  5 
  138  54056.213447  0  21.319  0.354  0.502  0.904   1.145e+01   3.615e+00   5.301e+00   9.546e+00  8  sdss  6568  82S  5 
    2  54059.209089  1  25.282  1.158  1.958  3.119  -9.661e-02   8.227e-01   1.166e+00   1.857e+00  12  sdss  6580  82S  5 
    2  54059.205772  2  23.087  0.666  0.708  0.890   2.016e+00   1.239e+00   1.432e+00   1.800e+00  12  sdss  6580  82S  5 
    2  54059.206601  3  22.432  0.587  0.331  0.745   3.694e+00   1.963e+00   1.192e+00   2.684e+00  11  sdss  6580  82S  5 
    0  54059.208259  4  22.364  1.137  1.190  1.485   2.357e+00   6.866e+00   6.351e+00   7.926e+00  11  sdss  6580  82S  5 
  128  54059.207430  0  26.223  1.867  0.637  3.181  -2.083e+00   3.446e+00   1.367e+00   6.822e+00  8  sdss  6580  82S  5 
   32  54062.213667  1  24.619  1.046  0.935  2.060   3.042e-01   7.505e-01   6.095e-01   1.343e+00  12  sdss  6596  82S  5 
    0  54062.210350  2  22.717  0.452  0.265  0.461   2.897e+00   1.201e+00   7.380e-01   1.284e+00  12  sdss  6596  82S  5 
    0  54062.211180  3  23.275  1.131  0.549  0.946   1.513e+00   1.982e+00   1.004e+00   1.730e+00  11  sdss  6596  82S  5 
    0  54062.212838  4  23.577  1.001  0.338  0.916  -3.921e+00   6.282e+00   2.047e+00   5.556e+00  11  sdss  6596  82S  5 
    2  54062.212009  0  23.902  1.584  0.868  3.674   8.019e-01   2.258e+00   1.056e+00   4.472e+00  8  sdss  6596  82S  5 
