# SDSS CID:  15112 IAU:          RA:  42.323132 DEC:  -0.579358  (J2000)
# GALAXY_SB [ugriz] = [ 24.63 24.69 24.11 23.82 22.59 ] +/- [  0.00  0.10  0.08  0.07  0.08 ] (asinh mag/square arcsec)
# GALAXY_SB_FLUX [ugriz] = [  0.000E+00  2.553E-01  5.952E-01  6.659E-01  1.165E+00 ] +/- [  0.000E+00  6.485E-02  7.755E-02  9.073E-02  4.138E-01 ] (microJy per square arcsec)
#FLAG  MJD       FILT  MAG     MERR  MSKYERR MGALERR  FLUX       FLUXERR    SKYERR     GALERR    NPRE TELE   RUN  STRIP  IDCCD
    1  53989.429654  1  27.310  0.645  0.090  0.110  -2.364e+00   1.315e+00   2.026e-01   2.473e-01  19  sdss  6314  82N  2 
   33  53989.426336  2  24.795  1.272  0.235  0.278   5.683e-03   1.265e+00   1.877e-01   2.221e-01  22  sdss  6314  82N  2 
    1  53989.427166  3  24.696  0.976  0.307  0.192  -4.022e-01   1.349e+00   3.811e-01   2.384e-01  23  sdss  6314  82N  2 
    0  53989.428825  4  23.152  0.656  0.071  0.256  -1.579e+00   3.498e+00   3.624e-01   1.300e+00  23  sdss  6314  82N  2 
    0  53997.453933  1  25.638  0.667  0.098  0.414  -3.176e-01   4.521e-01   6.411e-02   2.719e-01  19  sdss  6374  82N  2 
   32  53997.450616  2  24.187  0.699  0.305  0.267   5.182e-01   6.647e-01   2.831e-01   2.477e-01  22  sdss  6374  82N  2 
    0  53997.451445  3  24.891  0.736  0.255  0.233  -6.515e-01   1.014e+00   3.381e-01   3.089e-01  23  sdss  6374  82N  2 
    0  53997.453104  4  22.020  0.508  0.290  0.274   4.342e+00   3.156e+00   1.804e+00   1.703e+00  23  sdss  6374  82N  2 
 1156  54000.405774  1  26.622  0.762  0.871  0.564  -1.198e+00   8.704e-01   1.085e+00   7.019e-01  19  sdss  6383  82N  2 
  156  54000.402456  2  22.219  0.515  1.845  0.164   4.641e+00   2.077e+00   7.955e+00   7.073e-01  22  sdss  6383  82N  2 
  168  54000.403286  3  23.312  0.998  2.386  0.373   1.446e+00   1.707e+00   4.228e+00   6.616e-01  23  sdss  6383  82N  2 
    0  54000.404944  4  23.244  0.738  0.392  0.544  -2.051e+00   4.055e+00   2.043e+00   2.834e+00  23  sdss  6383  82N  2 
    0  54007.456486  1  23.397  0.336  0.056  0.217   1.495e+00   4.889e-01   8.410e-02   3.227e-01  19  sdss  6414  82N  2 
   32  54007.453168  2  23.014  0.389  0.201  0.181   2.168e+00   8.041e-01   4.287e-01   3.867e-01  22  sdss  6414  82N  2 
   32  54007.453998  3  23.270  0.632  0.204  0.201   1.522e+00   1.118e+00   3.721e-01   3.669e-01  23  sdss  6414  82N  2 
    0  54007.455656  4  21.671  0.493  0.296  0.251   6.812e+00   3.750e+00   2.305e+00   1.952e+00  23  sdss  6414  82N  2 
    0  54009.380190  1  22.936  0.205  0.011  0.103   2.344e+00   4.517e-01   2.552e-02   2.281e-01  19  sdss  6421  82N  2 
    0  54009.376873  2  22.877  0.276  0.082  0.082   2.482e+00   6.524e-01   1.975e-01   1.974e-01  22  sdss  6421  82N  2 
    0  54009.377702  3  22.901  0.424  0.105  0.096   2.302e+00   9.906e-01   2.539e-01   2.326e-01  23  sdss  6421  82N  2 
    0  54009.379361  4  21.898  0.439  0.061  0.171   5.142e+00   2.911e+00   4.054e-01   1.147e+00  23  sdss  6421  82N  2 
    0  54011.444827  1  23.161  0.248  0.062  0.116   1.887e+00   4.468e-01   1.122e-01   2.119e-01  19  sdss  6430  82N  2 
   32  54011.441510  2  23.077  0.336  0.067  0.096   2.037e+00   6.631e-01   1.351e-01   1.952e-01  22  sdss  6430  82N  2 
    0  54011.442340  3  22.962  0.444  0.090  0.080   2.157e+00   9.888e-01   2.073e-01   1.834e-01  23  sdss  6430  82N  2 
    0  54011.443998  4  21.645  0.400  0.133  0.152   7.023e+00   3.115e+00   1.053e+00   1.209e+00  23  sdss  6430  82N  2 
   32  54012.457892  1  23.450  0.414  0.172  0.438   1.417e+00   5.706e-01   2.450e-01   6.241e-01  19  sdss  6435  82N  2 
   32  54012.454575  2  22.966  0.393  0.198  0.199   2.274e+00   8.455e-01   4.395e-01   4.434e-01  22  sdss  6435  82N  2 
    0  54012.455404  3  22.583  0.384  0.158  0.135   3.183e+00   1.168e+00   4.943e-01   4.242e-01  23  sdss  6435  82N  2 
    0  54012.457063  4  22.996  0.762  0.495  0.453  -7.995e-01   4.058e+00   2.438e+00   2.233e+00  23  sdss  6435  82N  2 
    1  54021.449411  1  22.804  0.322  0.119  0.137   2.656e+00   7.851e-01   2.978e-01   3.439e-01  19  sdss  6450  82N  2 
   32  54021.446094  2  23.252  0.526  0.140  0.179   1.704e+00   8.759e-01   2.444e-01   3.128e-01  22  sdss  6450  82N  2 
    0  54021.446924  3  22.810  0.455  0.124  0.121   2.532e+00   1.138e+00   3.225e-01   3.134e-01  23  sdss  6450  82N  2 
    0  54021.448582  4  21.929  0.634  0.206  0.355   4.936e+00   4.122e+00   1.356e+00   2.332e+00  23  sdss  6450  82N  2 
   32  54025.444326  1  23.260  0.404  0.362  0.394   1.712e+00   6.526e-01   6.070e-01   6.600e-01  19  sdss  6461  82N  2 
   32  54025.441008  2  23.163  0.528  0.348  0.326   1.867e+00   9.426e-01   6.546e-01   6.134e-01  22  sdss  6461  82N  2 
   32  54025.441838  3  23.247  0.690  0.279  0.292   1.565e+00   1.233e+00   5.175e-01   5.419e-01  23  sdss  6461  82N  2 
   32  54025.443496  4  21.883  0.697  0.489  0.482   5.246e+00   4.634e+00   3.302e+00   3.258e+00  23  sdss  6461  82N  2 
    0  54029.454535  1  23.348  0.356  0.149  0.242   1.569e+00   5.382e-01   2.310e-01   3.755e-01  19  sdss  6476  82N  2 
   32  54029.451218  2  23.515  0.610  0.128  0.218   1.287e+00   8.272e-01   1.820e-01   3.098e-01  22  sdss  6476  82N  2 
   32  54029.452047  3  23.161  0.638  0.224  0.187   1.731e+00   1.208e+00   4.428e-01   3.690e-01  23  sdss  6476  82N  2 
    0  54029.453705  4  24.397  0.414  0.147  0.170  -1.055e+01   4.247e+00   1.560e+00   1.802e+00  23  sdss  6476  82N  2 
   32  54031.361977  1  24.680  0.718  0.241  0.491   2.648e-01   4.794e-01   1.535e-01   3.128e-01  19  sdss  6484  82N  2 
   32  54031.358660  2  23.783  0.628  0.055  0.198   9.395e-01   7.193e-01   6.419e-02   2.324e-01  22  sdss  6484  82N  2 
    0  54031.359489  3  22.832  0.437  0.122  0.102   2.474e+00   1.077e+00   3.107e-01   2.596e-01  23  sdss  6484  82N  2 
   32  54031.361148  4  22.531  0.677  0.310  0.309   1.489e+00   3.612e+00   1.566e+00   1.560e+00  23  sdss  6484  82N  2 
    0  54036.366401  1  26.221  0.759  0.234  0.993  -7.665e-01   6.681e-01   2.139e-01   9.101e-01  19  sdss  6504  82N  2 
   32  54036.363084  2  24.504  1.161  1.149  1.337   2.408e-01   1.130e+00   9.524e-01   1.108e+00  22  sdss  6504  82N  2 
   32  54036.363913  3  23.565  1.022  0.729  0.832   1.031e+00   1.586e+00   1.103e+00   1.259e+00  23  sdss  6504  82N  2 
    0  54036.365572  4  21.616  0.766  0.724  0.609   7.255e+00   5.887e+00   5.868e+00   4.930e+00  23  sdss  6504  82N  2 
   32  54039.364741  1  24.744  0.721  0.426  0.476   2.249e-01   4.744e-01   2.657e-01   2.971e-01  19  sdss  6513  82N  2 
   32  54039.361423  2  23.932  0.734  0.224  0.304   7.716e-01   7.764e-01   2.384e-01   3.237e-01  22  sdss  6513  82N  2 
    0  54039.362253  3  22.522  0.349  0.130  0.099   3.381e+00   1.124e+00   4.293e-01   3.278e-01  23  sdss  6513  82N  2 
    0  54039.363911  4  21.160  0.323  0.202  0.149   1.179e+01   3.662e+00   2.334e+00   1.720e+00  23  sdss  6513  82N  2 
    1  54041.335460  1  26.087  1.385  0.762  0.298  -6.494e-01   1.192e+00   6.379e-01   2.494e-01  19  sdss  6524  82N  2 
   41  54041.332142  2  24.480  1.153  1.157  0.293   2.610e-01   1.123e+00   9.647e-01   2.441e-01  22  sdss  6524  82N  2 
    9  54041.332972  3  22.954  0.597  0.461  0.109   2.175e+00   1.309e+00   1.066e+00   2.510e-01  23  sdss  6524  82N  2 
    8  54041.334630  4  22.051  0.725  1.058  0.233   4.150e+00   4.465e+00   6.480e+00   1.427e+00  23  sdss  6524  82N  2 
    1  54048.385945  1  27.319  0.886  0.204  0.267  -2.384e+00   1.697e+00   4.617e-01   6.043e-01  19  sdss  6534  82N  2 
   33  54048.382628  2  24.011  1.047  0.395  0.330   6.897e-01   1.098e+00   4.023e-01   3.359e-01  22  sdss  6534  82N  2 
   32  54048.383457  3  23.979  0.892  0.418  0.259   4.635e-01   1.219e+00   5.257e-01   3.259e-01  23  sdss  6534  82N  2 
   32  54048.385115  4  22.631  0.722  0.492  0.427   9.877e-01   3.830e+00   2.440e+00   2.115e+00  23  sdss  6534  82N  2 
    3  54052.363454  1  26.571  1.014  0.373  0.984  -1.135e+00   1.075e+00   4.454e-01   1.176e+00  19  sdss  6552  82N  2 
   32  54052.360137  2  22.715  0.477  0.150  0.358   2.901e+00   1.251e+00   4.149e-01   9.890e-01  22  sdss  6552  82N  2 
    0  54052.360967  3  22.343  0.439  0.504  0.322   4.027e+00   1.620e+00   1.944e+00   1.243e+00  23  sdss  6552  82N  2 
  162  54052.362625  4  21.830  0.991  0.874  0.983   5.615e+00   6.784e+00   6.107e+00   6.869e+00  23  sdss  6552  82N  2 
    0  54055.374629  1  26.303  0.622  0.130  0.596  -8.444e-01   5.813e-01   1.263e-01   5.788e-01  19  sdss  6565  82N  2 
   32  54055.371312  2  23.448  0.671  0.217  0.389   1.386e+00   9.468e-01   3.242e-01   5.820e-01  22  sdss  6565  82N  2 
    0  54055.372142  3  25.154  0.819  0.325  0.362  -1.023e+00   1.244e+00   4.900e-01   5.456e-01  23  sdss  6565  82N  2 
    0  54055.373800  4  23.370  0.785  0.310  0.497  -2.728e+00   4.481e+00   1.688e+00   2.706e+00  23  sdss  6565  82N  2 
    0  54058.357657  1  26.151  0.744  0.573  0.948  -7.045e-01   6.307e-01   5.004e-01   8.281e-01  19  sdss  6577  82N  2 
   32  54058.354340  2  24.022  0.927  0.812  0.709   6.784e-01   9.548e-01   8.208e-01   7.163e-01  22  sdss  6577  82N  2 
   32  54058.355170  3  23.631  0.856  0.422  0.384   9.326e-01   1.275e+00   6.150e-01   5.601e-01  23  sdss  6577  82N  2 
    0  54058.356828  4  23.258  0.868  0.842  0.596  -2.127e+00   4.893e+00   4.404e+00   3.119e+00  23  sdss  6577  82N  2 
    0  54060.379683  1  26.019  0.730  0.620  0.637  -5.934e-01   5.778e-01   4.972e-01   5.107e-01  19  sdss  6584  82N  2 
   32  54060.376366  2  23.725  0.869  0.598  0.583   1.008e+00   1.017e+00   7.294e-01   7.106e-01  22  sdss  6584  82N  2 
   32  54060.377195  3  23.219  0.697  0.183  0.291   1.618e+00   1.266e+00   3.468e-01   5.515e-01  23  sdss  6584  82N  2 
    0  54060.378854  4  23.548  0.822  0.458  0.533  -3.747e+00   4.979e+00   2.707e+00   3.148e+00  23  sdss  6584  82N  2 
   36  54065.355937  1  24.922  1.720  2.557  0.983   1.164e-01   1.497e+00   1.530e+00   5.882e-01  19  sdss  6609  82N  2 
   60  54065.352620  2  22.837  0.960  2.816  0.261   2.580e+00   2.010e+00   7.001e+00   6.480e-01  22  sdss  6609  82N  2 
   36  54065.353449  3  23.122  1.509  1.216  0.265   1.810e+00   2.891e+00   2.471e+00   5.377e-01  23  sdss  6609  82N  2 
 1028  54065.355108  4  20.398  1.023  0.505  0.098   2.465e+01   1.848e+01   1.137e+01   2.213e+00  23  sdss  6609  82N  2 
