# SDSS CID:   6063 IAU:          RA:  51.309917 DEC:  -0.315231  (J2000)
# GALAXY_SB [ugriz] = [ 23.51 22.73 22.43 21.89 21.36 ] +/- [  0.18  0.03  0.03  0.02  0.05 ] (asinh mag/square arcsec)
# GALAXY_SB_FLUX [ugriz] = [  1.294E+00  2.837E+00  3.802E+00  6.224E+00  9.521E+00 ] +/- [  2.753E-01  8.696E-02  1.059E-01  1.303E-01  5.262E-01 ] (microJy per square arcsec)
#FLAG  MJD       FILT  MAG     MERR  MSKYERR MGALERR  FLUX       FLUXERR    SKYERR     GALERR    NPRE TELE   RUN  STRIP  IDCCD
    0  53622.467710  1  22.385  0.138  0.050  0.079   3.936e+00   5.035e-01   1.832e-01   2.883e-01  13  sdss  5582  82S  3 
    0  53622.464392  2  22.098  0.148  0.048  0.061   5.196e+00   7.139e-01   2.324e-01   2.961e-01  13  sdss  5582  82S  3 
   32  53622.465222  3  22.306  0.267  0.058  0.069   4.175e+00   1.052e+00   2.341e-01   2.760e-01  14  sdss  5582  82S  3 
   32  53622.466880  4  22.476  0.573  0.034  0.236   1.769e+00   3.046e+00   1.732e-01   1.214e+00  14  sdss  5582  82S  3 
   32  53622.466051  0  23.363  0.832  0.097  0.532   1.587e+00   1.337e+00   1.680e-01   9.175e-01  9  sdss  5582  82S  3 
   32  53627.425459  1  22.637  0.192  0.062  0.166   3.109e+00   5.546e-01   1.803e-01   4.845e-01  13  sdss  5607  82S  3 
    0  53627.422142  2  22.089  0.164  0.049  0.097   5.240e+00   7.957e-01   2.401e-01   4.742e-01  13  sdss  5607  82S  3 
   32  53627.422971  3  22.270  0.303  0.127  0.150   4.322e+00   1.226e+00   5.264e-01   6.211e-01  14  sdss  5607  82S  3 
   32  53627.424630  4  22.062  0.600  0.216  0.352   4.083e+00   3.700e+00   1.334e+00   2.171e+00  14  sdss  5607  82S  3 
   32  53627.423801  0  22.659  0.528  0.083  0.554   3.255e+00   1.532e+00   2.549e-01   1.711e+00  9  sdss  5607  82S  3 
   33  53634.418111  1  22.408  0.461  0.099  0.164   3.853e+00   1.565e+00   3.562e-01   5.894e-01  13  sdss  5619  82S  3 
  161  53634.414794  2  22.553  0.586  0.209  0.246   3.389e+00   1.736e+00   6.712e-01   7.911e-01  13  sdss  5619  82S  3 
   33  53634.415623  3  22.086  0.345  0.137  0.120   5.152e+00   1.635e+00   6.678e-01   5.879e-01  14  sdss  5619  82S  3 
   32  53634.417282  4  21.824  0.637  0.218  0.386   5.658e+00   4.445e+00   1.557e+00   2.761e+00  14  sdss  5619  82S  3 
    1  53634.416453  0  21.405  0.386  0.149  0.196   1.057e+01   3.546e+00   1.423e+00   1.871e+00  9  sdss  5619  82S  3 
   32  53640.423883  1  22.565  0.216  0.138  0.180   3.326e+00   6.626e-01   4.290e-01   5.599e-01  13  sdss  5646  82S  3 
   32  53640.420566  2  22.501  0.266  0.142  0.167   3.561e+00   8.806e-01   4.789e-01   5.631e-01  13  sdss  5646  82S  3 
   32  53640.421395  3  22.393  0.345  0.136  0.150   3.838e+00   1.247e+00   5.064e-01   5.598e-01  14  sdss  5646  82S  3 
   32  53640.423054  4  22.397  0.714  0.125  0.436   2.185e+00   3.947e+00   6.587e-01   2.301e+00  14  sdss  5646  82S  3 
    0  53640.422224  0  22.478  0.534  0.096  0.477   3.876e+00   1.807e+00   3.486e-01   1.726e+00  9  sdss  5646  82S  3 
   32  53643.466566  1  22.625  0.202  0.121  0.219   3.144e+00   5.897e-01   3.566e-01   6.456e-01  13  sdss  5666  82S  3 
   32  53643.463248  2  22.155  0.207  0.106  0.188   4.927e+00   9.413e-01   4.872e-01   8.662e-01  13  sdss  5666  82S  3 
   32  53643.464078  3  22.566  0.408  0.126  0.205   3.238e+00   1.260e+00   4.046e-01   6.555e-01  14  sdss  5666  82S  3 
   32  53643.465736  4  22.505  0.800  0.185  0.605   1.621e+00   4.383e+00   9.453e-01   3.088e+00  14  sdss  5666  82S  3 
   32  53643.464907  0  22.570  0.586  0.113  0.699   3.548e+00   1.809e+00   3.768e-01   2.334e+00  9  sdss  5666  82S  3 
    0  53646.485948  1  22.376  0.154  0.069  0.120   3.969e+00   5.665e-01   2.544e-01   4.445e-01  13  sdss  5681  82S  3 
   32  53646.482630  2  22.568  0.271  0.054  0.134   3.341e+00   8.445e-01   1.714e-01   4.266e-01  13  sdss  5681  82S  3 
   32  53646.483460  3  22.060  0.303  0.150  0.165   5.281e+00   1.479e+00   7.485e-01   8.237e-01  14  sdss  5681  82S  3 
   32  53646.485118  4  22.434  0.739  0.401  0.354   1.987e+00   4.065e+00   2.090e+00   1.846e+00  14  sdss  5681  82S  3 
   36  53646.484289  0  22.642  0.602  0.088  0.470   3.310e+00   1.740e+00   2.743e-01   1.471e+00  9  sdss  5681  82S  3 
    3  53657.304941  1  21.791  0.354  0.116  0.271   6.832e+00   2.157e+00   7.295e-01   1.708e+00  13  sdss  5730  82S  3 
   35  53657.301623  2  22.468  0.725  0.484  0.609   3.674e+00   2.227e+00   1.679e+00   2.112e+00  13  sdss  5730  82S  3 
   34  53657.302453  3  21.549  0.346  0.087  0.285   8.531e+00   2.653e+00   6.935e-01   2.261e+00  14  sdss  5730  82S  3 
    0  53657.304111  4  23.995  1.066  0.489  0.969  -6.818e+00   7.961e+00   3.896e+00   7.714e+00  14  sdss  5730  82S  3 
    3  53657.303282  0  22.048  1.727  0.802  1.096   5.813e+00   5.783e+00   4.268e+00   5.829e+00  9  sdss  5730  82S  3 
   32  53657.469315  1  22.409  0.174  0.062  0.224   3.849e+00   6.175e-01   2.234e-01   8.038e-01  13  sdss  5732  82S  3 
   32  53657.465997  2  22.357  0.241  0.192  0.199   4.080e+00   9.116e-01   7.344e-01   7.628e-01  13  sdss  5732  82S  3 
   32  53657.466826  3  22.669  0.486  0.126  0.313   2.922e+00   1.361e+00   3.696e-01   9.181e-01  14  sdss  5732  82S  3 
    0  53657.468485  4  24.334  0.470  0.331  0.368  -9.891e+00   4.684e+00   3.422e+00   3.809e+00  14  sdss  5732  82S  3 
   32  53657.467656  0  22.855  0.889  0.080  1.070   2.689e+00   2.015e+00   2.084e-01   2.790e+00  9  sdss  5732  82S  3 
   33  53663.487066  1  22.789  0.810  0.159  0.214   2.694e+00   1.779e+00   4.052e-01   5.440e-01  13  sdss  5745  82S  3 
   33  53663.483749  2  22.489  0.498  0.105  0.161   3.602e+00   1.595e+00   3.571e-01   5.475e-01  13  sdss  5745  82S  3 
   33  53663.484578  3  21.865  0.334  0.115  0.119   6.348e+00   1.930e+00   6.821e-01   7.111e-01  14  sdss  5745  82S  3 
    0  53663.486237  4  23.309  1.020  0.649  0.599  -2.398e+00   6.001e+00   3.477e+00   3.207e+00  14  sdss  5745  82S  3 
  129  53663.485408  0  22.287  1.865  0.351  0.498   4.642e+00   5.111e+00   1.507e+00   2.135e+00  9  sdss  5745  82S  3 
 1053  53664.422233  1  21.978  0.805  3.991  0.095   5.746e+00   3.648e+00   2.120e+01   5.037e-01  13  sdss  5754  82S  3 
 1053  53664.418916  2  21.610  0.598  7.355  0.056   8.178e+00   4.120e+00   5.559e+01   4.220e-01  13  sdss  5754  82S  3 
 1213  53664.419745  3  23.727  2.514 52.483  0.363   7.957e-01   6.495e+00   7.303e+01   5.047e-01  14  sdss  5754  82S  3 
   13  53664.421404  4  23.014  2.211  5.428  0.455  -8.857e-01   1.996e+01   2.684e+01   2.252e+00  14  sdss  5754  82S  3 
   13  53664.420574  0  25.195  3.134  5.678  1.536  -5.337e-01   9.416e+00   6.139e+00   1.661e+00  9  sdss  5754  82S  3 
   33  53665.487022  1  22.847  0.476  0.126  0.169   2.549e+00   1.088e+00   3.039e-01   4.091e-01  13  sdss  5760  82S  3 
   33  53665.483704  2  22.868  0.506  0.131  0.166   2.503e+00   1.163e+00   3.190e-01   4.037e-01  13  sdss  5760  82S  3 
   33  53665.484533  3  22.137  0.340  0.075  0.095   4.908e+00   1.539e+00   3.480e-01   4.418e-01  14  sdss  5760  82S  3 
   33  53665.486192  4  21.588  0.605  0.241  0.195   7.489e+00   4.903e+00   2.040e+00   1.649e+00  14  sdss  5760  82S  3 
    1  53665.485363  0  21.452  0.365  0.026  0.154   1.012e+01   3.222e+00   2.376e-01   1.407e+00  9  sdss  5760  82S  3 
   35  53668.475777  1  22.193  0.275  0.194  0.316   4.707e+00   1.174e+00   8.464e-01   1.379e+00  13  sdss  5771  82S  3 
   32  53668.472459  2  22.118  0.277  0.103  0.241   5.099e+00   1.290e+00   4.901e-01   1.144e+00  13  sdss  5771  82S  3 
   32  53668.473289  3  23.053  0.910  0.456  0.535   1.953e+00   1.801e+00   9.800e-01   1.150e+00  14  sdss  5771  82S  3 
   32  53668.474948  4  21.586  0.993  0.655  0.785   7.506e+00   7.769e+00   5.549e+00   6.647e+00  14  sdss  5771  82S  3 
   35  53668.474118  0  24.223  2.042  1.181  3.946   4.405e-01   3.393e+00   1.236e+00   4.131e+00  9  sdss  5771  82S  3 
   32  53669.381462  1  22.357  0.185  0.107  0.162   4.040e+00   6.875e-01   4.020e-01   6.087e-01  13  sdss  5776  82S  3 
   32  53669.378145  2  22.443  0.279  0.108  0.220   3.762e+00   9.717e-01   3.849e-01   7.801e-01  13  sdss  5776  82S  3 
   32  53669.378974  3  22.184  0.311  0.131  0.176   4.693e+00   1.360e+00   5.850e-01   7.881e-01  14  sdss  5776  82S  3 
   40  53669.380633  4  21.515  0.473  0.384  0.309   8.123e+00   4.097e+00   3.434e+00   2.766e+00  14  sdss  5776  82S  3 
   40  53669.379803  0  22.855  0.768  0.582  0.772   2.689e+00   1.792e+00   1.517e+00   2.012e+00  9  sdss  5776  82S  3 
   32  53670.481831  1  22.336  0.246  0.126  0.260   4.120e+00   9.278e-01   4.830e-01   9.947e-01  13  sdss  5782  82S  3 
    0  53670.478513  2  21.829  0.206  0.108  0.180   6.675e+00   1.258e+00   6.672e-01   1.111e+00  13  sdss  5782  82S  3 
   32  53670.479343  3  21.950  0.354  0.157  0.247   5.859e+00   1.890e+00   8.664e-01   1.362e+00  14  sdss  5782  82S  3 
   32  53670.481002  4  21.012  0.514  0.457  0.377   1.368e+01   6.582e+00   6.183e+00   5.094e+00  14  sdss  5782  82S  3 
    2  53670.480172  0  21.828  0.612  0.076  0.787   7.139e+00   3.616e+00   4.914e-01   5.116e+00  9  sdss  5782  82S  3 
    0  53671.466616  1  22.455  0.184  0.048  0.095   3.687e+00   6.257e-01   1.647e-01   3.271e-01  13  sdss  5786  82S  3 
    0  53671.463299  2  21.952  0.155  0.031  0.049   5.953e+00   8.505e-01   1.693e-01   2.736e-01  13  sdss  5786  82S  3 
   32  53671.464128  3  22.407  0.328  0.059  0.073   3.786e+00   1.174e+00   2.153e-01   2.681e-01  14  sdss  5786  82S  3 
   32  53671.465787  4  21.738  0.541  0.102  0.189   6.290e+00   3.999e+00   7.696e-01   1.430e+00  14  sdss  5786  82S  3 
   32  53671.464958  0  23.357  1.166  0.055  0.633   1.597e+00   1.836e+00   9.490e-02   1.097e+00  9  sdss  5786  82S  3 
   32  53674.366014  1  22.054  0.136  0.122  0.208   5.356e+00   6.687e-01   6.031e-01   1.032e+00  13  sdss  5797  82S  3 
   32  53674.362697  2  22.212  0.251  0.260  0.243   4.670e+00   1.076e+00   1.135e+00   1.061e+00  13  sdss  5797  82S  3 
   32  53674.363526  3  22.865  0.631  0.460  0.393   2.391e+00   1.478e+00   1.147e+00   9.799e-01  14  sdss  5797  82S  3 
   32  53674.365184  4  22.345  0.910  0.765  0.755   2.462e+00   5.258e+00   4.118e+00   4.063e+00  14  sdss  5797  82S  3 
    0  53674.364355  0  21.860  0.330  0.060  0.507   6.929e+00   2.022e+00   3.802e-01   3.200e+00  9  sdss  5797  82S  3 
    0  53676.455471  1  22.210  0.151  0.097  0.107   4.633e+00   6.431e-01   4.180e-01   4.617e-01  13  sdss  5807  82S  3 
    0  53676.452154  2  21.831  0.154  0.066  0.079   6.662e+00   9.462e-01   4.055e-01   4.869e-01  13  sdss  5807  82S  3 
   32  53676.452983  3  21.998  0.321  0.211  0.188   5.600e+00   1.651e+00   1.115e+00   9.907e-01  14  sdss  5807  82S  3 
   32  53676.454642  4  22.659  0.825  0.080  0.395   8.505e-01   4.457e+00   3.971e-01   1.952e+00  14  sdss  5807  82S  3 
    0  53676.453812  0  22.423  0.623  0.042  0.514   4.084e+00   2.165e+00   1.612e-01   1.955e+00  9  sdss  5807  82S  3 
   32  53679.427330  1  22.425  0.167  0.087  0.156   3.792e+00   5.848e-01   3.080e-01   5.520e-01  13  sdss  5820  82S  3 
    0  53679.424013  2  22.110  0.199  0.114  0.123   5.138e+00   9.408e-01   5.454e-01   5.912e-01  13  sdss  5820  82S  3 
   32  53679.424842  3  22.054  0.288  0.071  0.140   5.311e+00   1.415e+00   3.565e-01   7.015e-01  14  sdss  5820  82S  3 
   32  53679.426501  4  22.606  0.914  0.186  0.622   1.113e+00   5.064e+00   9.270e-01   3.098e+00  14  sdss  5820  82S  3 
    8  53679.425671  0  21.825  0.292  0.169  0.355   7.158e+00   1.861e+00   1.101e+00   2.310e+00  9  sdss  5820  82S  3 
   32  53681.418813  1  22.495  0.219  0.160  0.228   3.552e+00   7.157e-01   5.299e-01   7.544e-01  13  sdss  5836  82S  3 
   32  53681.415496  2  22.224  0.234  0.070  0.158   4.618e+00   9.959e-01   3.009e-01   6.830e-01  13  sdss  5836  82S  3 
   32  53681.416326  3  22.127  0.284  0.110  0.133   4.955e+00   1.311e+00   5.193e-01   6.248e-01  14  sdss  5836  82S  3 
   32  53681.417984  4  22.815  0.830  0.340  0.600   8.727e-02   4.454e+00   1.657e+00   2.928e+00  14  sdss  5836  82S  3 
    0  53681.417155  0  21.937  0.374  0.057  0.387   6.448e+00   2.124e+00   3.366e-01   2.279e+00  9  sdss  5836  82S  3 
    0  53684.380450  1  21.955  0.115  0.056  0.083   5.870e+00   6.229e-01   3.047e-01   4.484e-01  13  sdss  5847  82S  3 
    8  53684.377133  2  21.963  0.214  0.240  0.101   5.893e+00   1.159e+00   1.312e+00   5.521e-01  13  sdss  5847  82S  3 
    0  53684.377963  3  22.067  0.298  0.096  0.084   5.246e+00   1.448e+00   4.789e-01   4.163e-01  14  sdss  5847  82S  3 
   32  53684.379621  4  22.168  0.819  0.146  0.345   3.449e+00   4.903e+00   8.483e-01   2.011e+00  14  sdss  5847  82S  3 
   12  53684.378792  0  22.112  0.390  0.221  0.334   5.474e+00   1.884e+00   1.112e+00   1.675e+00  9  sdss  5847  82S  3 
    1  53687.321732  1  21.645  0.313  0.151  0.168   7.820e+00   2.195e+00   1.085e+00   1.211e+00  13  sdss  5871  82S  3 
  161  53687.318415  2  21.927  0.361  0.200  0.193   6.094e+00   1.973e+00   1.134e+00   1.092e+00  13  sdss  5871  82S  3 
   33  53687.319244  3  22.095  0.480  0.103  0.265   5.109e+00   2.196e+00   4.993e-01   1.284e+00  14  sdss  5871  82S  3 
   32  53687.320903  4  22.777  1.070  0.272  1.007   2.725e-01   6.107e+00   1.331e+00   4.920e+00  14  sdss  5871  82S  3 
 1155  53687.320073  0  26.679  2.826  1.387  2.546  -3.277e+00   7.738e+00   4.305e+00   7.905e+00  9  sdss  5871  82S  3 
    1  53696.384636  1  22.323  0.215  0.036  0.104   4.171e+00   8.226e-01   1.385e-01   4.024e-01  13  sdss  5889  82S  3 
    0  53696.381319  2  21.915  0.161  0.021  0.061   6.162e+00   9.114e-01   1.201e-01   3.510e-01  13  sdss  5889  82S  3 
   32  53696.382148  3  21.976  0.249  0.069  0.082   5.717e+00   1.319e+00   3.718e-01   4.414e-01  14  sdss  5889  82S  3 
   32  53696.383807  4  22.397  0.765  0.261  0.345   2.185e+00   4.263e+00   1.377e+00   1.819e+00  14  sdss  5889  82S  3 
    1  53696.382977  0  22.573  0.843  0.196  0.447   3.538e+00   2.423e+00   6.518e-01   1.489e+00  9  sdss  5889  82S  3 
    1  53697.375720  1  22.223  0.175  0.065  0.094   4.578e+00   7.378e-01   2.761e-01   4.007e-01  13  sdss  5895  82S  3 
    0  53697.372403  2  21.928  0.160  0.056  0.071   6.088e+00   8.994e-01   3.169e-01   3.993e-01  13  sdss  5895  82S  3 
   32  53697.373233  3  22.088  0.259  0.072  0.084   5.143e+00   1.240e+00   3.513e-01   4.101e-01  14  sdss  5895  82S  3 
   32  53697.374891  4  21.718  0.533  0.273  0.230   6.442e+00   3.991e+00   2.099e+00   1.771e+00  14  sdss  5895  82S  3 
    9  53697.374062  0  21.480  0.239  0.094  0.149   9.862e+00   2.098e+00   8.404e-01   1.328e+00  9  sdss  5895  82S  3 
   32  53700.374546  1  22.258  0.172  0.140  0.258   4.430e+00   7.012e-01   5.764e-01   1.062e+00  13  sdss  5905  82S  3 
   32  53700.371229  2  22.185  0.211  0.129  0.150   4.791e+00   9.310e-01   5.776e-01   6.727e-01  13  sdss  5905  82S  3 
   32  53700.372058  3  22.032  0.300  0.065  0.159   5.422e+00   1.503e+00   3.327e-01   8.162e-01  14  sdss  5905  82S  3 
   32  53700.373717  4  21.242  0.558  0.347  0.342   1.084e+01   5.873e+00   3.864e+00   3.808e+00  14  sdss  5905  82S  3 
    0  53700.372887  0  22.322  0.494  0.106  0.622   4.496e+00   1.937e+00   4.392e-01   2.587e+00  9  sdss  5905  82S  3 
   32  53705.361265  1  22.382  0.187  0.082  0.261   3.947e+00   6.790e-01   3.028e-01   9.592e-01  13  sdss  5924  82S  3 
   32  53705.357948  2  22.290  0.244  0.195  0.242   4.340e+00   9.779e-01   7.944e-01   9.856e-01  13  sdss  5924  82S  3 
   32  53705.358777  3  22.600  0.467  0.092  0.255   3.131e+00   1.389e+00   2.855e-01   7.933e-01  14  sdss  5924  82S  3 
    0  53705.360435  4  23.150  0.947  0.869  0.973  -1.571e+00   5.342e+00   4.422e+00   4.952e+00  14  sdss  5924  82S  3 
 1152  53705.359606  0  21.428  0.236  0.101  0.295   1.035e+01   2.172e+00   9.415e-01   2.760e+00  9  sdss  5924  82S  3 
