# SDSS CID:   9436 IAU:          RA:  18.903742 DEC:  -0.003190  (J2000)
# GALAXY_SB [ugriz] = [ 23.96 22.92 21.93 21.21 20.81 ] +/- [  0.00  0.00  0.00  0.00  0.00 ] (asinh mag/square arcsec)
# GALAXY_SB_FLUX [ugriz] = [  6.945E-01  2.368E+00  6.052E+00  1.172E+01  1.654E+01 ] +/- [  0.000E+00  0.000E+00  0.000E+00  0.000E+00  0.000E+00 ] (microJy per square arcsec)
#FLAG  MJD       FILT  MAG     MERR  MSKYERR MGALERR  FLUX       FLUXERR    SKYERR     GALERR    NPRE TELE   RUN  STRIP  IDCCD
 1312  53616.366961  1  23.906  0.723  0.411  0.000   8.716e-01   6.813e-01   4.074e-01   0.000e+00  26  sdss  5566  82N  3 
 1312  53616.363643  2  23.497  0.774  0.590  0.000   1.313e+00   1.046e+00   8.530e-01   0.000e+00  28  sdss  5566  82N  3 
 1312  53616.364473  3  22.127  0.386  0.248  0.000   4.953e+00   1.753e+00   1.171e+00   0.000e+00  29  sdss  5566  82N  3 
 1312  53616.366131  4  22.244  0.943  0.909  0.000   3.017e+00   5.622e+00   5.113e+00   0.000e+00  27  sdss  5566  82N  3 
 1410  53616.365302  0  24.813  1.680  0.449  0.000  -1.435e-01   2.363e+00   4.392e-01   0.000e+00  15  sdss  5566  82N  3 
 1280  53622.380491  1  25.135  0.943  1.359  0.000  -9.834e-03   6.281e-01   8.002e-01   0.000e+00  26  sdss  5582  82S  4 
 1312  53622.377174  2  23.258  0.586  0.550  0.000   1.694e+00   9.660e-01   9.618e-01   0.000e+00  28  sdss  5582  82S  4 
 1440  53622.378003  3  23.721  1.005  0.670  0.000   8.038e-01   1.488e+00   9.364e-01   0.000e+00  29  sdss  5582  82S  4 
 1312  53622.379662  4  21.860  0.696  0.390  0.000   5.408e+00   4.763e+00   2.733e+00   0.000e+00  27  sdss  5582  82S  4 
 1284  53622.378832  0  25.944  1.222  0.296  0.000  -1.545e+00   1.891e+00   4.993e-01   0.000e+00  15  sdss  5582  82S  4 
 1312  53626.343654  1  24.149  0.649  0.338  0.000   6.491e-01   5.330e-01   2.825e-01   0.000e+00  26  sdss  5603  82N  3 
 1312  53626.340336  2  23.378  0.553  0.245  0.000   1.493e+00   8.372e-01   3.882e-01   0.000e+00  28  sdss  5603  82N  3 
 1312  53626.341166  3  22.274  0.314  0.078  0.000   4.304e+00   1.268e+00   3.210e-01   0.000e+00  29  sdss  5603  82N  3 
 1312  53626.342824  4  22.486  0.697  0.069  0.000   1.721e+00   3.765e+00   3.532e-01   0.000e+00  27  sdss  5603  82N  3 
 1288  53626.341995  0  25.964  0.847  0.333  0.000  -1.580e+00   1.350e+00   5.703e-01   0.000e+00  15  sdss  5603  82N  3 
 1313  53627.337662  1  24.507  1.091  0.742  0.000   3.794e-01   8.095e-01   5.072e-01   0.000e+00  26  sdss  5607  82S  4 
 1312  53627.334345  2  24.306  0.950  0.492  0.000   4.099e-01   9.066e-01   4.341e-01   0.000e+00  28  sdss  5607  82S  4 
 1312  53627.335174  3  23.445  0.829  0.308  0.000   1.219e+00   1.335e+00   5.025e-01   0.000e+00  29  sdss  5607  82S  4 
 1280  53627.336833  4  22.853  0.795  0.241  0.000  -9.710e-02   4.234e+00   1.177e+00   0.000e+00  27  sdss  5607  82S  4 
 1280  53627.336004  0  25.895  1.251  0.155  0.000  -1.463e+00   1.897e+00   2.530e-01   0.000e+00  15  sdss  5607  82S  4 
 1281  53628.328719  1  25.153  1.596  0.635  0.000  -2.049e-02   1.317e+00   3.740e-01   0.000e+00  26  sdss  5610  82N  3 
 1313  53628.325402  2  21.928  0.223  0.133  0.000   6.089e+00   1.245e+00   7.518e-01   0.000e+00  28  sdss  5610  82N  3 
 1312  53628.326231  3  22.718  0.589  0.249  0.000   2.780e+00   1.559e+00   7.014e-01   0.000e+00  29  sdss  5610  82N  3 
 1440  53628.327890  4  22.327  0.831  0.364  0.000   2.557e+00   4.757e+00   1.974e+00   0.000e+00  27  sdss  5610  82N  3 
 1281  53628.327061  0  24.671  1.889  0.303  0.000  -5.311e-03   2.905e+00   2.932e-01   0.000e+00  15  sdss  5610  82N  3 
 1313  53634.330447  1  23.289  1.620  0.709  0.000   1.663e+00   2.014e+00   1.159e+00   0.000e+00  26  sdss  5619  82S  4 
 1281  53634.327130  2  26.602  0.956  0.443  0.000  -2.193e+00   1.770e+00   9.585e-01   0.000e+00  28  sdss  5619  82S  4 
 1281  53634.327959  3  26.076  0.724  0.615  0.000  -2.985e+00   1.969e+00   1.839e+00   0.000e+00  29  sdss  5619  82S  4 
 1312  53634.329618  4  21.621  0.662  0.247  0.000   7.212e+00   5.235e+00   2.048e+00   0.000e+00  27  sdss  5619  82S  4 
 1441  53635.337337  1  23.370  0.772  0.194  0.000   1.536e+00   1.056e+00   2.952e-01   0.000e+00  26  sdss  5622  82N  3 
 1313  53635.334019  2  23.840  0.933  0.150  0.000   8.729e-01   1.036e+00   1.695e-01   0.000e+00  28  sdss  5622  82N  3 
 1312  53635.334849  3  22.409  0.381  0.071  0.000   3.777e+00   1.353e+00   2.627e-01   0.000e+00  29  sdss  5622  82N  3 
 1312  53635.336507  4  22.529  0.652  0.066  0.000   1.499e+00   3.474e+00   3.344e-01   0.000e+00  27  sdss  5622  82N  3 
 1281  53635.335678  0  24.452  1.626  0.626  0.000   2.086e-01   2.240e+00   6.180e-01   0.000e+00  15  sdss  5622  82N  3 
 1313  53637.330747  1  23.488  0.780  0.305  0.000   1.363e+00   9.726e-01   4.205e-01   0.000e+00  26  sdss  5633  82N  3 
 1312  53637.327429  2  23.450  0.810  0.426  0.000   1.382e+00   1.123e+00   6.386e-01   0.000e+00  28  sdss  5633  82N  3 
 1312  53637.328259  3  22.145  0.350  0.187  0.000   4.869e+00   1.577e+00   8.693e-01   0.000e+00  29  sdss  5633  82N  3 
 1312  53637.329917  4  22.255  0.880  0.122  0.000   2.950e+00   5.175e+00   6.841e-01   0.000e+00  27  sdss  5633  82N  3 
 1281  53637.329088  0  21.909  0.451  0.097  0.000   6.622e+00   2.565e+00   5.846e-01   0.000e+00  15  sdss  5633  82N  3 
 1313  53638.371940  1  24.931  0.893  0.488  0.000   1.109e-01   5.916e-01   2.914e-01   0.000e+00  26  sdss  5637  82S  4 
 1312  53638.368623  2  23.561  0.637  0.184  0.000   1.222e+00   8.387e-01   2.530e-01   0.000e+00  28  sdss  5637  82S  4 
 1312  53638.369453  3  22.825  0.491  0.194  0.000   2.491e+00   1.214e+00   4.996e-01   0.000e+00  29  sdss  5637  82S  4 
 1280  53638.371111  4  23.053  0.723  0.321  0.000  -1.082e+00   3.849e+00   1.598e+00   0.000e+00  27  sdss  5637  82S  4 
 1281  53638.370282  0  25.214  1.282  0.193  0.000  -5.541e-01   1.614e+00   2.099e-01   0.000e+00  15  sdss  5637  82S  4 
 1280  53639.376133  1  25.955  0.754  0.341  0.000  -5.427e-01   5.794e-01   2.626e-01   0.000e+00  26  sdss  5642  82N  3 
 1312  53639.372816  2  23.767  0.712  0.176  0.000   9.578e-01   8.209e-01   2.086e-01   0.000e+00  28  sdss  5642  82N  3 
 1312  53639.373645  3  22.710  0.439  0.147  0.000   2.803e+00   1.201e+00   4.161e-01   0.000e+00  29  sdss  5642  82N  3 
 1312  53639.375304  4  21.867  0.524  0.074  0.000   5.359e+00   3.599e+00   5.145e-01   0.000e+00  27  sdss  5642  82N  3 
 1280  53639.374475  0  24.452  1.297  0.086  0.000   2.086e-01   1.587e+00   8.460e-02   0.000e+00  15  sdss  5642  82N  3 
 1280  53640.335964  1  25.860  0.773  0.501  0.000  -4.718e-01   5.717e-01   3.658e-01   0.000e+00  26  sdss  5646  82S  4 
 1312  53640.332646  2  23.495  0.632  0.234  0.000   1.316e+00   8.707e-01   3.383e-01   0.000e+00  28  sdss  5646  82S  4 
 1312  53640.333476  3  23.125  0.679  0.344  0.000   1.803e+00   1.317e+00   7.003e-01   0.000e+00  29  sdss  5646  82S  4 
 1280  53640.335134  4  22.837  0.779  0.282  0.000  -1.972e-02   4.133e+00   1.375e+00   0.000e+00  27  sdss  5646  82S  4 
 1288  53640.334305  0  26.771  0.508  0.349  0.000  -3.582e+00   1.601e+00   1.168e+00   0.000e+00  15  sdss  5646  82S  4 
 1312  53641.375348  1  25.015  0.782  0.069  0.000   6.072e-02   5.026e-01   4.056e-02   0.000e+00  26  sdss  5658  82N  3 
 1312  53641.372020  2  23.306  0.469  0.116  0.000   1.612e+00   7.591e-01   1.950e-01   0.000e+00  28  sdss  5658  82N  3 
 1312  53641.372849  3  22.502  0.352  0.100  0.000   3.449e+00   1.161e+00   3.398e-01   0.000e+00  29  sdss  5658  82N  3 
 1312  53641.374519  4  21.709  0.458  0.221  0.000   6.512e+00   3.483e+00   1.713e+00   0.000e+00  27  sdss  5658  82N  3 
 1288  53641.373678  0  25.490  1.061  0.532  0.000  -8.772e-01   1.360e+00   6.623e-01   0.000e+00  15  sdss  5658  82N  3 
 1312  53644.323125  1  24.593  0.835  0.500  0.000   3.214e-01   5.795e-01   3.294e-01   0.000e+00  26  sdss  5670  82N  3 
 1312  53644.319808  2  24.083  0.840  0.170  0.000   6.176e-01   8.410e-01   1.670e-01   0.000e+00  28  sdss  5670  82N  3 
 1312  53644.320637  3  22.139  0.285  0.108  0.000   4.897e+00   1.301e+00   5.053e-01   0.000e+00  29  sdss  5670  82N  3 
 1280  53644.322296  4  23.057  0.730  0.099  0.000  -1.101e+00   3.890e+00   4.916e-01   0.000e+00  27  sdss  5670  82N  3 
 1280  53644.321466  0  25.791  1.135  0.140  0.000  -1.296e+00   1.638e+00   2.111e-01   0.000e+00  15  sdss  5670  82N  3 
 1312  53654.357917  1  24.370  0.717  0.063  0.000   4.761e-01   5.298e-01   4.596e-02   0.000e+00  26  sdss  5709  82N  3 
 1312  53654.354600  2  23.520  0.622  0.136  0.000   1.280e+00   8.429e-01   1.928e-01   0.000e+00  28  sdss  5709  82N  3 
 1312  53654.355429  3  22.233  0.314  0.082  0.000   4.476e+00   1.316e+00   3.536e-01   0.000e+00  29  sdss  5709  82N  3 
 1312  53654.357088  4  22.556  0.848  0.465  0.000   1.363e+00   4.655e+00   2.343e+00   0.000e+00  27  sdss  5709  82N  3 
 1312  53654.356258  0  24.650  1.267  0.239  0.000   1.465e-02   1.526e+00   2.314e-01   0.000e+00  15  sdss  5709  82N  3 
 1312  53655.308066  1  23.675  0.602  0.395  0.000   1.122e+00   6.745e-01   4.677e-01   0.000e+00  26  sdss  5713  82S  4 
 1312  53655.304749  2  23.237  0.614  0.296  0.000   1.731e+00   1.024e+00   5.262e-01   0.000e+00  28  sdss  5713  82S  4 
 1312  53655.305578  3  22.998  0.700  0.387  0.000   2.074e+00   1.475e+00   8.710e-01   0.000e+00  29  sdss  5713  82S  4 
 1280  53655.307237  4  22.879  0.874  0.276  0.000  -2.277e-01   4.739e+00   1.346e+00   0.000e+00  27  sdss  5713  82S  4 
 1280  53655.306408  0  23.036  0.948  0.242  0.000   2.243e+00   1.850e+00   5.387e-01   0.000e+00  15  sdss  5713  82S  4 
 1281  53663.318727  1  26.144  1.182  0.219  0.000  -6.982e-01   1.007e+00   1.906e-01   0.000e+00  26  sdss  5744  82N  3 
 1313  53663.315410  2  23.445  0.725  0.145  0.000   1.390e+00   1.021e+00   2.179e-01   0.000e+00  28  sdss  5744  82N  3 
 1313  53663.316239  3  22.429  0.382  0.065  0.000   3.704e+00   1.333e+00   2.360e-01   0.000e+00  29  sdss  5744  82N  3 
 1312  53663.317898  4  21.613  0.474  0.022  0.000   7.278e+00   3.849e+00   1.854e-01   0.000e+00  27  sdss  5744  82N  3 
 1281  53663.317069  0  23.625  1.638  0.440  0.000   1.170e+00   2.483e+00   6.270e-01   0.000e+00  15  sdss  5744  82N  3 
 1417  53664.333151  1  27.684  0.959  1.201  0.000  -3.366e+00   2.455e+00   3.768e+00   0.000e+00  26  sdss  5754  82S  4 
 1341  53664.329834  2  24.318  2.008 20.290  0.000   3.993e-01   2.715e+00   1.783e+01   0.000e+00  28  sdss  5754  82S  4 
 1337  53664.330663  3  22.124  0.702  3.099  0.000   4.967e+00   2.965e+00   1.464e+01   0.000e+00  29  sdss  5754  82S  4 
 1309  53664.332322  4  24.457  0.828  3.826  0.000  -1.123e+01   8.529e+00   4.408e+01   0.000e+00  27  sdss  5754  82S  4 
 1313  53666.388790  1  23.932  0.943  0.229  0.000   8.459e-01   8.612e-01   2.229e-01   0.000e+00  26  sdss  5765  82N  3 
 1312  53666.385473  2  23.215  0.561  0.119  0.000   1.771e+00   9.604e-01   2.165e-01   0.000e+00  28  sdss  5765  82N  3 
 1312  53666.386302  3  22.252  0.338  0.147  0.000   4.396e+00   1.386e+00   6.196e-01   0.000e+00  29  sdss  5765  82N  3 
 1312  53666.387961  4  21.898  0.594  0.171  0.000   5.140e+00   3.990e+00   1.166e+00   0.000e+00  27  sdss  5765  82N  3 
 1281  53666.387131  0  22.193  0.595  0.172  0.000   5.074e+00   2.531e+00   7.991e-01   0.000e+00  15  sdss  5765  82N  3 
 1280  53668.308094  1  25.988  0.904  0.528  0.000  -5.686e-01   7.097e-01   4.148e-01   0.000e+00  26  sdss  5770  82N  3 
 1312  53668.304777  2  23.595  0.751  0.346  0.000   1.176e+00   9.562e-01   4.652e-01   0.000e+00  28  sdss  5770  82N  3 
 1312  53668.305606  3  22.839  0.572  0.192  0.000   2.455e+00   1.381e+00   4.900e-01   0.000e+00  29  sdss  5770  82N  3 
 1312  53668.307264  4  22.278  0.874  0.707  0.000   2.823e+00   5.108e+00   3.914e+00   0.000e+00  27  sdss  5770  82N  3 
 1280  53668.306435  0  23.673  1.333  0.141  0.000   1.102e+00   1.872e+00   1.948e-01   0.000e+00  15  sdss  5770  82N  3 
 1280  53669.292120  1  25.849  0.739  0.403  0.000  -4.638e-01   5.428e-01   2.926e-01   0.000e+00  26  sdss  5776  82S  4 
 1312  53669.288802  2  23.100  0.473  0.346  0.000   1.990e+00   9.023e-01   6.893e-01   0.000e+00  28  sdss  5776  82S  4 
 1312  53669.289632  3  23.436  0.951  0.708  0.000   1.234e+00   1.543e+00   1.162e+00   0.000e+00  29  sdss  5776  82S  4 
 1312  53669.291290  4  21.386  0.471  0.235  0.000   9.338e+00   4.515e+00   2.337e+00   0.000e+00  27  sdss  5776  82S  4 
 1280  53669.290461  0  24.222  1.326  0.156  0.000   4.413e-01   1.668e+00   1.629e-01   0.000e+00  15  sdss  5776  82S  4 
 1312  53670.313091  1  22.987  0.273  0.166  0.000   2.231e+00   5.710e-01   3.527e-01   0.000e+00  26  sdss  5781  82N  3 
 1312  53670.309774  2  23.879  0.853  0.561  0.000   8.291e-01   9.279e-01   6.191e-01   0.000e+00  28  sdss  5781  82N  3 
 1312  53670.310603  3  23.413  0.851  0.270  0.000   1.272e+00   1.392e+00   4.500e-01   0.000e+00  29  sdss  5781  82N  3 
 1280  53670.312261  4  22.875  0.827  0.282  0.000  -2.084e-01   4.440e+00   1.377e+00   0.000e+00  27  sdss  5781  82N  3 
 1288  53670.311432  0  25.213  1.322  1.519  0.000  -5.530e-01   1.683e+00   1.652e+00   0.000e+00  15  sdss  5781  82N  3 
 1312  53671.376754  1  24.246  0.824  0.417  0.000   5.708e-01   6.455e-01   3.285e-01   0.000e+00  26  sdss  5786  82S  4 
 1312  53671.373437  2  22.691  0.394  0.120  0.000   2.968e+00   1.077e+00   3.394e-01   0.000e+00  28  sdss  5786  82S  4 
 1440  53671.374266  3  24.146  1.133  0.820  0.000   2.572e-01   1.611e+00   9.903e-01   0.000e+00  29  sdss  5786  82S  4 
 1312  53671.375925  4  22.129  0.851  0.705  0.000   3.676e+00   5.193e+00   4.200e+00   0.000e+00  27  sdss  5786  82S  4 
 1284  53671.375095  0  26.012  1.460  0.291  0.000  -1.666e+00   2.351e+00   5.173e-01   0.000e+00  15  sdss  5786  82S  4 
 1312  53673.280687  1  24.508  0.751  0.521  0.000   3.787e-01   5.289e-01   3.559e-01   0.000e+00  26  sdss  5792  82N  3 
 1312  53673.277370  2  23.660  0.650  0.206  0.000   1.090e+00   8.012e-01   2.642e-01   0.000e+00  28  sdss  5792  82N  3 
 1312  53673.278199  3  22.790  0.489  0.146  0.000   2.583e+00   1.243e+00   3.889e-01   0.000e+00  29  sdss  5792  82N  3 
 1280  53673.279858  4  23.208  0.785  0.665  0.000  -1.865e+00   4.332e+00   3.443e+00   0.000e+00  27  sdss  5792  82N  3 
 1288  53673.279029  0  25.682  1.030  0.696  0.000  -1.135e+00   1.413e+00   9.760e-01   0.000e+00  15  sdss  5792  82N  3 
 1312  53674.275996  1  23.253  0.407  0.467  0.000   1.724e+00   6.613e-01   7.863e-01   0.000e+00  26  sdss  5797  82S  4 
 1312  53674.272679  2  23.255  0.601  0.421  0.000   1.700e+00   9.902e-01   7.380e-01   0.000e+00  28  sdss  5797  82S  4 
 1312  53674.273508  3  23.772  0.993  0.707  0.000   7.334e-01   1.447e+00   9.632e-01   0.000e+00  29  sdss  5797  82S  4 
 1312  53674.275167  4  21.867  0.752  0.262  0.000   5.359e+00   5.126e+00   1.824e+00   0.000e+00  27  sdss  5797  82S  4 
 1282  53674.274338  0  26.480  0.935  0.285  0.000  -2.699e+00   2.092e+00   7.409e-01   0.000e+00  15  sdss  5797  82S  4 
 1312  53675.277808  1  24.613  0.814  0.337  0.000   3.082e-01   5.605e-01   2.198e-01   0.000e+00  26  sdss  5800  82N  3 
 1312  53675.274491  2  23.634  0.726  0.358  0.000   1.124e+00   9.044e-01   4.670e-01   0.000e+00  28  sdss  5800  82N  3 
 1312  53675.275320  3  22.466  0.422  0.180  0.000   3.573e+00   1.417e+00   6.296e-01   0.000e+00  29  sdss  5800  82N  3 
 1312  53675.276979  4  21.357  0.531  0.397  0.000   9.626e+00   5.160e+00   4.047e+00   0.000e+00  27  sdss  5800  82N  3 
 1312  53675.276150  0  24.567  1.255  0.164  0.000   9.565e-02   1.507e+00   1.600e-01   0.000e+00  15  sdss  5800  82N  3 
 1312  53676.365762  1  24.081  0.614  0.170  0.000   7.076e-01   5.248e-01   1.488e-01   0.000e+00  26  sdss  5807  82S  4 
 1312  53676.362445  2  22.693  0.299  0.086  0.000   2.962e+00   8.281e-01   2.441e-01   0.000e+00  28  sdss  5807  82S  4 
 1312  53676.363274  3  24.015  0.960  0.627  0.000   4.177e-01   1.325e+00   7.803e-01   0.000e+00  29  sdss  5807  82S  4 
 1280  53676.364933  4  23.023  0.691  0.319  0.000  -9.336e-01   3.640e+00   1.582e+00   0.000e+00  27  sdss  5807  82S  4 
 1312  53677.298480  1  23.337  0.327  0.072  0.000   1.587e+00   5.015e-01   1.125e-01   0.000e+00  26  sdss  5813  82N  3 
 1312  53677.295163  2  22.641  0.261  0.059  0.000   3.114e+00   7.608e-01   1.741e-01   0.000e+00  28  sdss  5813  82N  3 
 1312  53677.295992  3  22.066  0.235  0.055  0.000   5.249e+00   1.152e+00   2.746e-01   0.000e+00  29  sdss  5813  82N  3 
 1312  53677.297651  4  21.818  0.520  0.051  0.000   5.703e+00   3.674e+00   3.660e-01   0.000e+00  27  sdss  5813  82N  3 
 1288  53677.296821  0  24.239  1.165  0.789  0.000   4.241e-01   1.396e+00   8.205e-01   0.000e+00  15  sdss  5813  82N  3 
 1312  53679.337464  1  23.660  0.595  0.482  0.000   1.140e+00   6.755e-01   5.775e-01   0.000e+00  26  sdss  5820  82S  4 
 1280  53679.334147  2  24.867  1.183  1.250  0.000  -5.210e-02   1.144e+00   1.000e+00   0.000e+00  28  sdss  5820  82S  4 
 1312  53679.334977  3  23.343  1.007  0.940  0.000   1.391e+00   1.706e+00   1.641e+00   0.000e+00  29  sdss  5820  82S  4 
 1408  53679.336635  4  23.826  0.940  0.376  0.000  -5.549e+00   6.493e+00   2.668e+00   0.000e+00  27  sdss  5820  82S  4 
 1450  53679.335806  0  24.158  1.639  1.947  0.000   5.101e-01   2.307e+00   2.084e+00   0.000e+00  15  sdss  5820  82S  4 
 1312  53680.285273  1  23.815  0.502  0.176  0.000   9.656e-01   5.154e-01   1.865e-01   0.000e+00  26  sdss  5823  82N  3 
 1312  53680.281956  2  22.621  0.278  0.113  0.000   3.174e+00   8.239e-01   3.419e-01   0.000e+00  28  sdss  5823  82N  3 
 1312  53680.282785  3  22.161  0.269  0.060  0.000   4.795e+00   1.207e+00   2.761e-01   0.000e+00  29  sdss  5823  82N  3 
 1312  53680.284444  4  21.933  0.569  0.069  0.000   4.906e+00   3.757e+00   4.583e-01   0.000e+00  27  sdss  5823  82N  3 
 1280  53680.283614  0  26.349  0.680  0.063  0.000  -2.367e+00   1.457e+00   1.457e-01   0.000e+00  15  sdss  5823  82N  3 
 1312  53681.328844  1  23.872  0.519  0.298  0.000   9.059e-01   5.113e-01   3.028e-01   0.000e+00  26  sdss  5836  82S  4 
 1312  53681.325527  2  22.914  0.374  0.108  0.000   2.391e+00   8.465e-01   2.524e-01   0.000e+00  28  sdss  5836  82S  4 
 1312  53681.326357  3  22.270  0.303  0.134  0.000   4.320e+00   1.231e+00   5.543e-01   0.000e+00  29  sdss  5836  82S  4 
 1280  53681.328015  4  23.175  0.736  0.438  0.000  -1.696e+00   3.999e+00   2.244e+00   0.000e+00  27  sdss  5836  82S  4 
 1280  53681.327186  0  26.157  0.879  0.189  0.000  -1.945e+00   1.580e+00   3.757e-01   0.000e+00  15  sdss  5836  82S  4 
 1313  53685.287629  1  23.033  0.723  0.358  0.000   2.135e+00   1.319e+00   7.313e-01   0.000e+00  26  sdss  5853  82S  4 
 1313  53685.284312  2  23.131  0.821  0.272  0.000   1.929e+00   1.424e+00   5.291e-01   0.000e+00  28  sdss  5853  82S  4 
 1313  53685.285141  3  23.037  0.811  0.296  0.000   1.988e+00   1.640e+00   6.450e-01   0.000e+00  29  sdss  5853  82S  4 
 1312  53685.286800  4  21.455  0.510  0.153  0.000   8.675e+00   4.616e+00   1.444e+00   0.000e+00  27  sdss  5853  82S  4 
 1281  53685.285970  0  26.643  1.303  0.410  0.000  -3.165e+00   3.012e+00   1.227e+00   0.000e+00  15  sdss  5853  82S  4 
 1313  53686.284450  1  23.074  1.038  0.498  0.000   2.052e+00   1.673e+00   9.810e-01   0.000e+00  26  sdss  5866  82N  3 
 1313  53686.281132  2  22.661  0.745  0.191  0.000   3.055e+00   1.923e+00   5.581e-01   0.000e+00  28  sdss  5866  82N  3 
 1313  53686.281962  3  22.238  0.536  0.161  0.000   4.455e+00   2.142e+00   6.868e-01   0.000e+00  29  sdss  5866  82N  3 
 1312  53686.283620  4  21.879  0.781  0.478  0.000   5.277e+00   5.291e+00   3.309e+00   0.000e+00  27  sdss  5866  82N  3 
 1281  53686.282791  0  25.061  2.221  1.228  0.000  -3.918e-01   4.018e+00   1.265e+00   0.000e+00  15  sdss  5866  82N  3 
 1313  53693.286376  1  24.820  1.417  0.505  0.000   1.777e-01   1.103e+00   3.083e-01   0.000e+00  26  sdss  5878  82N  3 
 1313  53693.283059  2  22.351  0.304  0.057  0.000   4.099e+00   1.140e+00   2.194e-01   0.000e+00  28  sdss  5878  82N  3 
 1312  53693.283888  3  21.937  0.269  0.059  0.000   5.929e+00   1.477e+00   3.273e-01   0.000e+00  29  sdss  5878  82N  3 
 1312  53693.285546  4  22.586  0.774  0.420  0.000   1.214e+00   4.171e+00   2.102e+00   0.000e+00  27  sdss  5878  82N  3 
 1281  53693.284717  0  23.729  1.871  0.394  0.000   1.024e+00   3.002e+00   5.256e-01   0.000e+00  15  sdss  5878  82N  3 
 1313  53697.284951  1  22.673  0.367  0.200  0.000   3.006e+00   9.976e-01   5.633e-01   0.000e+00  26  sdss  5895  82S  4 
 1452  53697.281634  2  23.140  0.842  1.318  0.000   1.912e+00   1.444e+00   2.539e+00   0.000e+00  28  sdss  5895  82S  4 
 1312  53697.282463  3  22.238  0.406  0.253  0.000   4.455e+00   1.665e+00   1.081e+00   0.000e+00  29  sdss  5895  82S  4 
 1316  53697.284122  4  21.838  0.765  0.487  0.000   5.562e+00   5.293e+00   3.459e+00   0.000e+00  27  sdss  5895  82S  4 
 1284  53697.283292  0  26.492  1.223  0.069  0.000  -2.731e+00   2.591e+00   1.812e-01   0.000e+00  15  sdss  5895  82S  4 
 1312  53698.283433  1  23.772  0.525  0.331  0.000   1.013e+00   5.550e-01   3.637e-01   0.000e+00  26  sdss  5898  82N  3 
 1312  53698.280116  2  23.108  0.443  0.187  0.000   1.974e+00   8.437e-01   3.708e-01   0.000e+00  28  sdss  5898  82N  3 
 1312  53698.280945  3  22.782  0.517  0.222  0.000   2.604e+00   1.318e+00   5.928e-01   0.000e+00  29  sdss  5898  82N  3 
 1312  53698.282604  4  21.497  0.511  0.150  0.000   8.289e+00   4.491e+00   1.365e+00   0.000e+00  27  sdss  5898  82N  3 
 1288  53698.281774  0  25.619  1.206  1.067  0.000  -1.047e+00   1.642e+00   1.437e+00   0.000e+00  15  sdss  5898  82N  3 
 1312  53700.283634  1  23.535  0.530  0.480  0.000   1.299e+00   6.690e-01   6.368e-01   0.000e+00  26  sdss  5905  82S  4 
 1440  53700.280317  2  23.137  0.600  0.509  0.000   1.918e+00   1.085e+00   9.842e-01   0.000e+00  28  sdss  5905  82S  4 
 1312  53700.281146  3  24.275  1.144  0.926  0.000   1.029e-01   1.622e+00   1.100e+00   0.000e+00  29  sdss  5905  82S  4 
 1312  53700.282804  4  22.072  0.923  0.472  0.000   4.024e+00   5.791e+00   2.898e+00   0.000e+00  27  sdss  5905  82S  4 
 1280  53700.281975  0  24.989  1.566  0.383  0.000  -3.182e-01   2.120e+00   3.870e-01   0.000e+00  15  sdss  5905  82S  4 
 1312  53704.268864  1  23.411  0.404  0.297  0.000   1.473e+00   5.747e-01   4.376e-01   0.000e+00  26  sdss  5918  82N  3 
 1312  53704.265547  2  23.316  0.589  0.214  0.000   1.595e+00   9.286e-01   3.574e-01   0.000e+00  28  sdss  5918  82N  3 
 1312  53704.266376  3  22.727  0.573  0.242  0.000   2.755e+00   1.509e+00   6.785e-01   0.000e+00  29  sdss  5918  82N  3 
 1280  53704.268035  4  22.980  0.918  0.614  0.000  -7.182e-01   5.051e+00   3.020e+00   0.000e+00  27  sdss  5918  82N  3 
 1288  53704.267205  0  24.049  1.419  2.032  0.000   6.296e-01   1.877e+00   2.277e+00   0.000e+00  15  sdss  5918  82N  3 
 1312  53705.269704  1  23.290  0.360  0.181  0.000   1.662e+00   5.709e-01   2.947e-01   0.000e+00  26  sdss  5924  82S  4 
 1312  53705.266387  2  22.608  0.303  0.086  0.000   3.213e+00   9.038e-01   2.629e-01   0.000e+00  28  sdss  5924  82S  4 
 1312  53705.267216  3  22.355  0.330  0.126  0.000   3.980e+00   1.240e+00   4.868e-01   0.000e+00  29  sdss  5924  82S  4 
 1312  53705.268875  4  22.458  0.721  0.429  0.000   1.865e+00   3.934e+00   2.218e+00   0.000e+00  27  sdss  5924  82S  4 
 1288  53705.268045  0  25.544  1.106  0.918  0.000  -9.464e-01   1.450e+00   1.181e+00   0.000e+00  15  sdss  5924  82S  4 
