# SDSS CID:  20447 IAU:          RA: 359.326691 DEC:   0.570712  (J2000)
# GALAXY_SB [ugriz] = [ 23.80 24.20 22.83 22.20 21.72 ] +/- [  0.22  0.14  0.05  0.04  0.09 ] (asinh mag/square arcsec)
# GALAXY_SB_FLUX [ugriz] = [  8.903E-01  6.041E-01  2.604E+00  4.615E+00  6.353E+00 ] +/- [  2.782E-01  1.130E-01  1.385E-01  1.680E-01  6.583E-01 ] (microJy per square arcsec)
#FLAG  MJD       FILT  MAG     MERR  MSKYERR MGALERR  FLUX       FLUXERR    SKYERR     GALERR    NPRE TELE   RUN  STRIP  IDCCD
    8  54357.281799  1  25.718  0.763  0.812  1.198  -3.712e-01   5.371e-01   5.533e-01   8.164e-01  9  sdss  6955  82S  5 
    0  54357.278482  2  25.085  0.886  0.139  0.935  -2.282e-01   8.045e-01   1.149e-01   7.727e-01  8  sdss  6955  82S  5 
    0  54357.279312  3  24.826  0.909  0.367  0.671  -5.667e-01   1.269e+00   4.753e-01   8.687e-01  11  sdss  6955  82S  5 
    0  54357.280970  4  23.061  0.688  0.409  0.627  -1.122e+00   3.641e+00   2.037e+00   3.125e+00  11  sdss  6955  82S  5 
    0  54357.280141  0  25.817  1.073  0.093  1.293  -1.336e+00   1.573e+00   1.449e-01   2.007e+00  6  sdss  6955  82S  5 
 1156  54362.331559  1  26.039  0.919  0.760  0.889  -6.096e-01   7.403e-01   6.198e-01   7.247e-01  9  sdss  6976  82S  5 
 1164  54362.328242  2  25.007  1.476  4.094  1.807  -1.646e-01   1.585e+00   3.330e+00   1.470e+00  8  sdss  6976  82S  5 
 1156  54362.329071  3  26.804  0.685  0.462  0.288  -6.028e+00   3.498e+00   2.642e+00   1.642e+00  11  sdss  6976  82S  5 
 1156  54362.330730  4  20.733  2.306  1.268  0.283   1.793e+01   2.802e+01   2.200e+01   4.911e+00  11  sdss  6976  82S  5 
 1156  54362.329901  0  24.742  2.146  1.157  2.363  -7.415e-02   3.722e+00   1.123e+00   2.295e+00  6  sdss  6976  82S  5 
   32  54379.321927  1  24.491  0.772  0.152  0.975   3.903e-01   5.486e-01   1.053e-01   6.736e-01  9  sdss  7024  82S  5 
   32  54379.318610  2  24.182  0.836  0.048  0.700   5.225e-01   8.101e-01   4.460e-02   6.539e-01  8  sdss  7024  82S  5 
   32  54379.319440  3  23.574  0.885  0.472  0.638   1.017e+00   1.356e+00   7.153e-01   9.657e-01  11  sdss  7024  82S  5 
    0  54379.321098  4  22.987  0.722  0.400  0.622  -7.529e-01   3.809e+00   1.970e+00   3.065e+00  11  sdss  7024  82S  5 
    8  54379.320269  0  24.933  1.362  1.202  2.445  -2.616e-01   1.708e+00   1.199e+00   2.438e+00  6  sdss  7024  82S  5 
   32  54382.311582  1  24.381  0.855  0.751  1.736   4.681e-01   6.371e-01   5.487e-01   1.268e+00  9  sdss  7038  82S  5 
   40  54382.308265  2  22.670  0.349  0.149  0.493   3.030e+00   9.885e-01   4.355e-01   1.439e+00  8  sdss  7038  82S  5 
   32  54382.309094  3  22.881  0.708  0.358  0.668   2.350e+00   1.627e+00   8.871e-01   1.655e+00  11  sdss  7038  82S  5 
   32  54382.310753  4  21.725  0.683  0.505  0.759   6.394e+00   5.052e+00   3.882e+00   5.830e+00  11  sdss  7038  82S  5 
    0  54382.309923  0  26.026  1.237  0.153  1.953  -1.691e+00   2.004e+00   2.778e-01   3.544e+00  6  sdss  7038  82S  5 
    0  54385.329460  1  23.569  0.412  0.212  0.432   1.254e+00   5.191e-01   2.756e-01   5.616e-01  9  sdss  7051  82S  5 
    0  54385.326143  2  23.043  0.378  0.024  0.243   2.107e+00   7.728e-01   5.165e-02   5.130e-01  8  sdss  7051  82S  5 
   32  54385.326973  3  22.361  0.348  0.030  0.203   3.958e+00   1.304e+00   1.142e-01   7.840e-01  11  sdss  7051  82S  5 
   32  54385.328631  4  22.789  0.664  0.059  0.482   2.126e-01   3.446e+00   2.890e-01   2.352e+00  11  sdss  7051  82S  5 
  128  54385.327802  0  23.653  1.111  0.068  1.106   1.130e+00   1.537e+00   9.557e-02   1.560e+00  6  sdss  7051  82S  5 
    0  54387.329797  1  23.222  0.368  0.054  0.555   1.777e+00   6.220e-01   9.419e-02   9.685e-01  9  sdss  7057  82S  5 
   32  54387.326480  2  23.137  0.542  0.096  0.610   1.917e+00   9.975e-01   1.863e-01   1.187e+00  8  sdss  7057  82S  5 
   32  54387.327309  3  22.619  0.493  0.299  0.369   3.073e+00   1.446e+00   9.228e-01   1.140e+00  11  sdss  7057  82S  5 
   32  54387.328967  4  22.417  0.823  0.207  0.913   2.077e+00   4.609e+00   1.086e+00   4.787e+00  11  sdss  7057  82S  5 
    8  54387.328138  0  25.487  1.369  1.614  2.393  -8.746e-01   1.858e+00   2.022e+00   2.997e+00  6  sdss  7057  82S  5 
    8  54392.324237  1  22.552  0.193  0.202  0.331   3.369e+00   6.041e-01   6.400e-01   1.048e+00  9  sdss  7076  82S  5 
    8  54392.320920  2  22.310  0.242  0.152  0.272   4.262e+00   9.607e-01   6.123e-01   1.097e+00  8  sdss  7076  82S  5 
   32  54392.321750  3  22.600  0.477  0.257  0.348   3.132e+00   1.426e+00   8.064e-01   1.091e+00  11  sdss  7076  82S  5 
    0  54392.323408  4  22.988  0.856  0.640  1.134  -7.577e-01   4.650e+00   3.152e+00   5.587e+00  11  sdss  7076  82S  5 
    0  54392.322579  0  24.518  1.565  0.259  3.425   1.438e-01   2.103e+00   2.531e-01   3.348e+00  6  sdss  7076  82S  5 
    1  54394.312102  1  22.436  0.305  0.142  0.240   3.754e+00   1.047e+00   5.015e-01   8.435e-01  9  sdss  7084  82S  5 
    9  54394.308785  2  22.243  0.311  0.145  0.236   4.538e+00   1.299e+00   6.195e-01   1.009e+00  8  sdss  7084  82S  5 
    0  54394.309614  3  21.852  0.302  0.094  0.185   6.423e+00   1.789e+00   5.732e-01   1.125e+00  11  sdss  7084  82S  5 
    0  54394.311272  4  23.093  0.898  0.517  0.916  -1.281e+00   4.979e+00   2.596e+00   4.597e+00  11  sdss  7084  82S  5 
    1  54394.310443  0  23.460  1.652  0.249  1.548   1.424e+00   2.624e+00   4.020e-01   2.499e+00  6  sdss  7084  82S  5 
    1  54402.322374  1  22.355  0.463  0.093  0.233   4.049e+00   1.660e+00   3.537e-01   8.848e-01  9  sdss  7101  82S  5 
    1  54402.319057  2  21.886  0.244  0.017  0.130   6.332e+00   1.421e+00   1.034e-01   7.718e-01  8  sdss  7101  82S  5 
   33  54402.319887  3  22.342  0.488  0.127  0.238   4.032e+00   1.812e+00   4.968e-01   9.324e-01  11  sdss  7101  82S  5 
    0  54402.321545  4  21.681  0.742  0.180  0.454   6.734e+00   5.610e+00   1.425e+00   3.602e+00  11  sdss  7101  82S  5 
    1  54402.320716  0  26.649  1.979  0.508  0.754  -3.182e+00   4.347e+00   1.545e+00   2.295e+00  6  sdss  7101  82S  5 
    8  54408.236030  1  23.348  0.305  0.168  0.279   1.568e+00   4.670e-01   2.629e-01   4.369e-01  9  sdss  7127  82S  5 
    8  54408.232713  2  22.037  0.161  0.044  0.102   5.502e+00   8.227e-01   2.265e-01   5.267e-01  8  sdss  7127  82S  5 
   32  54408.233542  3  22.574  0.428  0.174  0.204   3.214e+00   1.319e+00   5.582e-01   6.542e-01  11  sdss  7127  82S  5 
   32  54408.235201  4  22.406  0.878  0.084  0.449   2.135e+00   4.978e+00   4.401e-01   2.364e+00  11  sdss  7127  82S  5 
  128  54408.234371  0  25.868  0.894  0.067  0.909  -1.419e+00   1.353e+00   1.085e-01   1.464e+00  6  sdss  7127  82S  5 
    0  54411.193849  1  23.382  0.323  0.019  0.235   1.516e+00   4.809e-01   2.889e-02   3.573e-01  9  sdss  7136  82S  5 
    8  54411.190532  2  22.265  0.176  0.073  0.103   4.446e+00   7.320e-01   3.061e-01   4.312e-01  8  sdss  7136  82S  5 
    0  54411.191361  3  22.351  0.314  0.081  0.120   3.997e+00   1.193e+00   3.150e-01   4.655e-01  11  sdss  7136  82S  5 
    0  54411.193019  4  21.815  0.480  0.135  0.250   5.722e+00   3.408e+00   9.707e-01   1.803e+00  11  sdss  7136  82S  5 
    8  54411.192190  0  24.162  1.083  0.732  0.939   5.059e-01   1.289e+00   7.844e-01   1.007e+00  6  sdss  7136  82S  5 
    8  54413.234647  1  23.152  0.359  0.490  0.766   1.902e+00   6.468e-01   9.081e-01   1.421e+00  9  sdss  7145  82S  5 
    0  54413.231330  2  22.263  0.227  0.020  0.238   4.454e+00   9.408e-01   8.230e-02   1.000e+00  8  sdss  7145  82S  5 
   32  54413.232160  3  22.085  0.379  0.283  0.421   5.155e+00   1.800e+00   1.394e+00   2.071e+00  11  sdss  7145  82S  5 
   32  54413.233818  4  21.797  0.788  0.168  0.822   5.851e+00   5.565e+00   1.223e+00   6.002e+00  11  sdss  7145  82S  5 
  130  54413.232989  0  26.279  1.114  0.307  2.147  -2.205e+00   2.109e+00   6.819e-01   4.772e+00  6  sdss  7145  82S  5 
    0  54417.236020  1  23.865  0.530  0.195  0.645   9.130e-01   5.265e-01   2.010e-01   6.642e-01  9  sdss  7158  82S  5 
   32  54417.232703  2  22.963  0.387  0.025  0.332   2.280e+00   8.449e-01   5.729e-02   7.488e-01  8  sdss  7158  82S  5 
   32  54417.233532  3  22.378  0.383  0.162  0.244   3.894e+00   1.405e+00   6.146e-01   9.262e-01  11  sdss  7158  82S  5 
    0  54417.235191  4  21.660  0.545  0.130  0.439   6.901e+00   4.255e+00   1.049e+00   3.534e+00  11  sdss  7158  82S  5 
  128  54417.234362  0  25.655  1.137  0.172  1.532  -1.097e+00   1.561e+00   2.389e-01   2.128e+00  6  sdss  7158  82S  5 
   32  54418.234343  1  24.100  0.617  0.111  0.738   6.916e-01   5.239e-01   9.685e-02   6.417e-01  9  sdss  7161  82S  5 
    8  54418.231027  2  22.266  0.197  0.066  0.162   4.442e+00   8.166e-01   2.786e-01   6.783e-01  8  sdss  7161  82S  5 
   32  54418.231856  3  22.612  0.448  0.185  0.247   3.095e+00   1.334e+00   5.746e-01   7.655e-01  11  sdss  7161  82S  5 
  128  54418.233514  4  21.797  0.554  0.160  0.418   5.851e+00   3.955e+00   1.165e+00   3.053e+00  11  sdss  7161  82S  5 
    0  54418.232685  0  23.473  1.016  0.198  1.180   1.402e+00   1.520e+00   3.161e-01   1.888e+00  6  sdss  7161  82S  5 
    1  54422.238454  1  23.303  0.707  0.248  0.610   1.640e+00   1.042e+00   4.028e-01   9.927e-01  9  sdss  7173  82S  5 
   40  54422.235138  2  22.836  0.456  0.182  0.340   2.581e+00   1.097e+00   4.594e-01   8.567e-01  8  sdss  7173  82S  5 
   32  54422.235967  3  22.869  0.654  0.248  0.377   2.380e+00   1.531e+00   6.218e-01   9.426e-01  11  sdss  7173  82S  5 
   32  54422.237625  4  21.937  0.692  0.209  0.494   4.883e+00   4.547e+00   1.390e+00   3.288e+00  11  sdss  7173  82S  5 
    9  54422.236796  0  24.309  1.569  1.123  1.990   3.520e-01   2.129e+00   1.146e+00   2.030e+00  6  sdss  7173  82S  5 
