# SDSS CID:  12885 IAU:          RA: 318.005341 DEC:   0.399931  (J2000)
# GALAXY_SB [ugriz] = [ 24.19 24.79 24.78 23.97 22.59 ] +/- [  0.29  0.13  0.14  0.11  0.11 ] (asinh mag/square arcsec)
# GALAXY_SB_FLUX [ugriz] = [  4.417E-01  1.924E-01  2.091E-02  4.750E-01  1.157E+00 ] +/- [  3.091E-01  7.828E-02  1.090E-01  1.379E-01  5.488E-01 ] (microJy per square arcsec)
#FLAG  MJD       FILT  MAG     MERR  MSKYERR MGALERR  FLUX       FLUXERR    SKYERR     GALERR    NPRE TELE   RUN  STRIP  IDCCD
    0  53974.190057  1  22.342  0.129  0.094  0.099   4.097e+00   4.892e-01   3.594e-01   3.754e-01  10  sdss  6281  82N  4 
    0  53974.186740  2  21.765  0.115  0.053  0.067   7.089e+00   7.512e-01   3.454e-01   4.424e-01  11  sdss  6281  82N  4 
    0  53974.187569  3  21.812  0.185  0.083  0.076   6.669e+00   1.142e+00   5.175e-01   4.710e-01  13  sdss  6281  82N  4 
    0  53974.189228  4  21.691  0.517  0.102  0.261   6.656e+00   3.927e+00   7.979e-01   2.035e+00  13  sdss  6281  82N  4 
    0  53974.188398  0  23.610  1.101  0.045  1.060   1.191e+00   1.548e+00   6.582e-02   1.538e+00  7  sdss  6281  82N  4 
    1  53989.197605  1  23.050  0.366  0.080  0.115   2.099e+00   7.157e-01   1.606e-01   2.320e-01  10  sdss  6314  82N  4 
    0  53989.194288  2  21.656  0.121  0.035  0.040   7.843e+00   8.747e-01   2.543e-01   2.893e-01  11  sdss  6314  82N  4 
    0  53989.195117  3  21.368  0.123  0.034  0.032   1.009e+01   1.145e+00   3.180e-01   3.001e-01  13  sdss  6314  82N  4 
    0  53989.196775  4  21.173  0.302  0.068  0.112   1.164e+01   3.473e+00   7.986e-01   1.307e+00  13  sdss  6314  82N  4 
    1  53989.195946  0  22.501  0.570  0.137  0.276   3.791e+00   1.888e+00   4.906e-01   9.861e-01  7  sdss  6314  82N  4 
    0  53995.186512  1  23.133  0.271  0.109  0.260   1.938e+00   5.003e-01   2.038e-01   4.882e-01  10  sdss  6360  82N  4 
    0  53995.183195  2  21.719  0.111  0.043  0.075   7.398e+00   7.586e-01   2.914e-01   5.136e-01  11  sdss  6360  82N  4 
    0  53995.184024  3  21.618  0.161  0.088  0.095   7.996e+00   1.191e+00   6.546e-01   7.045e-01  13  sdss  6360  82N  4 
    0  53995.185683  4  21.939  0.567  0.416  0.355   4.866e+00   3.704e+00   2.747e+00   2.346e+00  13  sdss  6360  82N  4 
   32  53995.184854  0  24.014  1.203  0.220  1.665   6.700e-01   1.515e+00   2.520e-01   1.904e+00  7  sdss  6360  82N  4 
    0  53997.164771  1  22.985  0.266  0.235  0.284   2.235e+00   5.589e-01   5.026e-01   6.063e-01  10  sdss  6370  82N  4 
    0  53997.161454  2  21.844  0.136  0.078  0.099   6.588e+00   8.241e-01   4.767e-01   6.063e-01  11  sdss  6370  82N  4 
    0  53997.162283  3  21.696  0.198  0.132  0.133   7.434e+00   1.359e+00   9.146e-01   9.179e-01  13  sdss  6370  82N  4 
  128  53997.163941  4  21.866  0.681  0.503  0.482   5.363e+00   4.621e+00   3.483e+00   3.338e+00  13  sdss  6370  82N  4 
    8  53997.163112  0  23.456  1.227  1.198  1.985   1.429e+00   1.851e+00   1.939e+00   3.212e+00  7  sdss  6370  82N  4 
    0  54005.136017  1  23.544  0.376  0.132  0.310   1.287e+00   4.834e-01   1.737e-01   4.101e-01  10  sdss  6400  82N  4 
    0  54005.132700  2  21.859  0.123  0.057  0.073   6.497e+00   7.358e-01   3.428e-01   4.412e-01  11  sdss  6400  82N  4 
    0  54005.133529  3  21.560  0.145  0.046  0.067   8.440e+00   1.126e+00   3.571e-01   5.257e-01  13  sdss  6400  82N  4 
    0  54005.135188  4  23.957  0.460  0.068  0.271  -6.517e+00   3.469e+00   5.263e-01   2.088e+00  13  sdss  6400  82N  4 
    8  54005.134358  0  22.512  0.432  0.216  0.472   3.751e+00   1.461e+00   7.638e-01   1.670e+00  7  sdss  6400  82N  4 
    0  54007.148823  1  23.353  0.370  0.184  0.237   1.561e+00   5.573e-01   2.856e-01   3.681e-01  10  sdss  6412  82N  4 
    0  54007.145506  2  22.063  0.162  0.063  0.080   5.373e+00   8.031e-01   3.126e-01   4.018e-01  11  sdss  6412  82N  4 
    0  54007.146335  3  21.898  0.210  0.126  0.083   6.151e+00   1.197e+00   7.260e-01   4.785e-01  13  sdss  6412  82N  4 
   32  54007.147994  4  22.313  0.742  0.428  0.383   2.633e+00   4.204e+00   2.328e+00   2.083e+00  13  sdss  6412  82N  4 
    8  54007.147164  0  23.375  0.995  0.633  0.884   1.566e+00   1.571e+00   1.089e+00   1.520e+00  7  sdss  6412  82N  4 
    1  54009.145739  1  23.336  0.464  0.165  0.187   1.588e+00   6.982e-01   2.594e-01   2.943e-01  10  sdss  6421  82N  4 
    0  54009.142422  2  21.900  0.143  0.038  0.049   6.254e+00   8.216e-01   2.224e-01   2.853e-01  11  sdss  6421  82N  4 
    0  54009.143251  3  21.652  0.161  0.030  0.048   7.746e+00   1.149e+00   2.191e-01   3.463e-01  13  sdss  6421  82N  4 
   32  54009.144909  4  22.533  0.668  0.338  0.338   1.480e+00   3.559e+00   1.709e+00   1.711e+00  13  sdss  6421  82N  4 
    1  54009.144080  0  25.918  1.130  0.198  0.711  -1.500e+00   1.738e+00   3.310e-01   1.188e+00  7  sdss  6421  82N  4 
    1  54011.210133  1  23.793  1.022  0.138  0.170   9.884e-01   1.004e+00   1.498e-01   1.837e-01  10  sdss  6430  82N  4 
    1  54011.206816  2  21.947  0.205  0.026  0.046   5.986e+00   1.127e+00   1.429e-01   2.546e-01  11  sdss  6430  82N  4 
    1  54011.207645  3  21.896  0.235  0.050  0.047   6.163e+00   1.339e+00   2.876e-01   2.719e-01  13  sdss  6430  82N  4 
    0  54011.209303  4  21.176  0.321  0.066  0.089   1.160e+01   3.677e+00   7.692e-01   1.040e+00  13  sdss  6430  82N  4 
    1  54011.208474  0  21.988  0.465  0.062  0.152   6.147e+00   2.487e+00   3.503e-01   8.620e-01  7  sdss  6430  82N  4 
    1  54019.159649  1  24.152  0.805  0.375  0.407   6.471e-01   6.588e-01   3.138e-01   3.404e-01  10  sdss  6441  82N  4 
    0  54019.156332  2  22.058  0.167  0.087  0.078   5.399e+00   8.327e-01   4.373e-01   3.892e-01  11  sdss  6441  82N  4 
    0  54019.157161  3  21.918  0.211  0.085  0.076   6.037e+00   1.179e+00   4.793e-01   4.326e-01  13  sdss  6441  82N  4 
    0  54019.158820  4  21.553  0.462  0.259  0.241   7.788e+00   3.880e+00   2.240e+00   2.085e+00  13  sdss  6441  82N  4 
    0  54019.157991  0  25.426  1.277  0.327  1.175  -7.984e-01   1.673e+00   3.952e-01   1.421e+00  7  sdss  6441  82N  4 
    0  54025.208016  1  23.523  0.389  0.202  0.319   1.315e+00   5.078e-01   2.716e-01   4.285e-01  10  sdss  6461  82N  4 
    0  54025.204699  2  22.266  0.228  0.165  0.187   4.443e+00   9.337e-01   6.882e-01   7.765e-01  11  sdss  6461  82N  4 
    0  54025.205529  3  22.264  0.321  0.161  0.168   4.345e+00   1.303e+00   6.689e-01   6.976e-01  13  sdss  6461  82N  4 
    0  54025.207187  4  20.893  0.306  0.164  0.161   1.535e+01   4.462e+00   2.447e+00   2.397e+00  13  sdss  6461  82N  4 
    8  54025.206358  0  22.403  0.462  0.265  0.478   4.163e+00   1.709e+00   1.035e+00   1.861e+00  7  sdss  6461  82N  4 
    0  54029.138151  1  24.564  0.644  0.194  0.341   3.404e-01   4.405e-01   1.291e-01   2.275e-01  10  sdss  6474  82N  4 
    0  54029.134835  2  22.451  0.210  0.077  0.081   3.733e+00   7.320e-01   2.719e-01   2.835e-01  11  sdss  6474  82N  4 
    0  54029.135664  3  21.904  0.196  0.049  0.059   6.117e+00   1.113e+00   2.832e-01   3.405e-01  13  sdss  6474  82N  4 
    0  54029.137322  4  22.058  0.572  0.162  0.203   4.109e+00   3.523e+00   9.975e-01   1.249e+00  13  sdss  6474  82N  4 
    0  54029.136493  0  24.898  1.202  0.082  1.103  -2.273e-01   1.428e+00   8.096e-02   1.093e+00  7  sdss  6474  82N  4 
   32  54031.124613  1  25.094  0.711  0.482  0.460   1.440e-02   4.495e-01   2.837e-01   2.712e-01  10  sdss  6484  82N  4 
    0  54031.121296  2  22.525  0.221  0.076  0.102   3.480e+00   7.199e-01   2.487e-01   3.346e-01  11  sdss  6484  82N  4 
    0  54031.122125  3  22.104  0.232  0.090  0.083   5.063e+00   1.099e+00   4.314e-01   3.957e-01  13  sdss  6484  82N  4 
   32  54031.123784  4  22.805  0.687  0.183  0.347   1.370e-01   3.578e+00   8.948e-01   1.695e+00  13  sdss  6484  82N  4 
    8  54031.122954  0  23.769  1.094  0.519  1.005   9.714e-01   1.447e+00   6.804e-01   1.315e+00  7  sdss  6484  82N  4 
   32  54036.128939  1  24.215  0.881  0.467  0.903   5.954e-01   7.015e-01   3.751e-01   7.261e-01  10  sdss  6504  82N  4 
    0  54036.125623  2  23.180  0.568  0.190  0.421   1.835e+00   9.983e-01   3.542e-01   7.845e-01  11  sdss  6504  82N  4 
    0  54036.126452  3  22.211  0.332  0.221  0.200   4.571e+00   1.407e+00   9.650e-01   8.720e-01  13  sdss  6504  82N  4 
    0  54036.128110  4  21.879  0.731  0.714  0.499   5.273e+00   4.923e+00   4.902e+00   3.425e+00  13  sdss  6504  82N  4 
    0  54036.127281  0  22.644  0.685  0.275  0.864   3.304e+00   1.952e+00   8.660e-01   2.720e+00  7  sdss  6504  82N  4 
    1  54039.126994  1  23.772  1.184  0.355  0.365   1.012e+00   1.166e+00   3.903e-01   4.019e-01  10  sdss  6513  82N  4 
    1  54039.123678  2  22.990  0.880  0.369  0.408   2.220e+00   1.676e+00   8.082e-01   8.934e-01  11  sdss  6513  82N  4 
    1  54039.124507  3  23.144  0.906  0.362  0.374   1.765e+00   1.699e+00   7.271e-01   7.495e-01  13  sdss  6513  82N  4 
    0  54039.126165  4  22.046  0.780  0.197  0.418   4.184e+00   4.866e+00   1.219e+00   2.591e+00  13  sdss  6513  82N  4 
    1  54039.125336  0  23.739  1.935  0.761  1.721   1.010e+00   3.179e+00   1.015e+00   2.295e+00  7  sdss  6513  82N  4 
 1177  54041.127597  1  21.552  0.236  4.202  0.090   8.522e+00   1.821e+00   3.301e+01   7.043e-01  10  sdss  6522  82N  4 
 1177  54041.124280  2  20.514  0.143  5.024  0.051   2.251e+01   2.941e+00   1.039e+02   1.061e+00  11  sdss  6522  82N  4 
   25  54041.125110  3  22.944  1.140  7.113  0.531   2.199e+00   2.352e+00   1.665e+01   1.243e+00  13  sdss  6522  82N  4 
 1176  54041.126768  4  21.347  0.757  5.109  0.488   9.730e+00   7.070e+00   5.188e+01   4.950e+00  13  sdss  6522  82N  4 
    1  54041.125939  0  22.065  1.416  0.377  0.724   5.720e+00   5.181e+00   1.988e+00   3.822e+00  7  sdss  6522  82N  4 
   32  54048.120706  1  24.783  0.869  0.724  0.620   2.005e-01   5.834e-01   4.464e-01   3.826e-01  10  sdss  6533  82N  4 
    0  54048.117389  2  23.114  0.465  0.244  0.230   1.962e+00   8.774e-01   4.803e-01   4.541e-01  11  sdss  6533  82N  4 
    0  54048.118218  3  23.413  0.829  0.340  0.324   1.272e+00   1.353e+00   5.646e-01   5.387e-01  13  sdss  6533  82N  4 
    0  54048.119877  4  21.680  0.599  0.243  0.259   6.743e+00   4.553e+00   1.908e+00   2.037e+00  13  sdss  6533  82N  4 
    0  54048.119047  0  23.299  0.990  0.213  1.008   1.703e+00   1.635e+00   3.885e-01   1.838e+00  7  sdss  6533  82N  4 
 1164  54051.112307  1  25.358  1.575  4.803  1.040  -1.426e-01   1.295e+00   2.897e+00   6.274e-01  10  sdss  6548  82N  4 
    8  54051.108991  2  23.323  0.859  1.265  0.467   1.583e+00   1.288e+00   2.097e+00   7.751e-01  11  sdss  6548  82N  4 
    4  54051.109820  3  21.953  0.362  0.245  0.131   5.841e+00   1.922e+00   1.344e+00   7.201e-01  13  sdss  6548  82N  4 
  132  54051.111478  4  20.822  0.706  0.318  0.195   1.645e+01   1.005e+01   5.034e+00   3.079e+00  13  sdss  6548  82N  4 
   12  54051.110649  0  21.574  0.367  0.236  0.313   9.037e+00   2.923e+00   1.952e+00   2.582e+00  7  sdss  6548  82N  4 
   32  54052.124591  1  24.307  0.792  0.776  1.004   5.233e-01   6.036e-01   5.899e-01   7.633e-01  10  sdss  6552  82N  4 
    0  54052.121274  2  23.047  0.486  0.274  0.377   2.098e+00   9.658e-01   5.711e-01   7.870e-01  11  sdss  6552  82N  4 
    0  54052.122103  3  22.971  0.674  0.351  0.354   2.137e+00   1.449e+00   8.039e-01   8.115e-01  13  sdss  6552  82N  4 
    0  54052.123762  4  21.017  0.478  0.136  0.290   1.360e+01   6.092e+00   1.821e+00   3.885e+00  13  sdss  6552  82N  4 
   32  54052.122932  0  23.923  1.445  0.340  2.664   7.769e-01   1.968e+00   4.076e-01   3.191e+00  7  sdss  6552  82N  4 
 1158  54054.143093  1  21.692  0.421  0.742  0.273   7.487e+00   2.768e+00   5.118e+00   1.882e+00  10  sdss  6559  82N  4 
 1214  54054.139776  2  24.121  1.647 36.418  1.840   5.805e-01   1.953e+00   3.497e+01   1.767e+00  11  sdss  6559  82N  4 
  138  54054.140605  3  22.146  0.465  1.057  0.397   4.864e+00   2.038e+00   4.878e+00   1.834e+00  13  sdss  6559  82N  4 
   32  54054.142264  4  22.621  1.281  1.560  1.346   1.041e+00   7.844e+00   7.750e+00   6.691e+00  13  sdss  6559  82N  4 
 1154  54054.141434  0  24.962  1.477  0.688  5.095  -2.912e-01   1.932e+00   6.909e-01   5.116e+00  7  sdss  6559  82N  4 
   32  54055.120299  1  24.777  0.777  0.413  0.672   2.042e-01   5.130e-01   2.555e-01   4.156e-01  10  sdss  6564  82N  4 
    0  54055.116983  2  23.201  0.492  0.371  0.296   1.796e+00   8.621e-01   6.799e-01   5.418e-01  11  sdss  6564  82N  4 
    0  54055.117812  3  23.096  0.659  0.340  0.296   1.863e+00   1.304e+00   7.064e-01   6.162e-01  13  sdss  6564  82N  4 
    0  54055.119470  4  23.690  0.693  0.228  0.361  -4.631e+00   4.447e+00   1.471e+00   2.331e+00  13  sdss  6564  82N  4 
    0  54055.118641  0  26.041  1.041  0.081  1.132  -1.719e+00   1.719e+00   1.494e-01   2.079e+00  7  sdss  6564  82N  4 
    0  54058.118363  1  23.986  0.565  0.202  0.437   7.945e-01   5.146e-01   1.892e-01   4.101e-01  10  sdss  6577  82N  4 
    0  54058.115047  2  23.657  0.699  0.304  0.439   1.094e+00   8.598e-01   3.903e-01   5.638e-01  11  sdss  6577  82N  4 
    0  54058.115876  3  23.244  0.692  0.323  0.288   1.571e+00   1.242e+00   6.025e-01   5.381e-01  13  sdss  6577  82N  4 
   32  54058.117534  4  22.504  0.798  0.197  0.439   1.629e+00   4.373e+00   1.002e+00   2.236e+00  13  sdss  6577  82N  4 
    8  54058.116705  0  25.752  1.122  0.667  1.271  -1.237e+00   1.600e+00   9.892e-01   1.884e+00  7  sdss  6577  82N  4 
   32  54060.140266  1  24.926  0.801  0.623  0.675   1.136e-01   5.207e-01   3.726e-01   4.038e-01  10  sdss  6584  82N  4 
    0  54060.136949  2  23.810  0.803  0.425  0.523   9.082e-01   9.032e-01   4.912e-01   6.041e-01  11  sdss  6584  82N  4 
    0  54060.137778  3  22.611  0.449  0.191  0.179   3.096e+00   1.325e+00   5.864e-01   5.520e-01  13  sdss  6584  82N  4 
    0  54060.139436  4  24.263  0.445  0.157  0.175  -9.172e+00   4.188e+00   1.522e+00   1.703e+00  13  sdss  6584  82N  4 
   32  54060.138607  0  23.954  1.309  0.292  1.379   7.394e-01   1.711e+00   3.442e-01   1.625e+00  7  sdss  6584  82N  4 
   32  54063.108573  1  24.946  0.839  0.555  0.871   1.016e-01   5.487e-01   3.312e-01   5.195e-01  10  sdss  6600  82N  4 
   32  54063.105256  2  24.092  0.929  0.625  0.680   6.086e-01   9.364e-01   6.097e-01   6.632e-01  11  sdss  6600  82N  4 
   32  54063.106086  3  24.319  0.997  1.050  0.530   5.091e-02   1.353e+00   1.244e+00   6.279e-01  13  sdss  6600  82N  4 
    0  54063.107744  4  21.689  0.681  0.574  0.333   6.672e+00   5.114e+00   4.487e+00   2.603e+00  13  sdss  6600  82N  4 
    0  54063.106915  0  25.223  1.395  0.150  2.178  -5.638e-01   1.818e+00   1.648e-01   2.386e+00  7  sdss  6600  82N  4 
