# SDSS CID:  16457 IAU:          RA: 355.280609 DEC:  -0.230503  (J2000)
# GALAXY_SB [ugriz] = [ 23.67 23.86 23.43 23.26 22.39 ] +/- [  0.21  0.09  0.06  0.07  0.11 ] (asinh mag/square arcsec)
# GALAXY_SB_FLUX [ugriz] = [  1.057E+00  9.144E-01  1.406E+00  1.535E+00  2.171E+00 ] +/- [  2.846E-01  9.039E-02  9.740E-02  1.302E-01  5.576E-01 ] (microJy per square arcsec)
#FLAG  MJD       FILT  MAG     MERR  MSKYERR MGALERR  FLUX       FLUXERR    SKYERR     GALERR    NPRE TELE   RUN  STRIP  IDCCD
    0  53975.291405  1  23.094  0.311  0.230  0.419   2.012e+00   5.868e-01   4.440e-01   8.093e-01  12  sdss  6287  82S  3 
   32  53975.288088  2  23.428  0.568  0.222  0.416   1.416e+00   8.270e-01   3.388e-01   6.342e-01  13  sdss  6287  82S  3 
   32  53975.288917  3  23.366  0.846  0.459  0.571   1.351e+00   1.412e+00   7.871e-01   9.783e-01  13  sdss  6287  82S  3 
  160  53975.290576  4  22.660  0.914  0.287  0.758   8.474e-01   5.039e+00   1.418e+00   3.744e+00  11  sdss  6287  82S  3 
   32  53975.289746  0  23.896  1.389  0.074  2.430   8.102e-01   1.870e+00   8.998e-02   2.945e+00  9  sdss  6287  82S  3 
 1181  53993.359648  1  27.594  0.981  3.630  0.305  -3.094e+00   2.302e+00   1.050e+01   8.821e-01  12  sdss  6348  82S  3 
 1176  53993.356330  2  22.914  0.457  3.666  0.248   2.391e+00   1.021e+00   8.570e+00   5.802e-01  13  sdss  6348  82S  3 
 1176  53993.357160  3  22.631  0.553  3.184  0.233   3.034e+00   1.575e+00   9.632e+00   7.052e-01  13  sdss  6348  82S  3 
 1180  53993.358818  4  25.162  1.205  2.648  0.173  -2.232e+01   1.941e+01   5.624e+01   3.680e+00  11  sdss  6348  82S  3 
    0  53993.357989  0  26.745  0.821  0.459  0.821  -3.492e+00   2.344e+00   1.506e+00   2.697e+00  9  sdss  6348  82S  3 
    0  53994.314732  1  23.703  0.446  0.076  0.326   1.090e+00   5.001e-01   8.755e-02   3.769e-01  12  sdss  6355  82S  3 
    0  53994.311414  2  22.773  0.292  0.033  0.142   2.743e+00   7.564e-01   8.808e-02   3.746e-01  13  sdss  6355  82S  3 
    0  53994.312244  3  22.392  0.333  0.082  0.129   3.839e+00   1.207e+00   3.036e-01   4.804e-01  13  sdss  6355  82S  3 
    0  53994.313902  4  22.178  0.653  0.274  0.307   3.391e+00   3.849e+00   1.588e+00   1.781e+00  11  sdss  6355  82S  3 
   32  53994.313073  0  24.252  1.199  0.096  1.277   4.103e-01   1.449e+00   9.990e-02   1.324e+00  9  sdss  6355  82S  3 
   32  53996.298535  1  23.930  0.638  0.267  0.848   8.481e-01   5.965e-01   2.599e-01   8.261e-01  12  sdss  6367  82S  3 
   32  53996.295218  2  23.568  0.663  0.197  0.520   1.213e+00   8.671e-01   2.699e-01   7.123e-01  13  sdss  6367  82S  3 
   32  53996.296047  3  23.225  0.785  0.437  0.572   1.606e+00   1.416e+00   8.268e-01   1.082e+00  13  sdss  6367  82S  3 
    0  53996.297705  4  23.358  0.912  0.914  0.881  -2.664e+00   5.316e+00   4.995e+00   4.814e+00  11  sdss  6367  82S  3 
   34  53996.296876  0  22.905  0.980  0.205  1.789   2.558e+00   2.093e+00   5.113e-01   4.462e+00  9  sdss  6367  82S  3 
    0  53998.267015  1  23.222  0.291  0.033  0.209   1.777e+00   4.942e-01   5.629e-02   3.611e-01  12  sdss  6377  82S  3 
   32  53998.263697  2  23.416  0.492  0.021  0.238   1.435e+00   7.307e-01   3.283e-02   3.667e-01  13  sdss  6377  82S  3 
    0  53998.264527  3  22.945  0.482  0.036  0.169   2.197e+00   1.087e+00   8.432e-02   3.944e-01  13  sdss  6377  82S  3 
    0  53998.266185  4  22.018  0.542  0.072  0.263   4.354e+00   3.416e+00   4.569e-01   1.665e+00  11  sdss  6377  82S  3 
    0  53998.265356  0  25.740  1.040  0.155  0.973  -1.220e+00   1.467e+00   2.268e-01   1.423e+00  9  sdss  6377  82S  3 
    0  54005.297323  1  23.035  0.245  0.070  0.175   2.130e+00   4.907e-01   1.414e-01   3.558e-01  12  sdss  6402  82S  3 
    0  54005.294006  2  23.159  0.375  0.118  0.145   1.874e+00   6.920e-01   2.245e-01   2.746e-01  13  sdss  6402  82S  3 
    0  54005.294835  3  22.501  0.326  0.060  0.096   3.452e+00   1.077e+00   2.039e-01   3.252e-01  13  sdss  6402  82S  3 
   32  54005.296493  4  22.483  0.641  0.176  0.298   1.738e+00   3.440e+00   9.052e-01   1.533e+00  11  sdss  6402  82S  3 
    0  54005.295664  0  22.973  0.662  0.201  0.520   2.389e+00   1.440e+00   4.722e-01   1.224e+00  9  sdss  6402  82S  3 
    0  54008.257840  1  23.237  0.320  0.131  0.299   1.752e+00   5.335e-01   2.232e-01   5.100e-01  12  sdss  6417  82S  3 
    0  54008.254523  2  22.816  0.316  0.152  0.187   2.631e+00   7.867e-01   3.882e-01   4.765e-01  13  sdss  6417  82S  3 
    0  54008.255352  3  22.783  0.441  0.073  0.179   2.604e+00   1.134e+00   1.948e-01   4.783e-01  13  sdss  6417  82S  3 
    0  54008.257010  4  21.812  0.549  0.102  0.341   5.745e+00   3.881e+00   7.331e-01   2.462e+00  11  sdss  6417  82S  3 
    0  54008.256181  0  24.721  1.320  0.229  1.841  -5.398e-02   1.619e+00   2.218e-01   1.786e+00  9  sdss  6417  82S  3 
    1  54010.252604  1  23.079  0.374  0.114  0.143   2.041e+00   7.078e-01   2.233e-01   2.790e-01  12  sdss  6425  82S  3 
    0  54010.249287  2  23.018  0.401  0.046  0.120   2.159e+00   8.283e-01   9.882e-02   2.567e-01  13  sdss  6425  82S  3 
    0  54010.250117  3  22.929  0.501  0.113  0.132   2.235e+00   1.140e+00   2.666e-01   3.121e-01  13  sdss  6425  82S  3 
    0  54010.251775  4  22.346  0.585  0.284  0.264   2.453e+00   3.232e+00   1.530e+00   1.419e+00  11  sdss  6425  82S  3 
   33  54010.250946  0  23.745  1.281  0.129  0.777   1.002e+00   1.748e+00   1.700e-01   1.028e+00  9  sdss  6425  82S  3 
    1  54012.245283  1  26.327  1.450  0.271  0.321  -8.681e-01   1.358e+00   2.678e-01   3.173e-01  12  sdss  6433  82S  3 
    1  54012.241966  2  22.293  0.332  0.084  0.067   4.329e+00   1.309e+00   3.411e-01   2.702e-01  13  sdss  6433  82S  3 
    1  54012.242796  3  22.332  0.394  0.122  0.084   4.069e+00   1.489e+00   4.793e-01   3.300e-01  13  sdss  6433  82S  3 
    0  54012.244454  4  21.400  0.418  0.035  0.147   9.201e+00   3.988e+00   3.420e-01   1.447e+00  11  sdss  6433  82S  3 
    1  54012.243625  0  27.050  0.844  0.193  0.254  -4.671e+00   3.100e+00   8.325e-01   1.095e+00  9  sdss  6433  82S  3 
    1  54020.251078  1  22.979  0.359  0.164  0.246   2.247e+00   7.438e-01   3.507e-01   5.257e-01  12  sdss  6447  82S  3 
   32  54020.247762  2  23.664  0.775  0.513  0.409   1.086e+00   9.458e-01   6.560e-01   5.227e-01  13  sdss  6447  82S  3 
    0  54020.248591  3  22.529  0.456  0.199  0.226   3.358e+00   1.441e+00   6.575e-01   7.460e-01  13  sdss  6447  82S  3 
   32  54020.250249  4  22.278  0.817  0.181  0.461   2.827e+00   4.732e+00   1.003e+00   2.553e+00  11  sdss  6447  82S  3 
    1  54020.249420  0  25.462  1.541  1.086  1.928  -8.423e-01   2.174e+00   1.335e+00   2.370e+00  9  sdss  6447  82S  3 
 1181  54022.299974  1  20.924  0.325  2.737  0.061   1.521e+01   4.398e+00   3.811e+01   8.519e-01  12  sdss  6453  82S  3 
   60  54022.296657  2  24.072  1.438  4.611  0.567   6.278e-01   1.609e+00   4.543e+00   5.591e-01  13  sdss  6453  82S  3 
 1180  54022.297486  3  22.232  1.128 10.784  0.220   4.481e+00   3.818e+00   4.614e+01   9.410e-01  13  sdss  6453  82S  3 
 1028  54022.299144  4  18.943  0.635  0.603  0.046   9.520e+01   5.043e+01   5.324e+01   4.089e+00  11  sdss  6453  82S  3 
 1164  54022.298315  0  20.678  0.523  0.499  0.194   2.069e+01   9.055e+00   9.298e+00   3.610e+00  9  sdss  6453  82S  3 
   32  54024.332140  1  23.326  0.433  0.158  0.647   1.604e+00   6.583e-01   2.501e-01   1.023e+00  12  sdss  6458  82S  3 
   34  54024.328823  2  24.621  1.163  0.167  1.497   1.457e-01   1.123e+00   1.350e-01   1.213e+00  13  sdss  6458  82S  3 
   32  54024.329652  3  23.051  0.798  0.393  0.617   1.958e+00   1.599e+00   8.464e-01   1.327e+00  13  sdss  6458  82S  3 
    0  54024.331310  4  23.127  1.023  0.188  1.074  -1.454e+00   5.859e+00   9.503e-01   5.432e+00  11  sdss  6458  82S  3 
    2  54024.330481  0  26.402  1.020  0.097  1.426  -2.496e+00   2.122e+00   2.372e-01   3.483e+00  9  sdss  6458  82S  3 
  128  54028.241046  1  23.476  0.395  0.152  0.405   1.381e+00   5.335e-01   2.120e-01   5.640e-01  12  sdss  6468  82S  3 
   32  54028.237729  2  23.390  0.557  0.201  0.293   1.475e+00   8.364e-01   3.168e-01   4.602e-01  13  sdss  6468  82S  3 
    0  54028.238558  3  22.454  0.391  0.138  0.183   3.614e+00   1.329e+00   4.878e-01   6.437e-01  13  sdss  6468  82S  3 
   32  54028.240217  4  22.432  0.764  0.059  0.421   2.000e+00   4.224e+00   3.064e-01   2.195e+00  11  sdss  6468  82S  3 
    0  54028.239387  0  26.319  0.778  0.086  0.741  -2.297e+00   1.604e+00   1.953e-01   1.691e+00  9  sdss  6468  82S  3 
    0  54030.244033  1  23.285  0.302  0.126  0.191   1.671e+00   4.849e-01   2.059e-01   3.123e-01  12  sdss  6479  82S  3 
    0  54030.240716  2  22.998  0.343  0.084  0.117   2.202e+00   7.272e-01   1.825e-01   2.548e-01  13  sdss  6479  82S  3 
    0  54030.241545  3  22.622  0.365  0.072  0.091   3.061e+00   1.082e+00   2.197e-01   2.771e-01  13  sdss  6479  82S  3 
    0  54030.243203  4  22.132  0.583  0.177  0.242   3.660e+00   3.487e+00   1.053e+00   1.439e+00  11  sdss  6479  82S  3 
   32  54030.242374  0  24.466  1.214  0.058  0.966   1.944e-01   1.444e+00   5.710e-02   9.512e-01  9  sdss  6479  82S  3 
   32  54035.319460  1  23.668  0.621  0.492  0.753   1.131e+00   6.968e-01   5.860e-01   8.964e-01  12  sdss  6501  82S  3 
   32  54035.316141  2  23.378  0.726  0.342  0.456   1.494e+00   1.071e+00   5.429e-01   7.246e-01  13  sdss  6501  82S  3 
    0  54035.316972  3  22.663  0.541  0.205  0.296   2.938e+00   1.504e+00   6.035e-01   8.714e-01  13  sdss  6501  82S  3 
    0  54035.318631  4  23.062  1.020  0.855  0.886  -1.125e+00   5.798e+00   4.265e+00   4.421e+00  11  sdss  6501  82S  3 
    8  54035.317801  0  22.276  0.627  0.755  0.778   4.694e+00   2.468e+00   3.265e+00   3.368e+00  9  sdss  6501  82S  3 
    0  54037.224890  1  23.495  0.465  0.231  0.278   1.353e+00   6.116e-01   3.173e-01   3.812e-01  12  sdss  6508  82S  3 
    0  54037.221573  2  22.884  0.406  0.114  0.135   2.462e+00   9.383e-01   2.737e-01   3.241e-01  13  sdss  6508  82S  3 
    0  54037.222403  3  22.321  0.358  0.092  0.106   4.112e+00   1.375e+00   3.639e-01   4.196e-01  13  sdss  6508  82S  3 
    0  54037.224061  4  21.241  0.406  0.187  0.166   1.086e+01   4.396e+00   2.089e+00   1.857e+00  11  sdss  6508  82S  3 
  164  54037.223232  0  23.656  1.272  0.283  1.060   1.125e+00   1.781e+00   3.960e-01   1.483e+00  9  sdss  6508  82S  3 
   33  54040.239028  1  23.877  1.444  0.577  0.404   9.012e-01   1.367e+00   5.842e-01   4.087e-01  12  sdss  6518  82S  3 
   33  54040.235711  2  23.293  0.964  0.100  0.236   1.634e+00   1.452e+00   1.699e-01   4.011e-01  13  sdss  6518  82S  3 
   33  54040.236540  3  23.585  1.053  0.315  0.282   1.001e+00   1.632e+00   4.721e-01   4.223e-01  13  sdss  6518  82S  3 
    0  54040.238199  4  22.307  0.834  0.330  0.366   2.663e+00   4.802e+00   1.805e+00   1.999e+00  11  sdss  6518  82S  3 
    9  54040.237370  0  25.320  1.922  2.304  1.199  -6.735e-01   3.062e+00   2.632e+00   1.369e+00  9  sdss  6518  82S  3 
    3  54047.269193  1  23.069  1.659  0.739  0.876   2.060e+00   2.332e+00   1.459e+00   1.730e+00  12  sdss  6530  82S  3 
   35  54047.265876  2  22.588  0.938  0.436  0.692   3.276e+00   2.433e+00   1.357e+00   2.153e+00  13  sdss  6530  82S  3 
    2  54047.266705  3  25.636  1.439  0.861  1.359  -1.878e+00   2.773e+00   1.800e+00   2.842e+00  13  sdss  6530  82S  3 
    2  54047.268363  4  21.510  1.061  0.943  1.309   8.173e+00   8.636e+00   8.490e+00   1.178e+01  11  sdss  6530  82S  3 
   35  54047.267534  0  24.075  2.626  2.708  4.222   6.013e-01   5.886e+00   3.004e+00   4.683e+00  9  sdss  6530  82S  3 
    1  54049.265044  1  25.696  1.586  0.722  1.408  -3.568e-01   1.341e+00   4.862e-01   9.480e-01  12  sdss  6537  82S  3 
   33  54049.261727  2  23.390  0.867  0.100  0.459   1.475e+00   1.242e+00   1.576e-01   7.214e-01  13  sdss  6537  82S  3 
    0  54049.262556  3  22.612  0.565  0.208  0.289   3.093e+00   1.630e+00   6.400e-01   8.872e-01  13  sdss  6537  82S  3 
    0  54049.264215  4  23.902  0.750  0.557  0.519  -6.096e+00   5.392e+00   4.154e+00   3.873e+00  11  sdss  6537  82S  3 
    1  54049.263385  0  22.360  1.023  0.498  0.667   4.335e+00   3.318e+00   1.997e+00   2.676e+00  9  sdss  6537  82S  3 
   32  54050.222858  1  23.333  2.594  2.146  2.831   1.593e+00   3.789e+00   3.372e+00   4.451e+00  12  sdss  6542  82S  3 
  160  54050.219541  2  24.493  1.825  2.242  2.907   2.501e-01   2.260e+00   1.864e+00   2.417e+00  13  sdss  6542  82S  3 
    2  54050.220370  3  21.821  0.350  0.278  0.349   6.613e+00   2.097e+00   1.719e+00   2.155e+00  13  sdss  6542  82S  3 
  162  54050.222029  4  21.765  1.277  1.818  1.675   6.088e+00   9.264e+00   1.355e+01   1.248e+01  11  sdss  6542  82S  3 
    2  54050.221200  0  21.826  0.496  0.251  1.113   7.152e+00   3.023e+00   1.630e+00   7.230e+00  9  sdss  6542  82S  3 
    0  54053.228670  1  23.388  0.384  0.192  0.415   1.509e+00   5.588e-01   2.874e-01   6.218e-01  12  sdss  6555  82S  3 
    0  54053.225353  2  22.620  0.266  0.107  0.150   3.177e+00   7.897e-01   3.232e-01   4.532e-01  13  sdss  6555  82S  3 
    0  54053.226182  3  22.567  0.414  0.166  0.222   3.234e+00   1.275e+00   5.307e-01   7.106e-01  13  sdss  6555  82S  3 
    0  54053.227841  4  21.990  0.672  0.402  0.448   4.538e+00   4.299e+00   2.588e+00   2.881e+00  11  sdss  6555  82S  3 
    0  54053.227011  0  25.483  1.232  0.160  1.667  -8.688e-01   1.620e+00   1.988e-01   2.074e+00  9  sdss  6555  82S  3 
  160  54056.230445  1  23.354  0.472  0.082  0.686   1.561e+00   6.964e-01   1.271e-01   1.059e+00  12  sdss  6568  82S  3 
   32  54056.227128  2  24.363  1.058  0.422  0.977   3.604e-01   1.022e+00   3.650e-01   8.449e-01  13  sdss  6568  82S  3 
   32  54056.227957  3  23.272  0.845  0.353  0.500   1.519e+00   1.481e+00   6.460e-01   9.143e-01  13  sdss  6568  82S  3 
   32  54056.229616  4  22.274  0.986  0.848  0.819   2.850e+00   5.876e+00   4.705e+00   4.542e+00  11  sdss  6568  82S  3 
    8  54056.228786  0  25.595  1.475  2.672  2.173  -1.014e+00   2.097e+00   3.552e+00   2.889e+00  9  sdss  6568  82S  3 
   34  54059.224437  1  23.540  0.564  0.699  0.968   1.293e+00   7.046e-01   9.231e-01   1.279e+00  12  sdss  6580  82S  3 
   32  54059.221121  2  24.386  0.963  0.136  0.869   3.406e-01   9.067e-01   1.165e-01   7.455e-01  13  sdss  6580  82S  3 
    0  54059.221950  3  22.643  0.501  0.227  0.369   2.998e+00   1.426e+00   6.796e-01   1.105e+00  13  sdss  6580  82S  3 
    0  54059.223608  4  21.799  0.754  0.538  0.708   5.838e+00   5.318e+00   3.914e+00   5.153e+00  11  sdss  6580  82S  3 
   10  54059.222779  0  25.993  1.394  1.260  2.375  -1.630e+00   2.221e+00   2.212e+00   4.170e+00  9  sdss  6580  82S  3 
   32  54062.229026  1  23.827  0.742  0.279  1.200   9.520e-01   7.330e-01   2.931e-01   1.261e+00  12  sdss  6596  82S  3 
    0  54062.225709  2  22.714  0.434  0.283  0.424   2.904e+00   1.155e+00   7.868e-01   1.179e+00  13  sdss  6596  82S  3 
    0  54062.226538  3  22.632  0.626  0.291  0.433   3.031e+00   1.756e+00   8.793e-01   1.308e+00  13  sdss  6596  82S  3 
   32  54062.228196  4  22.645  1.120  0.236  1.028   9.211e-01   6.520e+00   1.171e+00   5.091e+00  11  sdss  6596  82S  3 
    2  54062.227367  0  25.531  1.639  0.254  3.504  -9.296e-01   2.408e+00   3.246e-01   4.482e+00  9  sdss  6596  82S  3 
