# SDSS CID:  17765 IAU:          RA:   9.701622 DEC:  -0.004128  (J2000)
# GALAXY_SB [ugriz] = [ 23.07 22.84 22.61 22.28 21.70 ] +/- [  0.11  0.03  0.02  0.02  0.05 ] (asinh mag/square arcsec)
# GALAXY_SB_FLUX [ugriz] = [  2.098E+00  2.563E+00  3.211E+00  4.287E+00  6.549E+00 ] +/- [  2.314E-01  6.423E-02  7.467E-02  9.864E-02  3.707E-01 ] (microJy per square arcsec)
#FLAG  MJD       FILT  MAG     MERR  MSKYERR MGALERR  FLUX       FLUXERR    SKYERR     GALERR    NPRE TELE   RUN  STRIP  IDCCD
   33  54346.321415  1  22.494  0.342  0.151  0.150   3.556e+00   1.098e+00   5.008e-01   4.970e-01  28  sdss  6920  82N  3 
   32  54346.318097  2  22.640  0.398  0.104  0.147   3.117e+00   1.137e+00   3.075e-01   4.360e-01  30  sdss  6920  82N  3 
   32  54346.318927  3  22.345  0.405  0.124  0.137   4.019e+00   1.513e+00   4.818e-01   5.330e-01  29  sdss  6920  82N  3 
   32  54346.320585  4  21.847  0.696  0.422  0.306   5.497e+00   4.798e+00   2.984e+00   2.158e+00  32  sdss  6920  82N  3 
  161  54346.319756  0  22.689  1.161  0.298  0.676   3.163e+00   2.773e+00   8.900e-01   2.019e+00  19  sdss  6920  82N  3 
   32  54348.351665  1  22.832  0.278  0.151  0.139   2.587e+00   6.656e-01   3.687e-01   3.388e-01  28  sdss  6934  82N  3 
   32  54348.348347  2  22.282  0.211  0.076  0.084   4.374e+00   8.534e-01   3.121e-01   3.421e-01  30  sdss  6934  82N  3 
   32  54348.349177  3  22.423  0.360  0.090  0.118   3.726e+00   1.269e+00   3.278e-01   4.288e-01  29  sdss  6934  82N  3 
   40  54348.350835  4  22.419  0.667  0.509  0.251   2.066e+00   3.648e+00   2.668e+00   1.315e+00  32  sdss  6934  82N  3 
    0  54348.350006  0  22.172  0.406  0.060  0.292   5.176e+00   1.842e+00   2.812e-01   1.382e+00  19  sdss  6934  82N  3 
    0  54357.310191  1  22.242  0.124  0.022  0.058   4.498e+00   5.140e-01   9.295e-02   2.399e-01  28  sdss  6955  82S  4 
   32  54357.306874  2  22.615  0.242  0.056  0.077   3.192e+00   7.241e-01   1.690e-01   2.325e-01  30  sdss  6955  82S  4 
   32  54357.307703  3  22.228  0.256  0.049  0.059   4.498e+00   1.085e+00   2.132e-01   2.555e-01  29  sdss  6955  82S  4 
   32  54357.309362  4  21.679  0.447  0.053  0.150   6.744e+00   3.471e+00   4.186e-01   1.194e+00  32  sdss  6955  82S  4 
    8  54357.308533  0  21.773  0.236  0.112  0.156   7.516e+00   1.575e+00   7.578e-01   1.056e+00  19  sdss  6955  82S  4 
   32  54358.307814  1  22.272  0.171  0.075  0.151   4.375e+00   6.858e-01   3.026e-01   6.133e-01  28  sdss  6958  82N  3 
   32  54358.304496  2  22.318  0.236  0.178  0.131   4.229e+00   9.231e-01   7.041e-01   5.181e-01  30  sdss  6958  82N  3 
   32  54358.305326  3  21.956  0.278  0.061  0.130   5.823e+00   1.497e+00   3.348e-01   7.133e-01  29  sdss  6958  82N  3 
   32  54358.306984  4  22.424  0.926  1.063  0.513   2.040e+00   5.279e+00   5.564e+00   2.684e+00  32  sdss  6958  82N  3 
  164  54358.306155  0  22.641  0.820  0.084  0.848   3.313e+00   2.229e+00   2.632e-01   2.643e+00  19  sdss  6958  82N  3 
   32  54359.301780  1  22.126  0.190  0.062  0.150   5.011e+00   8.713e-01   2.888e-01   6.943e-01  28  sdss  6963  82N  3 
   36  54359.298463  2  21.842  0.220  0.050  0.110   6.596e+00   1.324e+00   3.078e-01   6.709e-01  30  sdss  6963  82N  3 
   36  54359.299292  3  22.543  0.721  0.335  0.265   3.312e+00   2.131e+00   1.098e+00   8.661e-01  29  sdss  6963  82N  3 
   36  54359.300951  4  21.227  0.671  0.425  0.230   1.101e+01   7.036e+00   4.819e+00   2.606e+00  32  sdss  6963  82N  3 
  134  54359.300121  0  21.565  0.468  0.107  0.671   9.119e+00   3.625e+00   8.769e-01   5.506e+00  19  sdss  6963  82N  3 
    0  54365.341099  1  22.094  0.123  0.050  0.054   5.162e+00   5.814e-01   2.402e-01   2.562e-01  28  sdss  6982  82N  3 
    0  54365.337782  2  22.066  0.158  0.035  0.045   5.355e+00   7.823e-01   1.735e-01   2.250e-01  30  sdss  6982  82N  3 
   32  54365.338611  3  22.006  0.232  0.025  0.057   5.555e+00   1.204e+00   1.302e-01   3.013e-01  29  sdss  6982  82N  3 
    8  54365.340270  4  21.642  0.444  0.295  0.136   7.040e+00   3.540e+00   2.404e+00   1.109e+00  32  sdss  6982  82N  3 
    0  54365.339441  0  21.812  0.242  0.022  0.145   7.248e+00   1.561e+00   1.455e-01   9.496e-01  19  sdss  6982  82N  3 
 1156  54379.350669  1  21.753  0.197  0.053  0.113   7.079e+00   1.269e+00   3.455e-01   7.378e-01  28  sdss  7024  82S  4 
 1196  54379.347352  2  22.573  3.048  4.801  0.155   3.322e+00   7.876e+00   1.513e+01   4.899e-01  30  sdss  7024  82S  4 
   36  54379.348181  3  21.791  0.296  0.145  0.075   6.800e+00   1.846e+00   9.235e-01   4.787e-01  29  sdss  7024  82S  4 
 1164  54379.349839  4  19.889  0.846  1.805  0.140   3.966e+01   2.649e+01   6.709e+01   5.219e+00  32  sdss  7024  82S  4 
 1164  54379.349010  0  21.841  0.487  0.353  0.432   7.056e+00   2.919e+00   2.253e+00   2.759e+00  19  sdss  7024  82S  4 
    0  54381.360464  1  22.125  0.122  0.071  0.073   5.015e+00   5.631e-01   3.301e-01   3.401e-01  28  sdss  7034  82N  3 
   32  54381.357147  2  22.320  0.228  0.034  0.121   4.221e+00   8.892e-01   1.328e-01   4.799e-01  30  sdss  7034  82N  3 
   32  54381.357977  3  22.932  0.560  0.186  0.203   2.227e+00   1.263e+00   4.396e-01   4.817e-01  29  sdss  7034  82N  3 
   32  54381.359635  4  22.740  0.761  0.357  0.356   4.546e-01   4.031e+00   1.747e+00   1.742e+00  32  sdss  7034  82N  3 
    0  54381.358806  0  22.391  0.476  0.085  0.430   4.207e+00   1.751e+00   3.308e-01   1.670e+00  19  sdss  7034  82N  3 
   34  54382.340372  1  22.002  0.153  0.258  0.248   5.622e+00   7.890e-01   1.334e+00   1.287e+00  28  sdss  7038  82S  4 
   34  54382.337055  2  22.295  0.316  0.230  0.316   4.321e+00   1.246e+00   9.325e-01   1.277e+00  30  sdss  7038  82S  4 
   34  54382.337885  3  22.055  0.415  0.334  0.356   5.303e+00   2.000e+00   1.677e+00   1.791e+00  29  sdss  7038  82S  4 
    2  54382.339543  4  24.435  0.711  0.862  0.500  -1.098e+01   7.381e+00   9.750e+00   5.651e+00  32  sdss  7038  82S  4 
    2  54382.338714  0  21.536  0.307  0.193  0.509   9.367e+00   2.519e+00   1.630e+00   4.288e+00  19  sdss  7038  82S  4 
    0  54384.367260  1  22.056  0.118  0.041  0.057   5.347e+00   5.791e-01   2.026e-01   2.811e-01  28  sdss  7047  82N  3 
    0  54384.363942  2  22.204  0.195  0.084  0.071   4.706e+00   8.477e-01   3.708e-01   3.140e-01  30  sdss  7047  82N  3 
   32  54384.364772  3  22.195  0.288  0.095  0.075   4.642e+00   1.252e+00   4.193e-01   3.347e-01  29  sdss  7047  82N  3 
   32  54384.366430  4  21.819  0.562  0.325  0.173   5.696e+00   3.962e+00   2.342e+00   1.243e+00  32  sdss  7047  82N  3 
  136  54384.365601  0  21.764  0.266  0.174  0.193   7.580e+00   1.784e+00   1.191e+00   1.318e+00  19  sdss  7047  82N  3 
    0  54385.358297  1  22.163  0.120  0.027  0.059   4.841e+00   5.366e-01   1.208e-01   2.658e-01  28  sdss  7051  82S  4 
    8  54385.354980  2  22.200  0.174  0.089  0.059   4.723e+00   7.612e-01   3.922e-01   2.619e-01  30  sdss  7051  82S  4 
   32  54385.355809  3  22.358  0.305  0.084  0.087   3.969e+00   1.147e+00   3.235e-01   3.330e-01  29  sdss  7051  82S  4 
   32  54385.357468  4  21.985  0.533  0.168  0.179   4.568e+00   3.424e+00   1.087e+00   1.156e+00  32  sdss  7051  82S  4 
    8  54385.356638  0  21.941  0.303  0.186  0.200   6.427e+00   1.720e+00   1.083e+00   1.167e+00  19  sdss  7051  82S  4 
    0  54386.352884  1  22.093  0.134  0.047  0.085   5.167e+00   6.336e-01   2.226e-01   4.059e-01  28  sdss  7054  82N  3 
   32  54386.349567  2  22.539  0.367  0.172  0.143   3.432e+00   1.152e+00   5.588e-01   4.651e-01  30  sdss  7054  82N  3 
   32  54386.350396  3  23.448  0.967  0.668  0.345   1.214e+00   1.562e+00   1.087e+00   5.622e-01  29  sdss  7054  82N  3 
  172  54386.352055  4  22.127  0.770  0.732  0.271   3.687e+00   4.667e+00   4.361e+00   1.614e+00  32  sdss  7054  82N  3 
  140  54386.351225  0  21.735  0.312  0.340  0.261   7.787e+00   2.135e+00   2.391e+00   1.832e+00  19  sdss  7054  82N  3 
   32  54387.358665  1  22.124  0.157  0.161  0.178   5.020e+00   7.213e-01   7.441e-01   8.256e-01  28  sdss  7057  82S  4 
   32  54387.355347  2  22.211  0.238  0.087  0.156   4.675e+00   1.023e+00   3.781e-01   6.827e-01  30  sdss  7057  82S  4 
  160  54387.356177  3  22.457  0.423  0.244  0.234   3.604e+00   1.433e+00   8.596e-01   8.249e-01  29  sdss  7057  82S  4 
    0  54387.357835  4  24.518  0.463  0.504  0.284  -1.194e+01   5.381e+00   6.104e+00   3.440e+00  32  sdss  7057  82S  4 
   12  54387.357006  0  21.508  0.274  0.317  0.296   9.613e+00   2.319e+00   2.741e+00   2.557e+00  19  sdss  7057  82S  4 
   32  54388.356928  1  22.211  0.132  0.010  0.070   4.630e+00   5.631e-01   4.408e-02   2.984e-01  28  sdss  7060  82N  3 
   32  54388.353611  2  22.529  0.253  0.040  0.083   3.464e+00   8.158e-01   1.320e-01   2.709e-01  30  sdss  7060  82N  3 
   32  54388.354440  3  22.532  0.387  0.093  0.106   3.348e+00   1.238e+00   3.065e-01   3.515e-01  29  sdss  7060  82N  3 
   32  54388.356099  4  21.851  0.578  0.114  0.203   5.470e+00   3.996e+00   8.018e-01   1.429e+00  32  sdss  7060  82N  3 
  136  54388.355270  0  21.962  0.324  0.231  0.264   6.302e+00   1.804e+00   1.319e+00   1.506e+00  19  sdss  7060  82N  3 
   32  54392.353182  1  22.031  0.140  0.163  0.158   5.473e+00   7.045e-01   8.208e-01   7.953e-01  28  sdss  7076  82S  4 
   32  54392.349865  2  22.344  0.306  0.095  0.212   4.126e+00   1.156e+00   3.694e-01   8.206e-01  30  sdss  7076  82S  4 
   32  54392.350694  3  22.086  0.350  0.293  0.212   5.149e+00   1.658e+00   1.433e+00   1.035e+00  29  sdss  7076  82S  4 
    0  54392.352352  4  23.592  0.876  0.378  0.518  -4.013e+00   5.466e+00   2.324e+00   3.181e+00  32  sdss  7076  82S  4 
    2  54392.351523  0  21.711  0.342  0.244  0.438   7.962e+00   2.378e+00   1.756e+00   3.149e+00  19  sdss  7076  82S  4 
   32  54393.342653  1  22.236  0.136  0.052  0.073   4.523e+00   5.649e-01   2.172e-01   3.074e-01  28  sdss  7080  82N  3 
   32  54393.339336  2  22.560  0.259  0.092  0.077   3.364e+00   8.123e-01   2.930e-01   2.447e-01  30  sdss  7080  82N  3 
   32  54393.340165  3  22.067  0.258  0.060  0.066   5.243e+00   1.261e+00   2.981e-01   3.291e-01  29  sdss  7080  82N  3 
   32  54393.341824  4  21.785  0.585  0.078  0.182   5.941e+00   4.199e+00   5.764e-01   1.343e+00  32  sdss  7080  82N  3 
    0  54393.340995  0  22.037  0.318  0.057  0.198   5.875e+00   1.654e+00   3.044e-01   1.059e+00  19  sdss  7080  82N  3 
   32  54394.341495  1  22.575  0.234  0.190  0.176   3.296e+00   7.105e-01   5.850e-01   5.421e-01  28  sdss  7084  82S  4 
   32  54394.338178  2  22.378  0.311  0.254  0.149   3.997e+00   1.138e+00   9.538e-01   5.598e-01  30  sdss  7084  82S  4 
   32  54394.339007  3  23.198  0.815  0.562  0.319   1.658e+00   1.493e+00   1.087e+00   6.169e-01  29  sdss  7084  82S  4 
   32  54394.340665  4  22.208  0.846  0.161  0.404   3.219e+00   5.026e+00   9.238e-01   2.314e+00  32  sdss  7084  82S  4 
    8  54394.339836  0  21.684  0.307  0.276  0.255   8.165e+00   2.205e+00   2.032e+00   1.878e+00  19  sdss  7084  82S  4 
   33  54402.351461  1  22.464  0.518  0.250  0.157   3.658e+00   1.646e+00   8.488e-01   5.342e-01  28  sdss  7101  82S  4 
   33  54402.348145  2  22.207  0.366  0.062  0.105   4.693e+00   1.550e+00   2.723e-01   4.597e-01  30  sdss  7101  82S  4 
   33  54402.348974  3  23.686  1.115  0.382  0.333   8.529e-01   1.698e+00   5.421e-01   4.738e-01  29  sdss  7101  82S  4 
   32  54402.350632  4  22.098  0.850  0.610  0.333   3.867e+00   5.243e+00   3.692e+00   2.020e+00  32  sdss  7101  82S  4 
    5  54402.349803  0  27.529  0.927  0.143  0.289  -7.314e+00   5.023e+00   9.430e-01   1.909e+00  19  sdss  7101  82S  4 
   45  54403.270453  1  23.441  2.471  3.342  0.259   1.430e+00   3.380e+00   4.798e+00   3.712e-01  28  sdss  7106  82N  3 
   57  54403.267136  2  22.303  0.345  0.851  0.117   4.289e+00   1.342e+00   3.417e+00   4.708e-01  30  sdss  7106  82N  3 
 1181  54403.267965  3  21.363  0.287  6.302  0.060   1.014e+01   2.644e+00   5.928e+01   5.636e-01  29  sdss  7106  82N  3 
   29  54403.269624  4  23.032  1.667 10.278  0.452  -9.777e-01   1.176e+01   5.098e+01   2.242e+00  32  sdss  7106  82N  3 
   13  54403.268794  0  27.041  2.586  1.595  0.353  -4.629e+00   7.165e+00   6.777e+00   1.499e+00  19  sdss  7106  82N  3 
    1  54404.327752  1  22.159  0.205  0.048  0.069   4.859e+00   9.116e-01   2.140e-01   3.103e-01  28  sdss  7112  82N  3 
   33  54404.324435  2  22.369  0.279  0.055  0.084   4.031e+00   1.035e+00   2.081e-01   3.172e-01  30  sdss  7112  82N  3 
   32  54404.325264  3  22.070  0.276  0.052  0.065   5.228e+00   1.345e+00   2.561e-01   3.199e-01  29  sdss  7112  82N  3 
   32  54404.326923  4  22.591  0.806  0.291  0.277   1.189e+00   4.371e+00   1.457e+00   1.384e+00  32  sdss  7112  82N  3 
    1  54404.326093  0  22.179  0.622  0.110  0.286   5.142e+00   2.660e+00   5.143e-01   1.343e+00  19  sdss  7112  82N  3 
    1  54405.325709  1  22.090  0.175  0.068  0.072   5.181e+00   8.301e-01   3.270e-01   3.450e-01  28  sdss  7117  82N  3 
   32  54405.322392  2  22.438  0.274  0.102  0.083   3.776e+00   9.554e-01   3.618e-01   2.938e-01  30  sdss  7117  82N  3 
   32  54405.323221  3  22.371  0.354  0.080  0.080   3.919e+00   1.307e+00   3.047e-01   3.029e-01  29  sdss  7117  82N  3 
    0  54405.324880  4  23.414  0.773  0.362  0.270  -2.973e+00   4.490e+00   2.027e+00   1.513e+00  32  sdss  7117  82N  3 
    1  54405.324050  0  21.955  0.395  0.010  0.182   6.344e+00   2.179e+00   5.647e-02   1.049e+00  19  sdss  7117  82N  3 
   32  54406.264034  1  22.382  0.152  0.020  0.101   3.948e+00   5.546e-01   7.270e-02   3.691e-01  28  sdss  7121  82N  3 
   32  54406.260717  2  22.692  0.299  0.128  0.119   2.965e+00   8.286e-01   3.636e-01   3.378e-01  30  sdss  7121  82N  3 
    0  54406.261547  3  21.951  0.215  0.051  0.053   5.851e+00   1.172e+00   2.843e-01   2.918e-01  29  sdss  7121  82N  3 
   32  54406.263205  4  21.906  0.596  0.360  0.233   5.086e+00   3.991e+00   2.447e+00   1.585e+00  32  sdss  7121  82N  3 
    0  54406.262376  0  22.299  0.367  0.035  0.261   4.592e+00   1.496e+00   1.473e-01   1.102e+00  19  sdss  7121  82N  3 
    0  54408.265196  1  22.544  0.165  0.086  0.083   3.393e+00   5.172e-01   2.735e-01   2.612e-01  28  sdss  7127  82S  4 
    0  54408.261879  2  22.573  0.250  0.026  0.070   3.322e+00   7.753e-01   8.284e-02   2.213e-01  30  sdss  7127  82S  4 
   32  54408.262708  3  22.374  0.321  0.058  0.075   3.908e+00   1.189e+00   2.183e-01   2.855e-01  29  sdss  7127  82S  4 
   32  54408.264367  4  22.326  0.698  0.253  0.216   2.562e+00   3.925e+00   1.371e+00   1.175e+00  32  sdss  7127  82S  4 
    0  54408.263538  0  22.271  0.377  0.087  0.230   4.714e+00   1.571e+00   3.743e-01   9.947e-01  19  sdss  7127  82S  4 
   32  54411.223052  1  22.677  0.181  0.055  0.075   2.995e+00   5.045e-01   1.535e-01   2.093e-01  28  sdss  7136  82S  4 
    0  54411.219736  2  22.374  0.192  0.044  0.049   4.012e+00   7.156e-01   1.667e-01   1.855e-01  30  sdss  7136  82S  4 
   32  54411.220565  3  22.457  0.314  0.031  0.061   3.604e+00   1.081e+00   1.086e-01   2.138e-01  29  sdss  7136  82S  4 
    0  54411.222223  4  21.725  0.428  0.175  0.113   6.389e+00   3.231e+00   1.342e+00   8.682e-01  32  sdss  7136  82S  4 
   12  54411.221394  0  22.008  0.289  0.096  0.148   6.037e+00   1.550e+00   5.252e-01   8.104e-01  19  sdss  7136  82S  4 
   32  54412.266739  1  22.723  0.232  0.103  0.102   2.867e+00   6.150e-01   2.779e-01   2.740e-01  28  sdss  7140  82N  3 
    0  54412.263422  2  22.272  0.230  0.100  0.070   4.415e+00   9.364e-01   4.117e-01   2.883e-01  30  sdss  7140  82N  3 
   32  54412.264252  3  22.670  0.482  0.106  0.114   2.918e+00   1.351e+00   3.102e-01   3.355e-01  29  sdss  7140  82N  3 
   36  54412.265910  4  21.961  0.686  0.424  0.194   4.722e+00   4.455e+00   2.782e+00   1.274e+00  32  sdss  7140  82N  3 
   12  54412.265081  0  22.534  0.612  0.427  0.361   3.674e+00   1.924e+00   1.463e+00   1.237e+00  19  sdss  7140  82N  3 
   32  54413.263876  1  22.745  0.204  0.083  0.129   2.809e+00   5.338e-01   2.189e-01   3.417e-01  28  sdss  7145  82S  4 
   32  54413.260559  2  22.364  0.234  0.130  0.116   4.049e+00   8.785e-01   4.959e-01   4.418e-01  30  sdss  7145  82S  4 
   32  54413.261388  3  21.879  0.235  0.136  0.097   6.261e+00   1.364e+00   8.007e-01   5.715e-01  29  sdss  7145  82S  4 
   32  54413.263046  4  21.829  0.597  0.064  0.238   5.624e+00   4.177e+00   4.547e-01   1.704e+00  32  sdss  7145  82S  4 
   40  54413.262217  0  24.659  1.395  1.768  1.847   6.669e-03   1.756e+00   1.713e+00   1.790e+00  19  sdss  7145  82S  4 
   32  54416.262202  1  22.886  0.243  0.024  0.132   2.457e+00   5.573e-01   5.665e-02   3.059e-01  28  sdss  7155  82N  3 
   32  54416.258885  2  22.957  0.365  0.136  0.145   2.295e+00   7.994e-01   3.066e-01   3.260e-01  30  sdss  7155  82N  3 
   32  54416.259714  3  22.451  0.360  0.105  0.108   3.626e+00   1.239e+00   3.718e-01   3.827e-01  29  sdss  7155  82N  3 
   32  54416.261373  4  22.180  0.677  0.131  0.267   3.379e+00   3.997e+00   7.582e-01   1.551e+00  32  sdss  7155  82N  3 
    0  54416.260543  0  22.403  0.457  0.034  0.369   4.160e+00   1.670e+00   1.301e-01   1.419e+00  19  sdss  7155  82N  3 
   32  54417.265295  1  22.598  0.170  0.030  0.091   3.226e+00   5.097e-01   9.181e-02   2.750e-01  28  sdss  7158  82S  4 
   32  54417.261978  2  22.505  0.256  0.094  0.113   3.544e+00   8.425e-01   3.139e-01   3.780e-01  30  sdss  7158  82S  4 
   32  54417.262807  3  22.838  0.519  0.216  0.164   2.458e+00   1.267e+00   5.528e-01   4.200e-01  29  sdss  7158  82S  4 
   32  54417.264465  4  22.092  0.649  0.291  0.198   3.903e+00   3.964e+00   1.769e+00   1.202e+00  32  sdss  7158  82S  4 
    8  54417.263636  0  22.319  0.430  0.188  0.348   4.505e+00   1.702e+00   7.777e-01   1.440e+00  19  sdss  7158  82S  4 
  160  54418.263629  1  22.463  0.173  0.098  0.090   3.661e+00   5.844e-01   3.336e-01   3.080e-01  28  sdss  7161  82S  4 
   40  54418.260312  2  22.478  0.242  0.258  0.072   3.637e+00   8.176e-01   8.855e-01   2.469e-01  30  sdss  7161  82S  4 
   40  54418.261141  3  22.374  0.331  0.227  0.092   3.908e+00   1.221e+00   8.618e-01   3.470e-01  29  sdss  7161  82S  4 
    4  54418.262800  4  21.152  0.368  0.197  0.109   1.189e+01   4.327e+00   2.374e+00   1.323e+00  32  sdss  7161  82S  4 
    4  54418.261970  0  22.172  0.402  0.030  0.302   5.176e+00   1.825e+00   1.431e-01   1.429e+00  19  sdss  7161  82S  4 
   32  54421.267630  1  22.447  0.198  0.185  0.159   3.716e+00   6.782e-01   6.386e-01   5.488e-01  28  sdss  7170  82N  3 
   32  54421.264314  2  23.241  0.672  0.144  0.435   1.724e+00   1.105e+00   2.550e-01   7.712e-01  30  sdss  7170  82N  3 
   32  54421.265143  3  22.557  0.455  0.104  0.161   3.267e+00   1.408e+00   3.370e-01   5.213e-01  29  sdss  7170  82N  3 
    0  54421.266801  4  24.057  0.680  0.108  0.307  -7.319e+00   5.413e+00   9.074e-01   2.569e+00  32  sdss  7170  82N  3 
    0  54421.265972  0  22.131  0.483  0.109  0.535   5.379e+00   2.235e+00   5.339e-01   2.625e+00  19  sdss  7170  82N  3 
   33  54422.267782  1  22.371  0.245  0.148  0.153   3.989e+00   8.934e-01   5.487e-01   5.663e-01  28  sdss  7173  82S  4 
   32  54422.264465  2  23.176  0.599  0.347  0.261   1.843e+00   1.051e+00   6.480e-01   4.879e-01  30  sdss  7173  82S  4 
   32  54422.265294  3  22.903  0.669  0.243  0.267   2.296e+00   1.515e+00   5.882e-01   6.475e-01  29  sdss  7173  82S  4 
    0  54422.266953  4  23.250  0.819  0.671  0.410  -2.088e+00   4.588e+00   3.522e+00   2.154e+00  32  sdss  7173  82S  4 
   32  54422.266124  0  22.823  1.045  0.113  0.776   2.773e+00   2.325e+00   3.015e-01   2.065e+00  19  sdss  7173  82S  4 
   33  54423.244041  1  22.865  0.575  0.211  0.240   2.507e+00   1.261e+00   5.008e-01   5.682e-01  28  sdss  7177  82N  3 
   33  54423.240724  2  23.454  0.923  0.290  0.329   1.376e+00   1.259e+00   4.337e-01   4.912e-01  30  sdss  7177  82N  3 
   32  54423.241553  3  23.141  0.783  0.279  0.253   1.770e+00   1.489e+00   5.614e-01   5.104e-01  29  sdss  7177  82N  3 
   32  54423.243211  4  21.725  0.656  0.466  0.359   6.389e+00   4.866e+00   3.578e+00   2.755e+00  32  sdss  7177  82N  3 
   33  54423.242382  0  22.857  1.490  0.084  0.772   2.683e+00   3.002e+00   2.180e-01   1.998e+00  19  sdss  7177  82N  3 
 1037  54431.270849  1  20.195  0.542  1.303  0.025   2.979e+01   1.367e+01   3.555e+01   6.824e-01  28  sdss  7195  82N  3 
 1053  54431.267533  2  20.914  0.763  5.614  0.051   1.556e+01   9.426e+00   8.031e+01   7.228e-01  30  sdss  7195  82N  3 
 1181  54431.268362  3  20.604  0.888  4.017  0.044   2.045e+01   1.383e+01   7.582e+01   8.387e-01  29  sdss  7195  82N  3 
 1029  54431.270020  4  19.038  0.595  0.356  0.047   8.714e+01   4.400e+01   2.883e+01   3.774e+00  32  sdss  7195  82N  3 
   33  54433.266097  1  22.038  0.357  0.194  0.170   5.436e+00   1.727e+00   9.703e-01   8.519e-01  28  sdss  7202  82N  3 
  161  54433.262780  2  22.468  0.437  0.277  0.177   3.671e+00   1.443e+00   9.607e-01   6.142e-01  30  sdss  7202  82N  3 
   32  54433.263609  3  23.411  1.146  0.735  0.523   1.275e+00   1.906e+00   1.227e+00   8.718e-01  29  sdss  7202  82N  3 
   32  54433.265267  4  22.196  1.071  0.732  0.579   3.287e+00   6.606e+00   4.211e+00   3.332e+00  32  sdss  7202  82N  3 
    3  54433.264438  0  21.702  0.797  0.547  0.494   8.029e+00   4.946e+00   3.963e+00   3.574e+00  19  sdss  7202  82N  3 
