# SDSS CID:  13631 IAU:          RA: 359.185669 DEC:  -0.119264  (J2000)
# GALAXY_SB [ugriz] = [ 24.01 23.39 22.80 22.21 21.76 ] +/- [  0.30  0.07  0.04  0.03  0.06 ] (asinh mag/square arcsec)
# GALAXY_SB_FLUX [ugriz] = [  6.381E-01  1.502E+00  2.682E+00  4.588E+00  6.062E+00 ] +/- [  3.382E-01  1.036E-01  9.484E-02  1.276E-01  4.725E-01 ] (microJy per square arcsec)
#FLAG  MJD       FILT  MAG     MERR  MSKYERR MGALERR  FLUX       FLUXERR    SKYERR     GALERR    NPRE TELE   RUN  STRIP  IDCCD
    0  53974.308814  1  22.318  0.130  0.045  0.101   4.190e+00   5.038e-01   1.756e-01   3.922e-01  13  sdss  6283  82N  3 
    0  53974.305496  2  22.433  0.202  0.040  0.077   3.797e+00   7.162e-01   1.432e-01   2.753e-01  17  sdss  6283  82N  3 
    0  53974.306325  3  22.112  0.238  0.050  0.069   5.024e+00   1.123e+00   2.404e-01   3.320e-01  18  sdss  6283  82N  3 
    0  53974.307984  4  21.559  0.417  0.159  0.141   7.735e+00   3.523e+00   1.377e+00   1.219e+00  17  sdss  6283  82N  3 
  128  53974.307155  0  22.430  0.397  0.012  0.356   4.057e+00   1.447e+00   4.474e-02   1.348e+00  12  sdss  6283  82N  3 
    1  53989.312419  1  22.314  0.294  0.043  0.095   4.206e+00   1.122e+00   1.699e-01   3.718e-01  13  sdss  6314  82N  3 
    1  53989.309102  2  22.390  0.328  0.110  0.087   3.955e+00   1.188e+00   4.088e-01   3.240e-01  17  sdss  6314  82N  3 
    1  53989.309931  3  22.201  0.338  0.112  0.095   4.616e+00   1.452e+00   4.964e-01   4.204e-01  18  sdss  6314  82N  3 
    0  53989.311590  4  21.443  0.430  0.159  0.150   8.791e+00   3.952e+00   1.509e+00   1.421e+00  17  sdss  6314  82N  3 
   33  53989.310761  0  23.558  1.830  0.143  1.178   1.269e+00   2.976e+00   2.139e-01   1.767e+00  12  sdss  6314  82N  3 
  152  53997.407968  1  22.358  0.164  0.514  0.207   4.037e+00   6.099e-01   1.928e+00   7.783e-01  13  sdss  6373  82N  3 
    0  53997.404651  2  22.334  0.208  0.052  0.116   4.169e+00   8.059e-01   2.049e-01   4.563e-01  17  sdss  6373  82N  3 
  152  53997.405480  3  25.856  0.499  2.921  0.245  -2.383e+00   1.196e+00   7.300e+00   6.128e-01  18  sdss  6373  82N  3 
 1176  53997.407139  4  20.421  0.209  1.126  0.102   2.413e+01   4.708e+00   2.568e+01   2.333e+00  17  sdss  6373  82N  3 
  128  53997.406310  0  22.495  0.510  0.098  0.726   3.813e+00   1.714e+00   3.518e-01   2.596e+00  12  sdss  6373  82N  3 
  128  54000.287886  1  22.635  0.218  0.129  0.335   3.115e+00   6.300e-01   3.772e-01   9.788e-01  13  sdss  6383  82N  3 
   32  54000.284569  2  22.167  0.208  0.122  0.165   4.875e+00   9.359e-01   5.555e-01   7.543e-01  17  sdss  6383  82N  3 
   32  54000.285398  3  22.455  0.425  0.096  0.280   3.611e+00   1.445e+00   3.393e-01   9.906e-01  18  sdss  6383  82N  3 
   32  54000.287056  4  21.621  0.633  0.301  0.410   7.212e+00   5.006e+00   2.482e+00   3.385e+00  17  sdss  6383  82N  3 
   32  54000.286227  0  23.090  0.988  0.150  1.772   2.122e+00   1.857e+00   3.222e-01   3.802e+00  12  sdss  6383  82N  3 
    0  54007.338154  1  22.397  0.155  0.028  0.151   3.893e+00   5.595e-01   1.020e-01   5.487e-01  13  sdss  6414  82N  3 
   32  54007.334837  2  22.428  0.235  0.103  0.131   3.815e+00   8.340e-01   3.726e-01   4.721e-01  17  sdss  6414  82N  3 
   32  54007.335667  3  22.106  0.270  0.074  0.115   5.053e+00   1.274e+00   3.555e-01   5.513e-01  18  sdss  6414  82N  3 
    0  54007.337325  4  23.394  0.783  0.156  0.451  -2.860e+00   4.521e+00   8.626e-01   2.503e+00  17  sdss  6414  82N  3 
    8  54007.336496  0  22.238  0.400  0.337  0.589   4.862e+00   1.724e+00   1.513e+00   2.645e+00  12  sdss  6414  82N  3 
    0  54009.261728  1  22.489  0.195  0.087  0.189   3.573e+00   6.432e-01   2.886e-01   6.297e-01  13  sdss  6421  82N  3 
    0  54009.258411  2  22.463  0.244  0.089  0.128   3.691e+00   8.399e-01   3.102e-01   4.485e-01  17  sdss  6421  82N  3 
   32  54009.259240  3  22.390  0.344  0.061  0.161   3.848e+00   1.251e+00   2.293e-01   6.034e-01  18  sdss  6421  82N  3 
    0  54009.260898  4  21.609  0.490  0.144  0.256   7.312e+00   3.962e+00   1.200e+00   2.132e+00  17  sdss  6421  82N  3 
    8  54009.260069  0  22.628  0.576  0.402  0.811   3.355e+00   1.701e+00   1.277e+00   2.579e+00  12  sdss  6421  82N  3 
    1  54011.326232  1  22.492  0.254  0.061  0.096   3.563e+00   8.311e-01   2.022e-01   3.177e-01  13  sdss  6430  82N  3 
    1  54011.322915  2  22.473  0.270  0.049  0.065   3.657e+00   9.167e-01   1.683e-01   2.240e-01  17  sdss  6430  82N  3 
    0  54011.323744  3  22.167  0.276  0.033  0.055   4.768e+00   1.234e+00   1.508e-01   2.503e-01  18  sdss  6430  82N  3 
    0  54011.325402  4  21.944  0.529  0.213  0.151   4.834e+00   3.462e+00   1.406e+00   9.987e-01  17  sdss  6430  82N  3 
    1  54011.324573  0  22.736  0.723  0.072  0.375   3.021e+00   1.881e+00   2.095e-01   1.084e+00  12  sdss  6430  82N  3 
    1  54019.276150  1  22.476  0.235  0.058  0.110   3.616e+00   7.798e-01   1.952e-01   3.703e-01  13  sdss  6441  82N  3 
    0  54019.272833  2  22.187  0.199  0.056  0.065   4.785e+00   8.798e-01   2.490e-01   2.901e-01  17  sdss  6441  82N  3 
   32  54019.273663  3  22.768  0.471  0.197  0.132   2.642e+00   1.225e+00   5.343e-01   3.571e-01  18  sdss  6441  82N  3 
    0  54019.275321  4  21.594  0.434  0.193  0.155   7.437e+00   3.564e+00   1.621e+00   1.307e+00  17  sdss  6441  82N  3 
    1  54019.274492  0  22.699  0.769  0.053  0.458   3.132e+00   2.038e+00   1.583e-01   1.369e+00  12  sdss  6441  82N  3 
  153  54021.330152  1  21.951  0.145  0.589  0.095   5.893e+00   7.824e-01   3.208e+00   5.199e-01  13  sdss  6450  82N  3 
    0  54021.326836  2  22.410  0.241  0.089  0.103   3.881e+00   8.689e-01   3.267e-01   3.775e-01  17  sdss  6450  82N  3 
 1176  54021.327665  3  25.522  0.644  3.696  0.237  -1.650e+00   1.194e+00   7.128e+00   4.578e-01  18  sdss  6450  82N  3 
 1176  54021.329323  4  20.326  0.177  0.826  0.066   2.638e+01   4.359e+00   2.051e+01   1.632e+00  17  sdss  6450  82N  3 
 1193  54021.328494  0  23.863  1.434  1.970  1.476   8.501e-01   1.967e+00   2.434e+00   1.824e+00  12  sdss  6450  82N  3 
    0  54025.324790  1  22.765  0.233  0.154  0.313   2.755e+00   5.979e-01   3.988e-01   8.137e-01  13  sdss  6461  82N  3 
   32  54025.321473  2  22.429  0.269  0.056  0.188   3.812e+00   9.513e-01   2.026e-01   6.759e-01  17  sdss  6461  82N  3 
   32  54025.322302  3  23.174  0.769  0.614  0.437   1.705e+00   1.436e+00   1.210e+00   8.597e-01  18  sdss  6461  82N  3 
    0  54025.323961  4  23.128  0.938  0.833  0.640  -1.459e+00   5.268e+00   4.215e+00   3.237e+00  17  sdss  6461  82N  3 
  136  54025.323132  0  22.751  0.761  0.306  1.160   2.977e+00   1.937e+00   8.727e-01   3.314e+00  12  sdss  6461  82N  3 
    0  54029.255086  1  22.353  0.163  0.012  0.218   4.056e+00   6.086e-01   4.482e-02   8.227e-01  13  sdss  6474  82N  3 
   32  54029.251769  2  22.447  0.259  0.077  0.138   3.748e+00   9.022e-01   2.720e-01   4.878e-01  17  sdss  6474  82N  3 
   32  54029.252598  3  22.487  0.427  0.020  0.190   3.500e+00   1.411e+00   6.989e-02   6.524e-01  18  sdss  6474  82N  3 
   32  54029.254257  4  22.618  0.988  0.659  0.638   1.053e+00   5.567e+00   3.275e+00   3.174e+00  17  sdss  6474  82N  3 
    0  54029.253428  0  25.272  1.368  0.089  2.328  -6.185e-01   1.781e+00   9.914e-02   2.603e+00  12  sdss  6474  82N  3 
    0  54031.241629  1  22.860  0.213  0.041  0.158   2.519e+00   5.016e-01   9.771e-02   3.766e-01  13  sdss  6484  82N  3 
   32  54031.238312  2  22.825  0.327  0.081  0.126   2.610e+00   8.076e-01   2.052e-01   3.200e-01  17  sdss  6484  82N  3 
    0  54031.239141  3  22.102  0.265  0.062  0.089   5.072e+00   1.255e+00   2.987e-01   4.286e-01  18  sdss  6484  82N  3 
    0  54031.240800  4  21.686  0.518  0.211  0.165   6.689e+00   3.965e+00   1.663e+00   1.296e+00  17  sdss  6484  82N  3 
  128  54031.239970  0  23.090  0.729  0.030  0.601   2.122e+00   1.436e+00   6.383e-02   1.289e+00  12  sdss  6484  82N  3 
  136  54036.246133  1  22.331  0.161  0.132  0.242   4.140e+00   6.141e-01   5.065e-01   9.331e-01  13  sdss  6504  82N  3 
   32  54036.242816  2  22.418  0.253  0.064  0.175   3.852e+00   9.034e-01   2.337e-01   6.362e-01  17  sdss  6504  82N  3 
   32  54036.243645  3  23.222  0.746  0.283  0.426   1.612e+00   1.356e+00   5.375e-01   8.105e-01  18  sdss  6504  82N  3 
   32  54036.245304  4  22.488  0.868  0.426  0.650   1.708e+00   4.836e+00   2.183e+00   3.333e+00  17  sdss  6504  82N  3 
  136  54036.244475  0  22.581  0.574  0.542  1.006   3.510e+00   1.765e+00   1.795e+00   3.335e+00  12  sdss  6504  82N  3 
    1  54039.244283  1  22.685  0.332  0.115  0.165   2.972e+00   9.017e-01   3.200e-01   4.618e-01  13  sdss  6513  82N  3 
   33  54039.240966  2  22.635  0.354  0.071  0.120   3.134e+00   1.028e+00   2.112e-01   3.598e-01  17  sdss  6513  82N  3 
    0  54039.241795  3  22.180  0.306  0.084  0.092   4.709e+00   1.348e+00   3.789e-01   4.162e-01  18  sdss  6513  82N  3 
   32  54039.243453  4  22.156  0.674  0.156  0.299   3.519e+00   4.003e+00   9.149e-01   1.752e+00  17  sdss  6513  82N  3 
  137  54039.242624  0  22.542  0.760  0.256  0.528   3.645e+00   2.302e+00   8.765e-01   1.811e+00  12  sdss  6513  82N  3 
    1  54048.238223  1  22.927  0.387  0.058  0.176   2.362e+00   8.382e-01   1.297e-01   3.957e-01  13  sdss  6533  82N  3 
   33  54048.234906  2  22.935  0.400  0.019  0.127   2.344e+00   8.888e-01   4.409e-02   2.929e-01  17  sdss  6533  82N  3 
    0  54048.235736  3  22.240  0.291  0.041  0.076   4.447e+00   1.218e+00   1.731e-01   3.255e-01  18  sdss  6533  82N  3 
    0  54048.237394  4  21.799  0.490  0.109  0.166   5.837e+00   3.500e+00   7.925e-01   1.209e+00  17  sdss  6533  82N  3 
    1  54048.236565  0  22.312  0.551  0.019  0.304   4.538e+00   2.153e+00   8.096e-02   1.279e+00  12  sdss  6533  82N  3 
   10  54052.242184  1  22.393  0.221  0.386  0.558   3.908e+00   7.936e-01   1.404e+00   2.029e+00  13  sdss  6552  82N  3 
   34  54052.238867  2  22.892  0.756  0.659  1.059   2.445e+00   1.609e+00   1.574e+00   2.530e+00  17  sdss  6552  82N  3 
   42  54052.239696  3  23.884  1.473  4.941  2.146   5.844e-01   2.387e+00   6.428e+00   2.792e+00  18  sdss  6552  82N  3 
   32  54052.241355  4  21.588  0.949  0.944  0.746   7.488e+00   7.438e+00   7.982e+00   6.306e+00  17  sdss  6552  82N  3 
   34  54052.240526  0  22.534  0.882  0.233  2.434   3.673e+00   2.595e+00   8.036e-01   8.406e+00  12  sdss  6552  82N  3 
  162  54054.260718  1  22.331  0.286  0.362  0.794   4.140e+00   1.077e+00   1.395e+00   3.056e+00  13  sdss  6559  82N  3 
  160  54054.257401  2  22.369  0.548  0.201  0.535   4.034e+00   1.934e+00   7.626e-01   2.031e+00  17  sdss  6559  82N  3 
    2  54054.258230  3  24.819  1.281  1.811  1.795  -5.577e-01   1.951e+00   2.339e+00   2.318e+00  18  sdss  6559  82N  3 
   34  54054.259889  4  22.650  1.231  2.280  1.754   8.948e-01   7.411e+00   1.128e+01   8.675e+00  17  sdss  6559  82N  3 
    2  54054.259060  0  25.129  1.885  0.868  8.007  -4.624e-01   2.924e+00   9.155e-01   8.447e+00  12  sdss  6559  82N  3 
   32  54055.237939  1  22.930  0.258  0.068  0.295   2.356e+00   5.697e-01   1.520e-01   6.607e-01  13  sdss  6564  82N  3 
   32  54055.234623  2  22.453  0.265  0.114  0.188   3.726e+00   9.164e-01   4.005e-01   6.625e-01  17  sdss  6564  82N  3 
   32  54055.235452  3  22.170  0.290  0.119  0.147   4.754e+00   1.289e+00   5.400e-01   6.671e-01  18  sdss  6564  82N  3 
    0  54055.237110  4  23.309  0.724  0.548  0.425  -2.398e+00   4.046e+00   2.937e+00   2.274e+00  17  sdss  6564  82N  3 
    0  54055.236281  0  22.208  0.389  0.027  0.489   5.001e+00   1.727e+00   1.243e-01   2.260e+00  12  sdss  6564  82N  3 
    0  54058.236040  1  22.593  0.206  0.148  0.271   3.241e+00   6.193e-01   4.503e-01   8.224e-01  13  sdss  6577  82N  3 
   32  54058.232723  2  23.596  0.734  0.340  0.481   1.175e+00   9.368e-01   4.568e-01   6.466e-01  17  sdss  6577  82N  3 
   32  54058.233552  3  22.833  0.588  0.073  0.307   2.471e+00   1.425e+00   1.883e-01   7.884e-01  18  sdss  6577  82N  3 
   32  54058.235210  4  22.577  0.949  0.358  0.653   1.258e+00   5.315e+00   1.795e+00   3.272e+00  17  sdss  6577  82N  3 
   40  54058.234381  0  23.145  1.057  0.376  1.615   2.003e+00   1.895e+00   7.717e-01   3.312e+00  12  sdss  6577  82N  3 
    0  54060.257959  1  22.688  0.213  0.067  0.242   2.964e+00   5.859e-01   1.855e-01   6.748e-01  13  sdss  6584  82N  3 
   32  54060.254642  2  22.751  0.326  0.133  0.180   2.804e+00   8.578e-01   3.602e-01   4.857e-01  17  sdss  6584  82N  3 
   32  54060.255472  3  23.193  0.711  0.102  0.325   1.668e+00   1.318e+00   1.972e-01   6.318e-01  18  sdss  6584  82N  3 
    0  54060.257130  4  22.872  0.814  0.290  0.412  -1.903e-01   4.355e+00   1.415e+00   2.012e+00  17  sdss  6584  82N  3 
   40  54060.256301  0  23.927  1.359  1.239  1.975   7.721e-01   1.807e+00   1.479e+00   2.357e+00  12  sdss  6584  82N  3 
    8  54063.226286  1  22.663  0.195  0.131  0.214   3.034e+00   5.487e-01   3.722e-01   6.108e-01  13  sdss  6600  82N  3 
  160  54063.222969  2  23.036  0.501  0.233  0.383   2.122e+00   1.005e+00   4.915e-01   8.085e-01  17  sdss  6600  82N  3 
 1192  54063.223799  3  22.073  0.355  0.365  0.221   5.214e+00   1.705e+00   1.808e+00   1.097e+00  18  sdss  6600  82N  3 
   32  54063.225457  4  22.474  0.989  0.180  0.534   1.780e+00   5.671e+00   9.267e-01   2.747e+00  17  sdss  6600  82N  3 
   32  54063.224628  0  23.394  1.263  0.130  2.092   1.534e+00   1.959e+00   2.193e-01   3.536e+00  12  sdss  6600  82N  3 
