# SDSS CID:   7773 IAU:          RA:  41.866020 DEC:  -0.284872  (J2000)
# GALAXY_SB [ugriz] = [ 20.67 18.72 17.75 17.26 16.88 ] +/- [  0.00  0.00  0.00  0.00  0.00 ] (asinh mag/square arcsec)
# GALAXY_SB_FLUX [ugriz] = [  2.019E+01  1.152E+02  2.867E+02  4.466E+02  6.353E+02 ] +/- [  0.000E+00  0.000E+00  0.000E+00  0.000E+00  0.000E+00 ] (microJy per square arcsec)
#FLAG  MJD       FILT  MAG     MERR  MSKYERR MGALERR  FLUX       FLUXERR    SKYERR     GALERR    NPRE TELE   RUN  STRIP  IDCCD
  256  53622.442395  1  27.830  0.330  0.052  0.000  -3.860e+00   1.147e+00   1.872e-01   0.000e+00  14  sdss  5582  82S  3 
  256  53622.439078  2  27.279  0.446  0.094  0.000  -4.202e+00   1.671e+00   3.712e-01   0.000e+00  15  sdss  5582  82S  3 
  288  53622.439907  3  23.022  1.138  0.122  0.000   2.022e+00   2.251e+00   2.693e-01   0.000e+00  15  sdss  5582  82S  3 
  256  53622.441566  4  24.653  0.497  0.056  0.000  -1.367e+01   6.382e+00   7.578e-01   0.000e+00  14  sdss  5582  82S  3 
  296  53622.440737  0  22.617  0.607  0.263  0.000   3.393e+00   1.776e+00   8.348e-01   0.000e+00  4  sdss  5582  82S  3 
  288  53627.400106  1  23.494  1.024  0.197  0.000   1.355e+00   1.210e+00   2.697e-01   0.000e+00  14  sdss  5607  82S  3 
  288  53627.396788  2  21.256  0.188  0.039  0.000   1.135e+01   1.948e+00   4.088e-01   0.000e+00  15  sdss  5607  82S  3 
  256  53627.397618  3  27.630  0.212  0.049  0.000  -1.301e+01   2.515e+00   5.832e-01   0.000e+00  15  sdss  5607  82S  3 
  288  53627.399277  4  22.105  1.097  0.290  0.000   3.822e+00   6.954e+00   1.748e+00   0.000e+00  14  sdss  5607  82S  3 
  384  53627.398447  0  26.228  1.071  0.286  0.000  -2.093e+00   1.953e+00   6.011e-01   0.000e+00  4  sdss  5607  82S  3 
  257  53634.392691  1  28.354  0.306  0.113  0.000  -6.280e+00   1.722e+00   6.535e-01   0.000e+00  14  sdss  5619  82S  3 
  289  53634.389373  2  24.605  1.889  0.766  0.000   1.581e-01   2.400e+00   6.217e-01   0.000e+00  15  sdss  5619  82S  3 
  257  53634.390203  3  25.647  1.612  0.540  0.000  -1.904e+00   3.191e+00   1.141e+00   0.000e+00  15  sdss  5619  82S  3 
  256  53634.391861  4  22.951  1.239  0.472  0.000  -5.761e-01   7.459e+00   2.318e+00   0.000e+00  14  sdss  5619  82S  3 
  289  53634.391032  0  22.209  0.904  0.289  0.000   5.000e+00   3.441e+00   1.316e+00   0.000e+00  4  sdss  5619  82S  3 
  288  53640.398398  1  23.223  0.828  0.126  0.000   1.775e+00   1.251e+00   2.165e-01   0.000e+00  14  sdss  5646  82S  3 
  288  53640.395080  2  24.582  1.699  0.555  0.000   1.769e-01   1.990e+00   4.522e-01   0.000e+00  15  sdss  5646  82S  3 
  256  53640.395909  3  27.800  0.175  0.036  0.000  -1.522e+01   2.428e+00   5.114e-01   0.000e+00  15  sdss  5646  82S  3 
  256  53640.397568  4  23.164  1.185  0.510  0.000  -1.642e+00   7.123e+00   2.606e+00   0.000e+00  14  sdss  5646  82S  3 
  256  53640.396739  0  26.678  0.989  0.118  0.000  -3.275e+00   2.535e+00   3.622e-01   0.000e+00  4  sdss  5646  82S  3 
  256  53643.441032  1  30.052  0.067  0.015  0.000  -3.008e+01   1.843e+00   4.244e-01   0.000e+00  14  sdss  5666  82S  3 
 1408  53643.437715  2  29.763  0.149  0.031  0.000  -4.184e+01   5.668e+00   1.198e+00   0.000e+00  15  sdss  5666  82S  3 
 1408  53643.438544  3  28.032  0.336  0.073  0.000  -1.886e+01   5.657e+00   1.270e+00   0.000e+00  15  sdss  5666  82S  3 
  256  53643.440203  4  25.126  0.460  0.161  0.000  -2.157e+01   8.940e+00   3.295e+00   0.000e+00  14  sdss  5666  82S  3 
  416  53643.439373  0  22.640  0.998  0.287  0.000   3.317e+00   2.579e+00   8.941e-01   0.000e+00  4  sdss  5666  82S  3 
  296  53646.459986  1  22.438  0.492  0.250  0.000   3.745e+00   1.603e+00   8.669e-01   0.000e+00  14  sdss  5681  82S  3 
  444  53646.456668  2  21.142  0.299  0.352  0.000   1.261e+01   3.379e+00   4.081e+00   0.000e+00  15  sdss  5681  82S  3 
  260  53646.457497  3  27.274  0.611  0.327  0.000  -9.350e+00   4.819e+00   2.834e+00   0.000e+00  15  sdss  5681  82S  3 
 1412  53646.459156  4  26.182  0.231  0.141  0.000  -5.777e+01   1.218e+01   7.556e+00   0.000e+00  14  sdss  5681  82S  3 
  420  53646.458327  0  23.909  2.058  0.638  0.000   7.933e-01   3.501e+00   7.649e-01   0.000e+00  4  sdss  5681  82S  3 
  291  53657.279239  1  21.323  0.346  0.183  0.000   1.052e+01   3.223e+00   1.763e+00   0.000e+00  14  sdss  5730  82S  3 
  259  53657.275921  2  30.758  0.045  0.030  0.000  -1.046e+02   4.350e+00   2.906e+00   0.000e+00  15  sdss  5730  82S  3 
  259  53657.276751  3  29.898  0.062  0.040  0.000  -1.053e+02   5.963e+00   3.850e+00   0.000e+00  15  sdss  5730  82S  3 
  290  53657.278410  4  20.103  0.508  0.285  0.000   3.252e+01   1.446e+01   8.651e+00   0.000e+00  14  sdss  5730  82S  3 
 1443  53657.277580  0  22.009  2.299  0.547  0.000   6.027e+00   7.116e+00   2.986e+00   0.000e+00  4  sdss  5730  82S  3 
  257  53663.461277  1  26.882  1.714  0.291  0.000  -1.559e+00   2.052e+00   4.479e-01   0.000e+00  14  sdss  5745  82S  3 
  289  53663.457959  2  22.452  0.629  0.109  0.000   3.728e+00   2.012e+00   3.831e-01   0.000e+00  15  sdss  5745  82S  3 
  289  53663.458789  3  20.349  0.116  0.019  0.000   2.589e+01   2.755e+00   4.628e-01   0.000e+00  15  sdss  5745  82S  3 
  256  53663.460447  4  23.209  1.210  0.357  0.000  -1.873e+00   7.356e+00   1.848e+00   0.000e+00  14  sdss  5745  82S  3 
  385  53663.459618  0  27.231  1.275  0.284  0.000  -5.537e+00   4.683e+00   1.429e+00   0.000e+00  4  sdss  5745  82S  3 
  281  53664.396429  1  25.191  1.790  7.670  0.000  -4.316e-02   1.601e+00   4.525e+00   0.000e+00  14  sdss  5754  82S  3 
  281  53664.393112  2  25.913  1.452  1.438  0.000  -1.051e+00   1.788e+00   1.800e+00   0.000e+00  15  sdss  5754  82S  3 
  313  53664.393941  3  21.165  0.211  0.227  0.000   1.219e+01   2.344e+00   2.552e+00   0.000e+00  15  sdss  5754  82S  3 
  256  53664.395599  4  24.586  0.624  0.327  0.000  -1.279e+01   7.382e+00   4.168e+00   0.000e+00  14  sdss  5754  82S  3 
  289  53664.394770  0  23.383  1.809  0.642  0.000   1.552e+00   3.026e+00   1.084e+00   0.000e+00  4  sdss  5754  82S  3 
  289  53665.461203  1  22.835  0.720  0.125  0.000   2.577e+00   1.552e+00   3.038e-01   0.000e+00  14  sdss  5760  82S  3 
  289  53665.457885  2  21.247  0.197  0.046  0.000   1.144e+01   2.055e+00   4.832e-01   0.000e+00  15  sdss  5760  82S  3 
  289  53665.458715  3  20.672  0.139  0.030  0.000   1.923e+01   2.453e+00   5.303e-01   0.000e+00  15  sdss  5760  82S  3 
  257  53665.460373  4  24.301  0.838  0.194  0.000  -9.555e+00   7.661e+00   1.959e+00   0.000e+00  14  sdss  5760  82S  3 
  257  53665.459544  0  26.744  1.417  0.320  0.000  -3.491e+00   3.424e+00   1.043e+00   0.000e+00  4  sdss  5760  82S  3 
  257  53668.449913  1  30.204  0.074  0.026  0.000  -3.460e+01   2.330e+00   8.336e-01   0.000e+00  14  sdss  5771  82S  3 
  256  53668.446595  2  30.593  0.052  0.016  0.000  -8.986e+01   4.318e+00   1.340e+00   0.000e+00  15  sdss  5771  82S  3 
  256  53668.447425  3  30.401  0.039  0.009  0.000  -1.673e+02   6.057e+00   1.358e+00   0.000e+00  15  sdss  5771  82S  3 
  288  53668.449084  4  19.972  0.355  0.178  0.000   3.674e+01   1.176e+01   6.082e+00   0.000e+00  14  sdss  5771  82S  3 
  419  53668.448254  0  23.580  2.202  0.875  0.000   1.236e+00   4.094e+00   1.284e+00   0.000e+00  4  sdss  5771  82S  3 
 1432  53669.355582  1  29.662  0.132  0.219  0.000  -2.100e+01   2.516e+00   4.209e+00   0.000e+00  14  sdss  5776  82S  3 
 1340  53669.352265  2  17.676  0.039  0.077  0.000   3.073e+02   1.101e+01   2.177e+01   0.000e+00  15  sdss  5776  82S  3 
 1436  53669.353095  3  30.759  0.104  0.153  0.000  -2.327e+02   2.226e+01   3.264e+01   0.000e+00  15  sdss  5776  82S  3 
 1468  53669.354753  4  18.350  0.181  0.398  0.000   1.644e+02   2.723e+01   6.047e+01   0.000e+00  14  sdss  5776  82S  3 
  396  53669.353924  0  26.904  1.122  0.788  0.000  -4.066e+00   3.311e+00   2.953e+00   0.000e+00  4  sdss  5776  82S  3 
  256  53670.455524  1  26.657  1.440  0.330  0.000  -1.242e+00   1.547e+00   4.216e-01   0.000e+00  14  sdss  5782  82S  3 
  256  53670.452206  2  28.587  0.172  0.044  0.000  -1.415e+01   2.220e+00   5.758e-01   0.000e+00  15  sdss  5782  82S  3 
  288  53670.453036  3  22.349  0.770  0.148  0.000   4.006e+00   2.632e+00   5.711e-01   0.000e+00  15  sdss  5782  82S  3 
  256  53670.454695  4  25.407  0.304  0.036  0.000  -2.811e+01   7.819e+00   9.385e-01   0.000e+00  14  sdss  5782  82S  3 
  264  53670.453865  0  26.797  0.983  0.526  0.000  -3.674e+00   2.776e+00   1.794e+00   0.000e+00  4  sdss  5782  82S  3 
  256  53671.440707  1  26.131  1.510  0.334  0.000  -6.865e-01   1.347e+00   2.875e-01   0.000e+00  14  sdss  5786  82S  3 
  256  53671.437390  2  26.264  1.242  0.276  0.000  -1.554e+00   1.758e+00   4.507e-01   0.000e+00  15  sdss  5786  82S  3 
  256  53671.438219  3  27.338  0.258  0.041  0.000  -9.922e+00   2.331e+00   3.814e-01   0.000e+00  15  sdss  5786  82S  3 
  256  53671.439878  4  25.712  0.199  0.050  0.000  -3.736e+01   6.867e+00   1.757e+00   0.000e+00  14  sdss  5786  82S  3 
  392  53671.439048  0  26.605  0.905  0.410  0.000  -3.050e+00   2.239e+00   1.183e+00   0.000e+00  4  sdss  5786  82S  3 
  256  53674.340058  1  29.758  0.081  0.018  0.000  -2.294e+01   1.688e+00   3.665e-01   0.000e+00  14  sdss  5797  82S  3 
  256  53674.336741  2  28.019  0.307  0.070  0.000  -8.372e+00   2.312e+00   5.396e-01   0.000e+00  15  sdss  5797  82S  3 
  256  53674.337571  3  29.595  0.052  0.014  0.000  -7.965e+01   3.829e+00   1.042e+00   0.000e+00  15  sdss  5797  82S  3 
  256  53674.339229  4  25.587  0.294  0.056  0.000  -3.326e+01   8.922e+00   1.740e+00   0.000e+00  14  sdss  5797  82S  3 
  288  53674.338400  0  23.439  1.672  0.789  0.000   1.458e+00   2.670e+00   1.278e+00   0.000e+00  4  sdss  5797  82S  3 
  256  53676.429483  1  29.766  0.081  0.022  0.000  -2.311e+01   1.701e+00   4.543e-01   0.000e+00  14  sdss  5807  82S  3 
  256  53676.426166  2  28.430  0.188  0.042  0.000  -1.225e+01   2.101e+00   4.746e-01   0.000e+00  15  sdss  5807  82S  3 
  288  53676.426995  3  20.462  0.158  0.061  0.000   2.334e+01   3.372e+00   1.319e+00   0.000e+00  15  sdss  5807  82S  3 
  384  53676.428654  4  25.697  0.237  0.051  0.000  -3.684e+01   8.011e+00   1.764e+00   0.000e+00  14  sdss  5807  82S  3 
  256  53676.427824  0  26.560  1.580  0.154  0.000  -2.918e+00   3.309e+00   4.275e-01   0.000e+00  4  sdss  5807  82S  3 
  384  53679.401295  1  27.430  0.727  0.246  0.000  -2.650e+00   1.604e+00   6.127e-01   0.000e+00  14  sdss  5820  82S  3 
  256  53679.397977  2  30.619  0.039  0.011  0.000  -9.204e+01   3.333e+00   9.329e-01   0.000e+00  15  sdss  5820  82S  3 
  256  53679.398807  3  26.238  1.181  0.170  0.000  -3.502e+00   3.254e+00   5.828e-01   0.000e+00  15  sdss  5820  82S  3 
  256  53679.400465  4  26.434  0.142  0.031  0.000  -7.292e+01   9.555e+00   2.121e+00   0.000e+00  14  sdss  5820  82S  3 
  392  53679.399636  0  26.014  1.628  1.109  0.000  -1.669e+00   2.673e+00   1.968e+00   0.000e+00  4  sdss  5820  82S  3 
  384  53681.392747  1  26.589  1.203  0.301  0.000  -1.156e+00   1.261e+00   3.640e-01   0.000e+00  14  sdss  5836  82S  3 
  280  53681.389430  2  25.047  1.481  1.532  0.000  -1.972e-01   1.595e+00   1.255e+00   0.000e+00  15  sdss  5836  82S  3 
  288  53681.390259  3  23.238  1.296  0.199  0.000   1.582e+00   2.330e+00   3.736e-01   0.000e+00  15  sdss  5836  82S  3 
  256  53681.391918  4  24.110  0.813  0.145  0.000  -7.773e+00   6.578e+00   1.261e+00   0.000e+00  14  sdss  5836  82S  3 
 1440  53681.391088  0  24.065  1.530  0.224  0.000   6.119e-01   2.091e+00   2.488e-01   0.000e+00  4  sdss  5836  82S  3 
  388  53684.354337  1  29.119  0.154  0.069  0.000  -1.273e+01   1.778e+00   8.048e-01   0.000e+00  14  sdss  5847  82S  3 
  260  53684.351020  2  27.530  0.491  0.111  0.000  -5.315e+00   2.282e+00   5.476e-01   0.000e+00  15  sdss  5847  82S  3 
  260  53684.351850  3  26.965  0.516  0.145  0.000  -7.008e+00   3.155e+00   9.475e-01   0.000e+00  15  sdss  5847  82S  3 
  260  53684.353508  4  24.930  0.685  0.116  0.000  -1.789e+01   1.062e+01   2.002e+00   0.000e+00  14  sdss  5847  82S  3 
  292  53684.352679  0  22.846  1.443  0.237  0.000   2.711e+00   2.934e+00   6.165e-01   0.000e+00  4  sdss  5847  82S  3 
  257  53687.295573  1  27.711  0.723  0.472  0.000  -3.453e+00   2.044e+00   1.515e+00   0.000e+00  14  sdss  5871  82S  3 
  297  53687.292255  2  23.056  1.888  2.096  0.000   2.079e+00   3.085e+00   4.337e+00   0.000e+00  15  sdss  5871  82S  3 
  297  53687.293085  3  21.980  0.901  0.970  0.000   5.697e+00   4.046e+00   5.207e+00   0.000e+00  15  sdss  5871  82S  3 
  280  53687.294744  4  24.605  0.744  0.964  0.000  -1.303e+01   8.695e+00   1.250e+01   0.000e+00  14  sdss  5871  82S  3 
  257  53687.293914  0  27.046  1.436  0.419  0.000  -4.653e+00   4.314e+00   1.782e+00   0.000e+00  4  sdss  5871  82S  3 
  257  53697.349403  1  27.332  0.689  0.182  0.000  -2.414e+00   1.411e+00   4.155e-01   0.000e+00  14  sdss  5895  82S  3 
  256  53697.346086  2  26.951  0.723  0.121  0.000  -3.078e+00   1.890e+00   3.555e-01   0.000e+00  15  sdss  5895  82S  3 
  288  53697.346915  3  21.451  0.289  0.057  0.000   9.346e+00   2.450e+00   4.957e-01   0.000e+00  15  sdss  5895  82S  3 
  256  53697.348573  4  25.591  0.233  0.065  0.000  -3.338e+01   7.163e+00   2.013e+00   0.000e+00  14  sdss  5895  82S  3 
  289  53697.347744  0  24.657  1.757  0.946  0.000   8.693e-03   2.548e+00   9.167e-01   0.000e+00  4  sdss  5895  82S  3 
  288  53700.348182  1  24.489  1.608  0.415  0.000   3.917e-01   1.379e+00   2.862e-01   0.000e+00  14  sdss  5905  82S  3 
  256  53700.344865  2  27.792  0.403  0.080  0.000  -6.783e+00   2.421e+00   5.028e-01   0.000e+00  15  sdss  5905  82S  3 
  288  53700.345694  3  22.740  1.384  0.262  0.000   2.720e+00   3.143e+00   7.232e-01   0.000e+00  15  sdss  5905  82S  3 
  256  53700.347353  4  27.211  0.073  0.017  0.000  -1.493e+02   1.009e+01   2.292e+00   0.000e+00  14  sdss  5905  82S  3 
  288  53700.346523  0  23.221  1.515  0.274  0.000   1.851e+00   2.546e+00   5.237e-01   0.000e+00  4  sdss  5905  82S  3 
  256  53705.334827  1  29.917  0.068  0.018  0.000  -2.656e+01   1.635e+00   4.415e-01   0.000e+00  14  sdss  5924  82S  3 
  256  53705.331510  2  27.656  0.465  0.122  0.000  -5.977e+00   2.437e+00   6.766e-01   0.000e+00  15  sdss  5924  82S  3 
  288  53705.332339  3  21.542  0.390  0.108  0.000   8.587e+00   2.988e+00   8.621e-01   0.000e+00  15  sdss  5924  82S  3 
  288  53705.333998  4  21.040  0.681  0.099  0.000   1.329e+01   8.206e+00   1.309e+00   0.000e+00  14  sdss  5924  82S  3 
  256  53705.333169  0  26.898  0.901  0.131  0.000  -4.042e+00   2.833e+00   4.888e-01   0.000e+00  4  sdss  5924  82S  3 
