# SDSS CID:  13012 IAU:          RA:   7.013416 DEC:   0.471451  (J2000)
# GALAXY_SB [ugriz] = [ 22.70 22.06 21.63 21.47 21.07 ] +/- [  0.14  0.02  0.02  0.02  0.04 ] (asinh mag/square arcsec)
# GALAXY_SB_FLUX [ugriz] = [  3.031E+00  5.300E+00  8.037E+00  9.156E+00  1.289E+01 ] +/- [  4.004E-01  1.032E-01  1.463E-01  1.694E-01  5.336E-01 ] (microJy per square arcsec)
#FLAG  MJD       FILT  MAG     MERR  MSKYERR MGALERR  FLUX       FLUXERR    SKYERR     GALERR    NPRE TELE   RUN  STRIP  IDCCD
   32  53975.323259  1  21.880  0.102  0.017  0.090   6.291e+00   5.918e-01   1.012e-01   5.247e-01  10  sdss  6287  82S  5 
   32  53975.319942  2  21.773  0.131  0.010  0.100   7.036e+00   8.501e-01   6.578e-02   6.525e-01  10  sdss  6287  82S  5 
   32  53975.320771  3  21.543  0.165  0.007  0.085   8.572e+00   1.305e+00   5.757e-02   6.745e-01  11  sdss  6287  82S  5 
   32  53975.322430  4  21.357  0.427  0.219  0.265   9.627e+00   4.182e+00   2.215e+00   2.685e+00  10  sdss  6287  82S  5 
  168  53975.321600  0  22.339  0.393  0.228  0.532   4.421e+00   1.575e+00   9.505e-01   2.216e+00  5  sdss  6287  82S  5 
   33  53990.336838  1  21.596  0.158  0.040  0.089   8.180e+00   1.189e+00   3.027e-01   6.745e-01  10  sdss  6330  82S  5 
   33  53990.333521  2  21.433  0.138  0.032  0.103   9.641e+00   1.226e+00   2.824e-01   9.229e-01  10  sdss  6330  82S  5 
   32  53990.334350  3  21.448  0.190  0.076  0.105   9.365e+00   1.639e+00   6.600e-01   9.146e-01  11  sdss  6330  82S  5 
   32  53990.336009  4  21.371  0.484  0.134  0.314   9.486e+00   4.653e+00   1.340e+00   3.142e+00  10  sdss  6330  82S  5 
   33  53990.335179  0  22.211  0.670  0.117  0.607   4.989e+00   2.812e+00   5.478e-01   2.838e+00  5  sdss  6330  82S  5 
    0  53994.346928  1  21.726  0.095  0.042  0.071   7.254e+00   6.371e-01   2.829e-01   4.743e-01  10  sdss  6355  82S  5 
   32  53994.343610  2  21.534  0.107  0.017  0.080   8.781e+00   8.660e-01   1.379e-01   6.473e-01  10  sdss  6355  82S  5 
    0  53994.344440  3  21.476  0.157  0.038  0.073   9.125e+00   1.320e+00   3.246e-01   6.162e-01  11  sdss  6355  82S  5 
    0  53994.346098  4  21.188  0.346  0.082  0.164   1.146e+01   3.925e+00   9.531e-01   1.902e+00  10  sdss  6355  82S  5 
  136  53994.345269  0  22.034  0.279  0.142  0.302   5.891e+00   1.499e+00   7.796e-01   1.655e+00  5  sdss  6355  82S  5 
   32  53996.330769  1  21.895  0.112  0.040  0.137   6.204e+00   6.393e-01   2.276e-01   7.866e-01  10  sdss  6367  82S  5 
   32  53996.327452  2  21.628  0.125  0.018  0.138   8.049e+00   9.290e-01   1.321e-01   1.029e+00  10  sdss  6367  82S  5 
   32  53996.328281  3  21.505  0.180  0.055  0.145   8.882e+00   1.470e+00   4.550e-01   1.198e+00  11  sdss  6367  82S  5 
   32  53996.329940  4  22.017  0.674  0.116  0.489   4.362e+00   4.251e+00   7.360e-01   3.088e+00  10  sdss  6367  82S  5 
   32  53996.329110  0  22.254  0.388  0.054  0.614   4.791e+00   1.680e+00   2.418e-01   2.762e+00  5  sdss  6367  82S  5 
   32  53998.299699  1  21.836  0.102  0.006  0.101   6.552e+00   6.136e-01   3.676e-02   6.130e-01  10  sdss  6377  82S  5 
   40  53998.296382  2  21.666  0.113  0.045  0.080   7.771e+00   8.143e-01   3.232e-01   5.778e-01  10  sdss  6377  82S  5 
   32  53998.297211  3  21.579  0.168  0.016  0.086   8.290e+00   1.287e+00   1.231e-01   6.615e-01  11  sdss  6377  82S  5 
    0  53998.298869  4  20.900  0.262  0.065  0.138   1.525e+01   3.834e+00   9.682e-01   2.055e+00  10  sdss  6377  82S  5 
  128  53998.298040  0  22.063  0.289  0.016  0.336   5.733e+00   1.512e+00   8.352e-02   1.796e+00  5  sdss  6377  82S  5 
    0  54005.329727  1  21.753  0.087  0.011  0.054   7.075e+00   5.663e-01   7.348e-02   3.511e-01  10  sdss  6402  82S  5 
   40  54005.326410  2  21.533  0.097  0.034  0.060   8.789e+00   7.898e-01   2.760e-01   4.921e-01  10  sdss  6402  82S  5 
    0  54005.327239  3  21.567  0.156  0.041  0.062   8.383e+00   1.209e+00   3.178e-01   4.835e-01  11  sdss  6402  82S  5 
    0  54005.328898  4  21.241  0.314  0.103  0.129   1.086e+01   3.422e+00   1.146e+00   1.433e+00  10  sdss  6402  82S  5 
  128  54005.328068  0  22.043  0.262  0.027  0.236   5.842e+00   1.399e+00   1.494e-01   1.286e+00  5  sdss  6402  82S  5 
    0  54008.290303  1  21.700  0.090  0.018  0.078   7.430e+00   6.134e-01   1.210e-01   5.324e-01  10  sdss  6417  82S  5 
   32  54008.286986  2  21.656  0.119  0.026  0.088   7.843e+00   8.651e-01   1.891e-01   6.373e-01  10  sdss  6417  82S  5 
    0  54008.287815  3  21.536  0.168  0.037  0.084   8.628e+00   1.335e+00   3.009e-01   6.772e-01  11  sdss  6417  82S  5 
   32  54008.289474  4  21.305  0.568  0.153  0.206   1.017e+01   5.679e+00   1.609e+00   2.177e+00  10  sdss  6417  82S  5 
  136  54008.288644  0  22.172  0.341  0.171  0.418   5.176e+00   1.605e+00   8.288e-01   2.022e+00  5  sdss  6417  82S  5 
    1  54010.285101  1  21.685  0.111  0.032  0.057   7.534e+00   7.718e-01   2.233e-01   3.938e-01  10  sdss  6425  82S  5 
    0  54010.281784  2  21.559  0.117  0.030  0.059   8.581e+00   9.248e-01   2.403e-01   4.724e-01  10  sdss  6425  82S  5 
    0  54010.282613  3  21.512  0.164  0.048  0.069   8.824e+00   1.333e+00   3.925e-01   5.626e-01  11  sdss  6425  82S  5 
    0  54010.284272  4  21.132  0.292  0.044  0.143   1.213e+01   3.489e+00   5.338e-01   1.737e+00  10  sdss  6425  82S  5 
    9  54010.283443  0  21.868  0.257  0.082  0.202   6.878e+00   1.612e+00   5.230e-01   1.288e+00  5  sdss  6425  82S  5 
    1  54012.277819  1  21.888  0.235  0.100  0.061   6.245e+00   1.336e+00   5.796e-01   3.548e-01  10  sdss  6433  82S  5 
    1  54012.274502  2  21.229  0.134  0.037  0.047   1.164e+01   1.439e+00   4.019e-01   5.057e-01  10  sdss  6433  82S  5 
   33  54012.275331  3  21.586  0.218  0.047  0.062   8.236e+00   1.649e+00   3.575e-01   4.780e-01  11  sdss  6433  82S  5 
   32  54012.276990  4  21.630  0.514  0.050  0.189   7.141e+00   4.084e+00   4.086e-01   1.550e+00  10  sdss  6433  82S  5 
    1  54012.276161  0  21.526  0.330  0.033  0.138   9.451e+00   2.790e+00   2.910e-01   1.199e+00  5  sdss  6433  82S  5 
   33  54020.283761  1  22.037  0.187  0.085  0.146   5.439e+00   9.337e-01   4.283e-01   7.338e-01  10  sdss  6447  82S  5 
   32  54020.280444  2  21.760  0.170  0.047  0.150   7.122e+00   1.116e+00   3.099e-01   9.898e-01  10  sdss  6447  82S  5 
   32  54020.281273  3  21.390  0.175  0.062  0.097   9.883e+00   1.594e+00   5.643e-01   8.889e-01  11  sdss  6447  82S  5 
   32  54020.282931  4  21.815  0.686  0.254  0.384   5.722e+00   4.792e+00   1.820e+00   2.753e+00  10  sdss  6447  82S  5 
   33  54020.282102  0  23.837  1.498  0.510  2.011   8.833e-01   2.106e+00   6.436e-01   2.539e+00  5  sdss  6447  82S  5 
   42  54024.365318  1  21.658  0.138  0.151  0.198   7.724e+00   9.790e-01   1.077e+00   1.415e+00  10  sdss  6458  82S  5 
   32  54024.362002  2  21.220  0.106  0.072  0.124   1.173e+01   1.141e+00   7.782e-01   1.342e+00  10  sdss  6458  82S  5 
   32  54024.362831  3  21.615  0.220  0.130  0.174   8.016e+00   1.623e+00   9.689e-01   1.299e+00  11  sdss  6458  82S  5 
  160  54024.364489  4  22.145  0.856  0.503  0.770   3.581e+00   5.184e+00   2.962e+00   4.533e+00  10  sdss  6458  82S  5 
 1184  54024.363660  0  22.648  0.634  0.189  1.176   3.290e+00   1.840e+00   5.985e-01   3.726e+00  5  sdss  6458  82S  5 
    0  54030.276890  1  21.796  0.091  0.014  0.053   6.799e+00   5.724e-01   8.680e-02   3.321e-01  10  sdss  6479  82S  5 
   32  54030.273573  2  21.499  0.101  0.010  0.059   9.070e+00   8.439e-01   8.172e-02   4.954e-01  10  sdss  6479  82S  5 
    0  54030.274402  3  21.433  0.144  0.038  0.056   9.497e+00   1.265e+00   3.369e-01   4.919e-01  11  sdss  6479  82S  5 
    0  54030.276061  4  20.950  0.250  0.082  0.091   1.453e+01   3.514e+00   1.173e+00   1.299e+00  10  sdss  6479  82S  5 
    0  54030.275231  0  21.849  0.247  0.019  0.191   7.001e+00   1.578e+00   1.240e-01   1.241e+00  5  sdss  6479  82S  5 
   40  54035.352401  1  21.898  0.132  0.137  0.176   6.187e+00   7.534e-01   7.874e-01   1.006e+00  10  sdss  6501  82S  5 
   32  54035.349084  2  22.063  0.282  0.182  0.357   5.373e+00   1.387e+00   9.112e-01   1.791e+00  10  sdss  6501  82S  5 
   32  54035.349914  3  21.504  0.239  0.096  0.218   8.890e+00   1.949e+00   7.910e-01   1.801e+00  11  sdss  6501  82S  5 
   32  54035.351572  4  21.346  0.551  0.256  0.377   9.739e+00   5.349e+00   2.609e+00   3.850e+00  10  sdss  6501  82S  5 
 1192  54035.350743  0  22.501  0.652  0.608  1.381   3.789e+00   2.136e+00   2.192e+00   4.983e+00  5  sdss  6501  82S  5 
    0  54037.257860  1  21.771  0.096  0.016  0.064   6.958e+00   6.131e-01   1.033e-01   4.093e-01  10  sdss  6508  82S  5 
   32  54037.254543  2  21.667  0.139  0.064  0.096   7.763e+00   9.974e-01   4.597e-01   6.916e-01  10  sdss  6508  82S  5 
    0  54037.255372  3  21.292  0.140  0.033  0.066   1.083e+01   1.402e+00   3.286e-01   6.664e-01  11  sdss  6508  82S  5 
   32  54037.257031  4  21.457  0.411  0.050  0.181   8.654e+00   3.739e+00   4.641e-01   1.692e+00  10  sdss  6508  82S  5 
  128  54037.256201  0  22.313  0.371  0.040  0.437   4.532e+00   1.527e+00   1.715e-01   1.862e+00  5  sdss  6508  82S  5 
   33  54040.272046  1  21.851  0.237  0.063  0.092   6.462e+00   1.397e+00   3.772e-01   5.501e-01  10  sdss  6518  82S  5 
   33  54040.268729  2  21.449  0.168  0.049  0.086   9.499e+00   1.463e+00   4.323e-01   7.599e-01  10  sdss  6518  82S  5 
   33  54040.269558  3  21.638  0.263  0.034  0.107   7.846e+00   1.886e+00   2.521e-01   7.826e-01  11  sdss  6518  82S  5 
   32  54040.271217  4  21.139  0.424  0.092  0.198   1.204e+01   4.947e+00   1.110e+00   2.400e+00  10  sdss  6518  82S  5 
    1  54040.270387  0  21.722  0.426  0.084  0.295   7.879e+00   2.961e+00   6.135e-01   2.150e+00  5  sdss  6518  82S  5 
   35  54047.302313  1  21.737  0.499  0.273  0.409   7.180e+00   3.097e+00   1.810e+00   2.713e+00  10  sdss  6530  82S  5 
   35  54047.298996  2  21.471  0.349  0.309  0.414   9.308e+00   2.905e+00   2.666e+00   3.569e+00  10  sdss  6530  82S  5 
   34  54047.299826  3  21.807  0.515  0.443  0.531   6.699e+00   3.022e+00   2.780e+00   3.333e+00  11  sdss  6530  82S  5 
   34  54047.301484  4  21.139  1.001  0.653  1.098   1.204e+01   1.039e+01   7.904e+00   1.330e+01  10  sdss  6530  82S  5 
 1187  54047.300655  0  23.083  2.518  1.733  3.881   2.136e+00   5.692e+00   3.787e+00   8.480e+00  5  sdss  6530  82S  5 
   33  54049.298187  1  23.541  2.169  0.647  1.546   1.291e+00   2.625e+00   8.581e-01   2.051e+00  10  sdss  6537  82S  5 
   35  54049.294870  2  21.554  0.209  0.109  0.243   8.620e+00   1.646e+00   8.674e-01   1.943e+00  10  sdss  6537  82S  5 
   34  54049.295699  3  21.437  0.266  0.149  0.266   9.461e+00   2.291e+00   1.309e+00   2.338e+00  11  sdss  6537  82S  5 
   34  54049.297358  4  22.582  1.294  2.175  1.974   1.236e+00   7.979e+00   1.089e+01   9.885e+00  10  sdss  6537  82S  5 
  163  54049.296528  0  22.701  2.288  1.386  2.828   3.125e+00   5.224e+00   4.193e+00   8.553e+00  5  sdss  6537  82S  5 
   32  54053.262289  1  21.887  0.104  0.035  0.080   6.250e+00   5.988e-01   2.015e-01   4.651e-01  10  sdss  6555  82S  5 
   32  54053.258972  2  21.612  0.124  0.062  0.119   8.170e+00   9.322e-01   4.724e-01   9.032e-01  10  sdss  6555  82S  5 
   32  54053.259801  3  21.379  0.150  0.063  0.090   9.985e+00   1.378e+00   5.821e-01   8.371e-01  11  sdss  6555  82S  5 
    0  54053.261460  4  20.973  0.275  0.101  0.158   1.420e+01   3.776e+00   1.413e+00   2.210e+00  10  sdss  6555  82S  5 
    8  54053.260630  0  21.657  0.220  0.087  0.335   8.369e+00   1.677e+00   6.706e-01   2.594e+00  5  sdss  6555  82S  5 
   40  54056.263672  1  21.736  0.111  0.106  0.159   7.187e+00   7.373e-01   7.011e-01   1.054e+00  10  sdss  6568  82S  5 
   32  54056.260355  2  21.850  0.196  0.141  0.250   6.551e+00   1.182e+00   8.570e-01   1.523e+00  10  sdss  6568  82S  5 
   32  54056.261184  3  21.383  0.192  0.084  0.147   9.948e+00   1.754e+00   7.721e-01   1.357e+00  11  sdss  6568  82S  5 
   32  54056.262842  4  20.781  0.400  0.182  0.330   1.712e+01   6.360e+00   2.998e+00   5.435e+00  10  sdss  6568  82S  5 
  130  54056.262013  0  21.445  0.295  0.052  0.723   1.019e+01   2.708e+00   4.884e-01   6.788e+00  5  sdss  6568  82S  5 
   32  54059.257696  1  21.603  0.102  0.054  0.157   8.128e+00   7.667e-01   4.070e-01   1.176e+00  10  sdss  6580  82S  5 
  162  54059.254380  2  21.430  0.138  0.093  0.231   9.668e+00   1.229e+00   8.280e-01   2.071e+00  10  sdss  6580  82S  5 
   32  54059.255209  3  21.339  0.204  0.183  0.257   1.037e+01   1.937e+00   1.757e+00   2.472e+00  11  sdss  6580  82S  5 
   32  54059.256867  4  21.202  0.465  0.234  0.389   1.130e+01   5.123e+00   2.690e+00   4.473e+00  10  sdss  6580  82S  5 
  130  54059.256038  0  21.614  0.299  0.082  0.753   8.710e+00   2.346e+00   6.575e-01   6.059e+00  5  sdss  6580  82S  5 
   32  54062.262314  1  21.733  0.117  0.023  0.165   7.207e+00   7.748e-01   1.513e-01   1.102e+00  10  sdss  6596  82S  5 
   32  54062.258997  2  21.683  0.159  0.020  0.181   7.649e+00   1.123e+00   1.395e-01   1.283e+00  10  sdss  6596  82S  5 
   32  54062.259826  3  21.922  0.348  0.179  0.309   6.012e+00   1.909e+00   1.012e+00   1.747e+00  11  sdss  6596  82S  5 
   32  54062.261485  4  21.987  0.870  0.396  0.586   4.553e+00   5.599e+00   2.547e+00   3.770e+00  10  sdss  6596  82S  5 
 1184  54062.260655  0  22.041  0.433  0.061  0.828   5.852e+00   2.249e+00   3.330e-01   4.514e+00  5  sdss  6596  82S  5 
   33  54068.242442  1  22.024  0.324  0.152  0.185   5.505e+00   1.606e+00   7.771e-01   9.414e-01  10  sdss  6618  82S  5 
   33  54068.239125  2  21.357  0.174  0.103  0.124   1.034e+01   1.650e+00   9.838e-01   1.181e+00  10  sdss  6618  82S  5 
   33  54068.239954  3  21.174  0.179  0.098  0.101   1.208e+01   1.980e+00   1.096e+00   1.131e+00  11  sdss  6618  82S  5 
   32  54068.241613  4  21.364  0.526  0.244  0.333   9.557e+00   5.056e+00   2.451e+00   3.353e+00  10  sdss  6618  82S  5 
    1  54068.240784  0  25.582  2.029  1.178  2.629  -9.975e-01   3.461e+00   1.570e+00   3.503e+00  5  sdss  6618  82S  5 
