# SDSS CID:  21035 IAU:          RA:  35.114079 DEC:   1.235330  (J2000)
# GALAXY_SB [ugriz] = [ 22.93 22.52 21.34 20.94 20.40 ] +/- [  0.12  0.02  0.02  0.02  0.03 ] (asinh mag/square arcsec)
# GALAXY_SB_FLUX [ugriz] = [  2.421E+00  3.472E+00  1.049E+01  1.504E+01  2.436E+01 ] +/- [  2.923E-01  8.042E-02  1.508E-01  2.290E-01  6.991E-01 ] (microJy per square arcsec)
#FLAG  MJD       FILT  MAG     MERR  MSKYERR MGALERR  FLUX       FLUXERR    SKYERR     GALERR    NPRE TELE   RUN  STRIP  IDCCD
   33  54346.416346  1  24.637  1.498  1.640  0.851   2.928e-01   1.218e+00   1.062e+00   5.509e-01  19  sdss  6921  82N  6 
    1  54346.413029  2  25.879  1.151  0.300  0.750  -1.008e+00   1.361e+00   3.697e-01   9.231e-01  22  sdss  6921  82N  6 
   32  54346.413858  3  23.402  1.097  0.474  1.001   1.290e+00   1.829e+00   7.989e-01   1.689e+00  24  sdss  6921  82N  6 
   32  54346.415517  4  22.724  0.829  0.145  0.905   5.306e-01   4.463e+00   7.131e-01   4.434e+00  21  sdss  6921  82N  6 
   37  54346.414688  0  22.686  1.266  0.090  0.715   3.172e+00   2.917e+00   2.656e-01   2.106e+00  17  sdss  6921  82N  6 
   33  54348.420567  1  23.063  0.380  0.182  0.247   2.074e+00   7.328e-01   3.626e-01   4.935e-01  19  sdss  6934  82N  6 
   32  54348.417249  2  23.085  0.546  0.376  0.468   2.021e+00   1.050e+00   7.659e-01   9.540e-01  22  sdss  6934  82N  6 
    0  54348.418079  3  25.849  0.658  0.370  0.546  -2.366e+00   1.537e+00   9.243e-01   1.365e+00  24  sdss  6934  82N  6 
   32  54348.419738  4  21.335  0.504  0.210  0.473   9.857e+00   4.982e+00   2.170e+00   4.885e+00  21  sdss  6934  82N  6 
    0  54348.418908  0  26.450  0.912  0.295  0.781  -2.618e+00   1.977e+00   7.352e-01   1.947e+00  17  sdss  6934  82N  6 
    0  54355.430977  1  25.346  0.811  0.123  0.635  -1.353e-01   5.301e-01   7.430e-02   3.819e-01  19  sdss  6947  82N  6 
   32  54355.427659  2  23.794  0.746  0.375  0.613   9.262e-01   8.510e-01   4.402e-01   7.192e-01  22  sdss  6947  82N  6 
    0  54355.428489  3  24.469  0.962  0.467  0.879  -1.270e-01   1.297e+00   5.557e-01   1.046e+00  24  sdss  6947  82N  6 
   32  54355.430147  4  22.441  0.737  0.670  0.732   1.952e+00   4.045e+00   3.484e+00   3.809e+00  21  sdss  6947  82N  6 
   40  54355.429318  0  23.159  0.843  0.661  0.746   1.975e+00   1.521e+00   1.313e+00   1.483e+00  17  sdss  6947  82N  6 
   32  54358.377050  1  24.253  0.791  0.286  0.821   5.648e-01   6.174e-01   2.242e-01   6.444e-01  19  sdss  6958  82N  6 
   32  54358.373732  2  23.498  0.662  0.237  0.528   1.311e+00   9.120e-01   3.443e-01   7.689e-01  22  sdss  6958  82N  6 
   32  54358.374561  3  23.085  0.765  0.366  0.650   1.886e+00   1.519e+00   7.753e-01   1.377e+00  24  sdss  6958  82N  6 
    0  54358.376220  4  23.833  0.681  0.493  0.626  -5.595e+00   4.719e+00   3.501e+00   4.451e+00  21  sdss  6958  82N  6 
   36  54358.375391  0  22.624  0.616  0.475  0.686   3.368e+00   1.763e+00   1.479e+00   2.133e+00  17  sdss  6958  82N  6 
    8  54365.410593  1  25.256  0.770  0.469  0.575  -8.139e-02   4.947e-01   2.783e-01   3.412e-01  19  sdss  6982  82N  6 
   32  54365.407275  2  24.335  0.870  0.292  0.664   3.845e-01   8.138e-01   2.559e-01   5.811e-01  22  sdss  6982  82N  6 
    0  54365.408104  3  25.594  0.650  0.151  0.434  -1.792e+00   1.268e+00   3.090e-01   8.884e-01  24  sdss  6982  82N  6 
   32  54365.409763  4  21.983  0.600  0.267  0.422   4.582e+00   3.849e+00   1.726e+00   2.726e+00  21  sdss  6982  82N  6 
   40  54365.408934  0  23.270  0.825  0.684  0.736   1.756e+00   1.387e+00   1.246e+00   1.340e+00  17  sdss  6982  82N  6 
    0  54381.430597  1  25.329  0.778  0.117  0.482  -1.250e-01   5.044e-01   7.000e-02   2.890e-01  19  sdss  7034  82N  6 
    0  54381.427279  2  25.580  0.828  0.064  0.653  -6.761e-01   8.494e-01   6.502e-02   6.630e-01  22  sdss  7034  82N  6 
    0  54381.428109  3  25.416  0.749  0.228  0.548  -1.453e+00   1.299e+00   4.103e-01   9.858e-01  24  sdss  7034  82N  6 
   32  54381.429767  4  22.298  0.655  0.321  0.446   2.713e+00   3.693e+00   1.760e+00   2.444e+00  21  sdss  7034  82N  6 
  160  54381.428938  0  24.523  1.244  0.129  1.354   1.383e-01   1.491e+00   1.262e-01   1.323e+00  17  sdss  7034  82N  6 
    0  54384.437512  1  25.445  0.817  0.216  0.565  -1.956e-01   5.419e-01   1.329e-01   3.476e-01  19  sdss  7047  82N  6 
    0  54384.434195  2  25.945  0.732  0.182  0.534  -1.091e+00   9.026e-01   2.341e-01   6.881e-01  22  sdss  7047  82N  6 
   32  54384.435024  3  23.715  0.935  0.321  0.680   8.119e-01   1.374e+00   4.507e-01   9.558e-01  24  sdss  7047  82N  6 
    0  54384.436682  4  23.204  0.773  0.485  0.631  -1.845e+00   4.251e+00   2.508e+00   3.262e+00  21  sdss  7047  82N  6 
    4  54384.435853  0  26.193  0.899  0.624  0.810  -2.020e+00   1.630e+00   1.260e+00   1.636e+00  17  sdss  7047  82N  6 
    0  54386.423219  1  25.135  0.855  0.254  0.794  -9.798e-03   5.571e-01   1.497e-01   4.673e-01  19  sdss  7054  82N  6 
    0  54386.419901  2  25.957  0.748  0.251  0.675  -1.107e+00   9.285e-01   3.263e-01   8.778e-01  22  sdss  7054  82N  6 
    0  54386.420731  3  25.355  0.830  0.218  0.741  -1.347e+00   1.391e+00   3.757e-01   1.278e+00  24  sdss  7054  82N  6 
   32  54386.422389  4  22.731  0.779  0.478  0.773   4.964e-01   4.147e+00   2.341e+00   3.785e+00  21  sdss  7054  82N  6 
    0  54386.421560  0  25.475  1.199  0.457  1.447  -8.585e-01   1.557e+00   5.613e-01   1.776e+00  17  sdss  7054  82N  6 
    0  54388.427349  1  25.760  0.763  0.228  0.512  -4.003e-01   5.439e-01   1.584e-01   3.558e-01  19  sdss  7060  82N  6 
   32  54388.424032  2  24.593  1.005  0.663  0.907   1.684e-01   9.310e-01   5.396e-01   7.380e-01  22  sdss  7060  82N  6 
   32  54388.424861  3  22.672  0.487  0.294  0.344   2.914e+00   1.375e+00   8.689e-01   1.018e+00  24  sdss  7060  82N  6 
   32  54388.426520  4  22.600  0.734  0.431  0.532   1.147e+00   3.922e+00   2.152e+00   2.653e+00  21  sdss  7060  82N  6 
   32  54388.425691  0  23.913  1.309  0.323  1.369   7.891e-01   1.718e+00   3.847e-01   1.630e+00  17  sdss  7060  82N  6 
  160  54392.424961  1  23.066  0.341  0.294  0.369   2.068e+00   6.596e-01   5.857e-01   7.337e-01  19  sdss  7077  82N  6 
   32  54392.421644  2  22.938  0.469  0.198  0.444   2.337e+00   1.034e+00   4.583e-01   1.026e+00  22  sdss  7077  82N  6 
    0  54392.422473  3  25.874  0.739  0.975  0.876  -2.428e+00   1.732e+00   2.487e+00   2.235e+00  24  sdss  7077  82N  6 
   32  54392.424132  4  21.554  0.592  0.320  0.520   7.779e+00   4.919e+00   2.774e+00   4.518e+00  21  sdss  7077  82N  6 
    0  54392.423303  0  25.785  1.492  0.397  2.462  -1.288e+00   2.225e+00   5.913e-01   3.665e+00  17  sdss  7077  82N  6 
   32  54393.431200  1  22.940  0.307  0.137  0.121   2.334e+00   6.677e-01   3.038e-01   2.701e-01  19  sdss  7081  82N  6 
    0  54393.427883  2  25.330  0.962  0.103  0.621  -4.389e-01   9.273e-01   9.202e-02   5.570e-01  22  sdss  7081  82N  6 
   32  54393.428712  3  22.478  0.442  0.209  0.236   3.532e+00   1.479e+00   7.314e-01   8.250e-01  24  sdss  7081  82N  6 
   32  54393.430371  4  21.862  0.675  0.246  0.329   5.391e+00   4.604e+00   1.717e+00   2.291e+00  21  sdss  7081  82N  6 
    4  54393.429541  0  25.392  1.311  0.114  0.987  -7.577e-01   1.713e+00   1.336e-01   1.160e+00  17  sdss  7081  82N  6 
   35  54396.294506  1  22.042  0.498  0.293  0.340   5.416e+00   2.341e+00   1.470e+00   1.705e+00  19  sdss  7095  82N  6 
  163  54396.291189  2  23.427  1.827  1.503  2.200   1.416e+00   2.616e+00   2.312e+00   3.385e+00  22  sdss  7095  82N  6 
  131  54396.292018  3  26.006  1.341  0.885  1.826  -2.781e+00   3.118e+00   2.518e+00   5.196e+00  24  sdss  7095  82N  6 
  130  54396.293677  4  24.013  1.175  1.347  1.917  -6.962e+00   8.863e+00   1.087e+01   1.547e+01  21  sdss  7095  82N  6 
 1053  54403.341483  1  25.839  2.634 42.837  0.567  -4.563e-01   3.617e+00   3.097e+01   4.100e-01  19  sdss  7106  82N  6 
 1213  54403.338166  2  21.196  1.202 11.954  0.080   1.200e+01   9.778e+00   1.334e+02   8.942e-01  22  sdss  7106  82N  6 
 1213  54403.338995  3  20.378  0.570 12.097  0.062   2.521e+01   1.229e+01   2.843e+02   1.457e+00  24  sdss  7106  82N  6 
   45  54403.340654  4  20.401  0.734  0.824  0.168   2.458e+01   1.502e+01   1.913e+01   3.913e+00  21  sdss  7106  82N  6 
    5  54403.339824  0  25.814  2.715  2.190  1.237  -1.332e+00   6.493e+00   3.324e+00   1.878e+00  17  sdss  7106  82N  6 
   33  54405.396825  1  22.816  0.324  0.117  0.147   2.626e+00   7.850e-01   2.915e-01   3.653e-01  19  sdss  7117  82N  6 
   32  54405.393508  2  22.560  0.340  0.097  0.216   3.365e+00   1.065e+00   3.122e-01   6.965e-01  22  sdss  7117  82N  6 
   32  54405.394337  3  23.131  0.788  0.444  0.488   1.790e+00   1.515e+00   9.075e-01   9.972e-01  24  sdss  7117  82N  6 
   32  54405.395996  4  21.859  0.655  0.298  0.374   5.412e+00   4.483e+00   2.081e+00   2.608e+00  21  sdss  7117  82N  6 
   33  54405.395166  0  22.246  0.584  0.447  0.398   4.830e+00   2.337e+00   1.944e+00   1.731e+00  17  sdss  7117  82N  6 
   32  54406.335187  1  22.455  0.199  0.026  0.133   3.688e+00   6.763e-01   8.986e-02   4.587e-01  19  sdss  7121  82N  6 
   32  54406.331870  2  22.765  0.351  0.161  0.246   2.766e+00   9.163e-01   4.319e-01   6.601e-01  22  sdss  7121  82N  6 
   32  54406.332700  3  22.572  0.427  0.187  0.289   3.220e+00   1.325e+00   6.028e-01   9.316e-01  24  sdss  7121  82N  6 
 1184  54406.334358  4  20.969  0.306  0.145  0.213   1.426e+01   4.207e+00   2.032e+00   2.994e+00  21  sdss  7121  82N  6 
   32  54406.333529  0  23.045  0.830  0.263  0.569   2.222e+00   1.625e+00   5.737e-01   1.240e+00  17  sdss  7121  82N  6 
   32  54412.360633  1  22.257  0.139  0.030  0.094   4.436e+00   5.693e-01   1.242e-01   3.859e-01  19  sdss  7142  82N  6 
   32  54412.357316  2  22.649  0.342  0.026  0.265   3.091e+00   9.907e-01   7.821e-02   7.892e-01  22  sdss  7142  82N  6 
   32  54412.358145  3  22.239  0.360  0.142  0.278   4.451e+00   1.502e+00   6.107e-01   1.196e+00  24  sdss  7142  82N  6 
   32  54412.359804  4  21.284  0.422  0.216  0.282   1.039e+01   4.402e+00   2.321e+00   3.036e+00  21  sdss  7142  82N  6 
 1184  54412.358974  0  23.115  0.955  0.608  0.802   2.067e+00   1.741e+00   1.251e+00   1.650e+00  17  sdss  7142  82N  6 
   40  54416.333742  1  22.127  0.112  0.050  0.059   5.005e+00   5.199e-01   2.301e-01   2.750e-01  19  sdss  7155  82N  6 
   32  54416.330425  2  22.130  0.188  0.083  0.139   5.045e+00   8.844e-01   3.947e-01   6.598e-01  22  sdss  7155  82N  6 
   32  54416.331254  3  21.976  0.258  0.077  0.189   5.715e+00   1.383e+00   4.218e-01   1.030e+00  24  sdss  7155  82N  6 
   32  54416.332913  4  21.954  0.607  0.144  0.389   4.770e+00   3.949e+00   9.456e-01   2.554e+00  21  sdss  7155  82N  6 
  128  54416.332083  0  21.970  0.294  0.038  0.214   6.254e+00   1.602e+00   2.112e-01   1.193e+00  17  sdss  7155  82N  6 
   32  54421.339352  1  22.070  0.134  0.036  0.128   5.278e+00   6.535e-01   1.767e-01   6.246e-01  19  sdss  7170  82N  6 
   32  54421.336035  2  22.078  0.216  0.090  0.215   5.296e+00   1.062e+00   4.507e-01   1.069e+00  22  sdss  7170  82N  6 
  160  54421.336864  3  22.816  0.739  0.288  0.761   2.514e+00   1.775e+00   7.553e-01   1.995e+00  24  sdss  7170  82N  6 
   32  54421.338523  4  21.814  0.820  0.448  0.712   5.730e+00   5.719e+00   3.227e+00   5.124e+00  21  sdss  7170  82N  6 
    0  54421.337693  0  21.929  0.372  0.063  0.449   6.497e+00   2.073e+00   3.617e-01   2.594e+00  17  sdss  7170  82N  6 
   33  54423.315832  1  21.920  0.150  0.082  0.096   6.065e+00   8.373e-01   4.571e-01   5.366e-01  19  sdss  7177  82N  6 
   32  54423.312515  2  22.195  0.260  0.102  0.223   4.747e+00   1.145e+00   4.583e-01   9.999e-01  22  sdss  7177  82N  6 
   32  54423.313344  3  22.105  0.336  0.178  0.291   5.058e+00   1.588e+00   8.646e-01   1.413e+00  24  sdss  7177  82N  6 
   32  54423.315003  4  22.082  0.744  0.290  0.723   3.963e+00   4.578e+00   1.771e+00   4.412e+00  21  sdss  7177  82N  6 
   32  54423.314174  0  22.476  0.642  0.496  0.636   3.881e+00   2.070e+00   1.755e+00   2.253e+00  17  sdss  7177  82N  6 
 1061  54432.327561  2  20.895  4.942  3.576  0.076   1.584e+01   4.412e+01   5.262e+01   1.116e+00  22  sdss  7199  82N  6 
 1029  54432.328390  3  19.880  4.510  1.509  0.048   3.990e+01   5.745e+01   5.607e+01   1.775e+00  24  sdss  7199  82N  6 
 1157  54432.330049  4  19.069  4.175  2.674  0.086   8.472e+01   1.501e+02   2.098e+02   6.708e+00  21  sdss  7199  82N  6 
   33  54433.338215  1  22.141  0.337  0.146  0.167   4.941e+00   1.499e+00   6.670e-01   7.627e-01  19  sdss  7202  82N  6 
  169  54433.334898  2  22.286  0.469  0.982  0.366   4.359e+00   1.829e+00   4.048e+00   1.508e+00  22  sdss  7202  82N  6 
   32  54433.335727  3  23.644  1.417  0.721  1.647   9.139e-01   2.336e+00   1.051e+00   2.402e+00  24  sdss  7202  82N  6 
   32  54433.337386  4  22.429  1.145  1.357  1.116   2.015e+00   6.862e+00   7.084e+00   5.828e+00  21  sdss  7202  82N  6 
    1  54433.336557  0  26.346  2.190  0.950  1.559  -2.360e+00   4.448e+00   2.171e+00   3.564e+00  17  sdss  7202  82N  6 
