# SDSS CID:  15541 IAU:          RA: 351.065826 DEC:   0.068198  (J2000)
# GALAXY_SB [ugriz] = [ 23.71 23.71 22.71 22.25 21.59 ] +/- [  0.22  0.08  0.04  0.04  0.08 ] (asinh mag/square arcsec)
# GALAXY_SB_FLUX [ugriz] = [  1.002E+00  1.074E+00  2.907E+00  4.423E+00  7.393E+00 ] +/- [  2.987E-01  9.012E-02  1.141E-01  1.527E-01  6.686E-01 ] (microJy per square arcsec)
#FLAG  MJD       FILT  MAG     MERR  MSKYERR MGALERR  FLUX       FLUXERR    SKYERR     GALERR    NPRE TELE   RUN  STRIP  IDCCD
   32  53975.279906  1  24.362  0.721  0.264  0.847   4.820e-01   5.345e-01   1.945e-01   6.229e-01  12  sdss  6287  82S  4 
   32  53975.276588  2  22.763  0.330  0.169  0.273   2.772e+00   8.550e-01   4.500e-01   7.243e-01  11  sdss  6287  82S  4 
   32  53975.277418  3  23.080  0.657  0.215  0.377   1.897e+00   1.308e+00   4.500e-01   7.902e-01  12  sdss  6287  82S  4 
   32  53975.279076  4  22.220  0.767  0.274  0.525   3.149e+00   4.484e+00   1.552e+00   2.971e+00  11  sdss  6287  82S  4 
    4  53975.278247  0  24.081  1.267  0.090  1.581   5.942e-01   1.598e+00   9.907e-02   1.747e+00  9  sdss  6287  82S  4 
   32  53993.348033  1  24.047  0.826  0.533  0.702   7.381e-01   7.117e-01   4.777e-01   6.288e-01  12  sdss  6348  82S  4 
 1180  53993.344715  2  27.128  4.281 59.662  0.226  -3.642e+00   2.266e+01   2.044e+02   7.746e-01  11  sdss  6348  82S  4 
 1180  53993.345545  3  21.010  0.457  4.869  0.074   1.407e+01   5.562e+00   6.264e+01   9.541e-01  12  sdss  6348  82S  4 
 1164  53993.347203  4  21.648  0.713  1.799  0.473   6.995e+00   5.460e+00   1.444e+01   3.800e+00  11  sdss  6348  82S  4 
 1164  53993.346374  0  21.227  0.521  0.267  0.255   1.246e+01   5.422e+00   2.982e+00   2.850e+00  9  sdss  6348  82S  4 
   32  53996.286902  1  24.008  0.584  0.390  0.606   7.739e-01   5.225e-01   3.591e-01   5.583e-01  12  sdss  6367  82S  4 
   32  53996.283585  2  22.828  0.328  0.113  0.230   2.603e+00   8.034e-01   2.826e-01   5.780e-01  11  sdss  6367  82S  4 
   32  53996.284414  3  22.735  0.470  0.113  0.250   2.734e+00   1.242e+00   3.115e-01   6.903e-01  12  sdss  6367  82S  4 
    0  53996.286073  4  22.942  0.812  0.521  0.660  -5.334e-01   4.353e+00   2.554e+00   3.236e+00  11  sdss  6367  82S  4 
    8  53996.285244  0  24.603  1.359  1.360  2.382   6.062e-02   1.689e+00   1.320e+00   2.312e+00  9  sdss  6367  82S  4 
   32  53998.255370  1  23.942  0.510  0.164  0.365   8.365e-01   4.788e-01   1.578e-01   3.527e-01  12  sdss  6377  82S  4 
   32  53998.252053  2  23.122  0.389  0.072  0.201   1.946e+00   7.366e-01   1.406e-01   3.912e-01  11  sdss  6377  82S  4 
   32  53998.252882  3  22.808  0.455  0.080  0.206   2.536e+00   1.138e+00   2.087e-01   5.341e-01  12  sdss  6377  82S  4 
    0  53998.254541  4  21.932  0.548  0.178  0.329   4.913e+00   3.591e+00   1.178e+00   2.176e+00  11  sdss  6377  82S  4 
    0  53998.253712  0  25.529  1.113  0.104  0.976  -9.281e-01   1.455e+00   1.331e-01   1.245e+00  9  sdss  6377  82S  4 
   32  54005.285634  1  24.001  0.524  0.074  0.375   7.803e-01   4.732e-01   6.826e-02   3.472e-01  12  sdss  6402  82S  4 
    0  54005.282316  2  22.630  0.250  0.069  0.125   3.147e+00   7.351e-01   2.066e-01   3.734e-01  11  sdss  6402  82S  4 
    0  54005.283146  3  22.072  0.235  0.063  0.090   5.220e+00   1.138e+00   3.093e-01   4.425e-01  12  sdss  6402  82S  4 
    0  54005.284804  4  21.859  0.562  0.179  0.318   5.412e+00   3.833e+00   1.243e+00   2.206e+00  11  sdss  6402  82S  4 
    8  54005.283975  0  23.378  0.935  0.570  0.773   1.561e+00   1.469e+00   9.693e-01   1.314e+00  9  sdss  6402  82S  4 
   32  54008.246132  1  23.978  0.548  0.157  0.442   8.020e-01   5.005e-01   1.476e-01   4.153e-01  12  sdss  6417  82S  4 
    0  54008.242815  2  22.989  0.363  0.029  0.204   2.223e+00   7.703e-01   6.383e-02   4.447e-01  11  sdss  6417  82S  4 
   32  54008.243645  3  22.732  0.438  0.132  0.194   2.742e+00   1.168e+00   3.661e-01   5.358e-01  12  sdss  6417  82S  4 
    0  54008.245303  4  21.643  0.485  0.033  0.311   7.035e+00   3.807e+00   2.687e-01   2.509e+00  11  sdss  6417  82S  4 
    0  54008.244474  0  26.650  0.550  0.027  0.492  -3.187e+00   1.548e+00   8.258e-02   1.478e+00  9  sdss  6417  82S  4 
   33  54010.240465  1  24.062  0.810  0.168  0.304   7.248e-01   6.928e-01   1.491e-01   2.695e-01  12  sdss  6425  82S  4 
    0  54010.237149  2  22.488  0.253  0.053  0.078   3.602e+00   8.433e-01   1.789e-01   2.656e-01  11  sdss  6425  82S  4 
   32  54010.237978  3  22.810  0.471  0.040  0.129   2.531e+00   1.173e+00   1.049e-01   3.357e-01  12  sdss  6425  82S  4 
    0  54010.239636  4  21.714  0.458  0.099  0.221   6.473e+00   3.440e+00   7.542e-01   1.694e+00  11  sdss  6425  82S  4 
    1  54010.238807  0  24.981  1.428  0.189  1.042  -3.099e-01   1.836e+00   1.903e-01   1.050e+00  9  sdss  6425  82S  4 
    1  54012.233552  1  23.468  1.105  0.294  0.206   1.392e+00   1.312e+00   4.127e-01   2.891e-01  12  sdss  6433  82S  4 
    1  54012.230235  2  23.592  0.984  0.330  0.184   1.181e+00   1.232e+00   4.428e-01   2.468e-01  11  sdss  6433  82S  4 
    1  54012.231065  3  22.360  0.398  0.132  0.085   3.961e+00   1.459e+00   5.000e-01   3.242e-01  12  sdss  6433  82S  4 
    0  54012.232723  4  24.160  0.458  0.031  0.181  -8.211e+00   3.976e+00   2.791e-01   1.620e+00  11  sdss  6433  82S  4 
  129  54012.231894  0  26.518  1.528  0.169  0.364  -2.800e+00   3.144e+00   4.546e-01   9.762e-01  9  sdss  6433  82S  4 
   33  54020.238880  1  23.596  0.625  0.279  0.414   1.221e+00   7.404e-01   3.524e-01   5.218e-01  12  sdss  6447  82S  4 
   32  54020.235563  2  22.802  0.395  0.127  0.241   2.669e+00   9.785e-01   3.266e-01   6.198e-01  11  sdss  6447  82S  4 
   32  54020.236392  3  23.570  0.949  0.359  0.550   1.023e+00   1.458e+00   5.421e-01   8.283e-01  12  sdss  6447  82S  4 
   32  54020.238051  4  21.893  0.740  0.103  0.454   5.177e+00   4.940e+00   7.023e-01   3.082e+00  11  sdss  6447  82S  4 
    9  54020.237222  0  24.785  1.552  1.165  2.013  -1.164e-01   2.073e+00   1.135e+00   1.961e+00  9  sdss  6447  82S  4 
    0  54022.288185  1  23.172  0.383  0.213  0.325   1.865e+00   6.683e-01   3.839e-01   5.858e-01  12  sdss  6453  82S  4 
    0  54022.284868  2  24.859  1.140  1.118  0.678  -4.585e-02   1.088e+00   8.945e-01   5.421e-01  11  sdss  6453  82S  4 
   36  54022.285698  3  22.437  0.505  0.389  0.182   3.675e+00   1.696e+00   1.381e+00   6.477e-01  12  sdss  6453  82S  4 
  156  54022.287356  4  21.682  0.653  1.522  0.370   6.722e+00   4.926e+00   1.192e+01   2.900e+00  11  sdss  6453  82S  4 
   12  54022.286527  0  24.524  1.657  0.969  1.909   1.379e-01   2.310e+00   9.467e-01   1.865e+00  9  sdss  6453  82S  4 
   32  54028.228801  1  24.473  0.724  0.259  0.713   4.029e-01   5.143e-01   1.797e-01   4.953e-01  12  sdss  6468  82S  4 
   32  54028.225484  2  23.086  0.466  0.194  0.304   2.018e+00   8.975e-01   3.911e-01   6.109e-01  11  sdss  6468  82S  4 
  160  54028.226313  3  22.754  0.515  0.157  0.287   2.681e+00   1.332e+00   4.257e-01   7.797e-01  12  sdss  6468  82S  4 
    0  54028.227972  4  24.344  0.464  0.039  0.311  -9.988e+00   4.621e+00   4.025e-01   3.214e+00  11  sdss  6468  82S  4 
    0  54028.227143  0  25.227  1.380  0.153  1.799  -5.688e-01   1.790e+00   1.673e-01   1.968e+00  9  sdss  6468  82S  4 
    0  54030.232201  1  23.406  0.324  0.058  0.185   1.482e+00   4.676e-01   8.552e-02   2.728e-01  12  sdss  6479  82S  4 
   32  54030.228884  2  23.271  0.454  0.046  0.195   1.671e+00   7.545e-01   7.966e-02   3.363e-01  11  sdss  6479  82S  4 
   32  54030.229713  3  22.584  0.368  0.102  0.127   3.183e+00   1.121e+00   3.205e-01   3.990e-01  12  sdss  6479  82S  4 
    0  54030.231372  4  21.847  0.512  0.121  0.242   5.497e+00   3.523e+00   8.429e-01   1.696e+00  11  sdss  6479  82S  4 
    0  54030.230542  0  24.229  1.231  0.091  1.021   4.349e-01   1.504e+00   9.531e-02   1.066e+00  9  sdss  6479  82S  4 
   32  54035.307603  1  23.579  0.604  0.284  0.893   1.242e+00   7.270e-01   3.626e-01   1.142e+00  12  sdss  6501  82S  4 
   32  54035.304287  2  22.797  0.551  0.325  0.535   2.682e+00   1.327e+00   8.392e-01   1.380e+00  11  sdss  6501  82S  4 
   32  54035.305116  3  21.957  0.343  0.236  0.296   5.821e+00   1.811e+00   1.285e+00   1.607e+00  12  sdss  6501  82S  4 
  128  54035.306774  4  23.453  1.223  1.355  1.528  -3.189e+00   7.742e+00   7.696e+00   8.676e+00  11  sdss  6501  82S  4 
  162  54035.305945  0  24.389  1.891  1.174  4.733   2.711e-01   2.919e+00   1.173e+00   4.726e+00  9  sdss  6501  82S  4 
   44  54037.213024  1  23.778  0.710  0.712  0.282   1.005e+00   7.281e-01   7.764e-01   3.078e-01  12  sdss  6508  82S  4 
   12  54037.209708  2  22.869  0.441  0.551  0.130   2.501e+00   1.023e+00   1.334e+00   3.144e-01  11  sdss  6508  82S  4 
    4  54037.210537  3  22.091  0.285  0.107  0.072   5.126e+00   1.345e+00   5.136e-01   3.487e-01  12  sdss  6508  82S  4 
    4  54037.212195  4  21.260  0.471  0.238  0.157   1.065e+01   4.914e+00   2.586e+00   1.701e+00  11  sdss  6508  82S  4 
   12  54037.211366  0  23.802  1.416  0.772  0.822   9.272e-01   1.956e+00   9.839e-01   1.047e+00  9  sdss  6508  82S  4 
   33  54040.227150  1  23.754  1.404  0.277  0.360   1.031e+00   1.391e+00   3.084e-01   4.003e-01  12  sdss  6518  82S  4 
    1  54040.223833  2  22.793  0.673  0.276  0.195   2.692e+00   1.581e+00   7.149e-01   5.041e-01  11  sdss  6518  82S  4 
    1  54040.224662  3  24.441  1.175  0.567  0.432  -9.365e-02   1.682e+00   6.732e-01   5.131e-01  12  sdss  6518  82S  4 
    0  54040.226321  4  21.719  0.643  0.237  0.285   6.433e+00   4.746e+00   1.810e+00   2.172e+00  11  sdss  6518  82S  4 
 1153  54040.225492  0  24.193  1.690  0.207  1.322   4.729e-01   2.419e+00   2.184e-01   1.398e+00  9  sdss  6518  82S  4 
    1  54049.252704  1  26.249  1.348  0.652  0.844  -7.927e-01   1.213e+00   6.091e-01   7.887e-01  12  sdss  6537  82S  4 
   32  54049.249387  2  22.829  0.632  0.335  0.449   2.600e+00   1.455e+00   8.414e-01   1.127e+00  11  sdss  6537  82S  4 
   32  54049.250216  3  23.351  1.011  0.534  0.724   1.379e+00   1.701e+00   9.221e-01   1.251e+00  12  sdss  6537  82S  4 
   32  54049.251875  4  22.311  0.937  0.519  0.856   2.644e+00   5.473e+00   2.821e+00   4.658e+00  11  sdss  6537  82S  4 
  139  54049.251045  0  24.998  2.240  3.140  3.887  -3.266e-01   4.084e+00   3.178e+00   3.933e+00  9  sdss  6537  82S  4 
   32  54050.210940  1  23.472  1.127  1.075  1.523   1.386e+00   1.329e+00   1.502e+00   2.129e+00  12  sdss  6542  82S  4 
   34  54050.207624  2  24.712  1.417  2.228  3.019   7.174e-02   1.484e+00   1.787e+00   2.420e+00  11  sdss  6542  82S  4 
   34  54050.208453  3  23.559  1.332  1.748  1.839   1.040e+00   2.183e+00   2.652e+00   2.789e+00  12  sdss  6542  82S  4 
   34  54050.210111  4  21.894  1.324  2.515  1.976   5.169e+00   9.241e+00   1.705e+01   1.340e+01  11  sdss  6542  82S  4 
 1166  54050.209282  0  21.758  0.520  0.687  1.217   7.617e+00   3.335e+00   4.726e+00   8.368e+00  9  sdss  6542  82S  4 
   32  54053.216744  1  24.107  0.633  0.466  0.672   6.852e-01   5.318e-01   4.006e-01   5.780e-01  12  sdss  6555  82S  4 
   32  54053.213427  2  22.610  0.291  0.163  0.222   3.207e+00   8.659e-01   4.959e-01   6.755e-01  11  sdss  6555  82S  4 
   32  54053.214256  3  22.173  0.299  0.132  0.178   4.741e+00   1.309e+00   5.918e-01   7.980e-01  12  sdss  6555  82S  4 
   32  54053.215914  4  22.134  0.699  0.457  0.503   3.651e+00   4.185e+00   2.699e+00   2.973e+00  11  sdss  6555  82S  4 
    0  54053.215085  0  25.428  1.266  0.112  1.681  -8.004e-01   1.652e+00   1.352e-01   2.024e+00  9  sdss  6555  82S  4 
  160  54056.218082  1  24.894  1.015  1.001  1.951   1.328e-01   6.958e-01   6.020e-01   1.173e+00  12  sdss  6568  82S  4 
   32  54056.214765  2  23.350  0.842  0.551  0.925   1.538e+00   1.239e+00   8.913e-01   1.496e+00  11  sdss  6568  82S  4 
   32  54056.215594  3  23.474  1.157  0.709  1.259   1.172e+00   1.883e+00   1.131e+00   2.007e+00  12  sdss  6568  82S  4 
    0  54056.217252  4  20.820  0.504  0.418  0.540   1.649e+01   7.514e+00   6.601e+00   8.533e+00  11  sdss  6568  82S  4 
  130  54056.216423  0  22.425  0.904  0.191  1.397   4.074e+00   2.869e+00   7.202e-01   5.264e+00  9  sdss  6568  82S  4 
   34  54059.212065  1  23.928  0.759  1.006  1.396   8.502e-01   7.033e-01   9.813e-01   1.361e+00  12  sdss  6580  82S  4 
   34  54059.208748  2  24.020  1.196  0.704  2.096   6.801e-01   1.281e+00   7.131e-01   2.122e+00  11  sdss  6580  82S  4 
   32  54059.209577  3  22.372  0.463  0.386  0.550   3.915e+00   1.657e+00   1.449e+00   2.069e+00  12  sdss  6580  82S  4 
  128  54059.211236  4  23.763  0.971  0.433  1.446  -5.110e+00   6.487e+00   2.922e+00   9.751e+00  11  sdss  6580  82S  4 
    2  54059.210406  0  25.426  1.738  0.344  4.416  -7.979e-01   2.602e+00   4.133e-01   5.313e+00  9  sdss  6580  82S  4 
  160  54062.217073  1  23.365  0.477  0.502  0.753   1.544e+00   6.967e-01   7.682e-01   1.152e+00  12  sdss  6596  82S  4 
   32  54062.213757  2  23.496  0.920  0.531  1.019   1.314e+00   1.221e+00   7.659e-01   1.470e+00  11  sdss  6596  82S  4 
   32  54062.214586  3  23.031  0.869  0.514  0.677   2.003e+00   1.743e+00   1.119e+00   1.473e+00  12  sdss  6596  82S  4 
    0  54062.216244  4  20.952  0.515  0.418  0.429   1.450e+01   6.860e+00   5.893e+00   6.047e+00  11  sdss  6596  82S  4 
    2  54062.215415  0  25.087  1.725  0.192  4.502  -4.185e-01   2.495e+00   1.992e-01   4.675e+00  9  sdss  6596  82S  4 
