# SDSS CID:   2360 IAU:          RA:   6.452106 DEC:  -0.552271  (J2000)
# GALAXY_SB [ugriz] = [ 22.46 22.02 21.88 21.46 20.93 ] +/- [  0.19  0.03  0.02  0.02  0.04 ] (asinh mag/square arcsec)
# GALAXY_SB_FLUX [ugriz] = [  3.820E+00  5.503E+00  6.393E+00  9.295E+00  1.472E+01 ] +/- [  6.782E-01  1.435E-01  1.239E-01  1.324E-01  5.377E-01 ] (microJy per square arcsec)
#FLAG  MJD       FILT  MAG     MERR  MSKYERR MGALERR  FLUX       FLUXERR    SKYERR     GALERR    NPRE TELE   RUN  STRIP  IDCCD
   40  53616.333172  1  22.772  0.284  0.255  0.608   2.737e+00   7.185e-01   6.592e-01   1.573e+00  13  sdss  5566  82N  2 
   32  53616.329854  2  23.834  0.916  0.169  0.796   8.805e-01   1.018e+00   1.920e-01   9.031e-01  20  sdss  5566  82N  2 
   32  53616.330684  3  22.833  0.618  0.156  0.448   2.470e+00   1.475e+00   3.950e-01   1.138e+00  21  sdss  5566  82N  2 
   32  53616.332342  4  21.912  0.823  0.397  0.739   5.048e+00   5.404e+00   2.637e+00   4.905e+00  21  sdss  5566  82N  2 
  166  53616.331513  0  23.898  1.716  0.214  8.310   8.077e-01   2.552e+00   2.590e-01   1.006e+01  9  sdss  5566  82N  2 
 1188  53623.323651  1  22.786  1.015  0.522  0.451   2.701e+00   2.094e+00   1.334e+00   1.152e+00  13  sdss  5590  82N  2 
   36  53623.320334  2  22.505  0.387  0.227  0.163   3.547e+00   1.246e+00   7.572e-01   5.440e-01  20  sdss  5590  82N  2 
 1196  53623.321163  3  22.433  1.314  1.146  0.179   3.692e+00   3.630e+00   4.078e+00   6.371e-01  21  sdss  5590  82N  2 
 1164  53623.322822  4  18.772  2.464  1.485  0.026   1.114e+02   1.086e+02   1.477e+02   2.582e+00  21  sdss  5590  82N  2 
   40  53626.309686  1  22.480  0.210  0.161  0.309   3.602e+00   6.976e-01   5.427e-01   1.040e+00  13  sdss  5603  82N  2 
   32  53626.306369  2  22.477  0.281  0.136  0.208   3.643e+00   9.447e-01   4.648e-01   7.131e-01  20  sdss  5603  82N  2 
   32  53626.307198  3  22.743  0.489  0.181  0.254   2.710e+00   1.279e+00   4.964e-01   6.954e-01  21  sdss  5603  82N  2 
    0  53626.308857  4  23.510  0.701  0.558  0.556  -3.521e+00   4.142e+00   3.235e+00   3.225e+00  21  sdss  5603  82N  2 
   32  53626.308027  0  22.485  0.628  0.107  1.837   3.850e+00   2.064e+00   3.862e-01   6.607e+00  9  sdss  5603  82N  2 
   33  53628.294715  1  22.518  0.440  0.161  0.293   3.477e+00   1.362e+00   5.232e-01   9.546e-01  13  sdss  5610  82N  2 
   33  53628.291398  2  22.410  0.374  0.055  0.192   3.880e+00   1.314e+00   1.994e-01   6.986e-01  20  sdss  5610  82N  2 
   32  53628.292228  3  23.074  0.763  0.293  0.340   1.908e+00   1.506e+00   6.168e-01   7.155e-01  21  sdss  5610  82N  2 
   32  53628.293886  4  21.811  0.652  0.276  0.398   5.756e+00   4.510e+00   1.955e+00   2.821e+00  21  sdss  5610  82N  2 
   33  53628.293057  0  23.147  1.970  0.319  2.802   2.001e+00   3.650e+00   6.526e-01   5.730e+00  9  sdss  5610  82N  2 
   33  53635.303199  1  22.383  0.259  0.049  0.145   3.944e+00   9.365e-01   1.819e-01   5.340e-01  13  sdss  5622  82N  2 
   33  53635.299882  2  22.225  0.233  0.052  0.092   4.618e+00   9.853e-01   2.250e-01   3.938e-01  20  sdss  5622  82N  2 
    0  53635.300711  3  21.788  0.195  0.037  0.059   6.822e+00   1.219e+00   2.311e-01   3.726e-01  21  sdss  5622  82N  2 
   32  53635.302369  4  22.326  0.648  0.237  0.321   2.563e+00   3.602e+00   1.274e+00   1.730e+00  21  sdss  5622  82N  2 
    9  53635.301540  0  21.682  0.362  0.091  0.433   8.178e+00   2.597e+00   6.789e-01   3.213e+00  9  sdss  5622  82N  2 
   33  53637.296571  1  23.125  0.593  0.064  0.747   1.954e+00   1.039e+00   1.202e-01   1.413e+00  13  sdss  5633  82N  2 
   32  53637.293254  2  22.806  0.505  0.270  0.415   2.659e+00   1.220e+00   6.918e-01   1.063e+00  20  sdss  5633  82N  2 
   32  53637.294083  3  22.484  0.471  0.212  0.271   3.512e+00   1.530e+00   7.210e-01   9.224e-01  21  sdss  5633  82N  2 
   32  53637.295741  4  21.841  0.761  0.410  0.516   5.538e+00   5.167e+00   2.845e+00   3.585e+00  21  sdss  5633  82N  2 
  161  53637.294912  0  21.946  0.588  0.102  1.620   6.396e+00   3.145e+00   5.951e-01   9.453e+00  9  sdss  5633  82N  2 
   32  53639.341916  1  22.364  0.170  0.052  0.164   4.014e+00   6.303e-01   1.957e-01   6.132e-01  13  sdss  5642  82N  2 
   32  53639.338599  2  22.475  0.235  0.016  0.122   3.650e+00   7.963e-01   5.559e-02   4.180e-01  20  sdss  5642  82N  2 
   32  53639.339428  3  22.587  0.365  0.111  0.142   3.172e+00   1.105e+00   3.449e-01   4.442e-01  21  sdss  5642  82N  2 
   32  53639.341087  4  21.584  0.406  0.195  0.225   7.528e+00   3.304e+00   1.620e+00   1.864e+00  21  sdss  5642  82N  2 
   32  53639.340257  0  22.629  0.611  0.041  1.115   3.352e+00   1.782e+00   1.288e-01   3.532e+00  9  sdss  5642  82N  2 
   32  53644.288810  1  22.094  0.127  0.045  0.190   5.161e+00   6.030e-01   2.136e-01   9.075e-01  13  sdss  5670  82N  2 
   32  53644.285493  2  22.219  0.236  0.020  0.299   4.644e+00   1.004e+00   8.570e-02   1.292e+00  20  sdss  5670  82N  2 
   32  53644.286322  3  22.422  0.379  0.269  0.340   3.732e+00   1.319e+00   9.664e-01   1.223e+00  21  sdss  5670  82N  2 
   32  53644.287981  4  21.361  0.375  0.282  0.304   9.591e+00   3.611e+00   2.781e+00   2.999e+00  21  sdss  5670  82N  2 
   32  53644.287152  0  23.785  1.415  0.144  5.250   9.497e-01   1.963e+00   1.867e-01   6.783e+00  9  sdss  5670  82N  2 
   32  53654.323401  1  22.302  0.153  0.018  0.178   4.253e+00   5.999e-01   7.117e-02   7.032e-01  13  sdss  5709  82N  2 
   32  53654.320084  2  22.327  0.213  0.038  0.106   4.197e+00   8.242e-01   1.497e-01   4.147e-01  20  sdss  5709  82N  2 
   32  53654.320913  3  21.881  0.208  0.062  0.078   6.251e+00   1.194e+00   3.600e-01   4.545e-01  21  sdss  5709  82N  2 
   32  53654.322572  4  22.737  0.773  0.423  0.441   4.684e-01   4.105e+00   2.071e+00   2.160e+00  21  sdss  5709  82N  2 
    8  53654.321743  0  21.905  0.311  0.177  0.634   6.645e+00   1.836e+00   1.071e+00   3.839e+00  9  sdss  5709  82N  2 
    1  53663.284034  1  22.449  0.304  0.018  0.145   3.708e+00   1.029e+00   6.063e-02   5.035e-01  13  sdss  5744  82N  2 
    1  53663.280717  2  21.890  0.167  0.034  0.051   6.307e+00   9.671e-01   1.991e-01   2.973e-01  20  sdss  5744  82N  2 
   32  53663.281546  3  22.215  0.279  0.051  0.069   4.554e+00   1.181e+00   2.200e-01   2.957e-01  21  sdss  5744  82N  2 
  160  53663.283205  4  22.063  0.589  0.200  0.347   4.077e+00   3.596e+00   1.219e+00   2.113e+00  21  sdss  5744  82N  2 
    1  53663.282375  0  22.051  0.586  0.053  0.539   5.797e+00   2.855e+00   2.821e-01   2.858e+00  9  sdss  5744  82N  2 
   33  53666.354037  1  22.402  0.296  0.033  0.270   3.875e+00   1.045e+00   1.206e-01   9.771e-01  13  sdss  5765  82N  2 
   32  53666.350720  2  22.121  0.236  0.045  0.135   5.090e+00   1.099e+00   2.126e-01   6.383e-01  20  sdss  5765  82N  2 
   32  53666.351549  3  22.248  0.328  0.080  0.156   4.412e+00   1.336e+00   3.364e-01   6.513e-01  21  sdss  5765  82N  2 
   32  53666.353208  4  21.340  0.443  0.234  0.268   9.796e+00   4.291e+00   2.346e+00   2.685e+00  21  sdss  5765  82N  2 
   33  53666.352378  0  22.760  1.613  0.083  2.040   2.951e+00   3.410e+00   2.356e-01   5.765e+00  9  sdss  5765  82N  2 
   42  53668.273304  1  22.048  0.164  0.163  0.404   5.385e+00   8.104e-01   8.144e-01   2.017e+00  13  sdss  5770  82N  2 
   32  53668.269987  2  21.844  0.197  0.164  0.245   6.582e+00   1.185e+00   9.976e-01   1.488e+00  20  sdss  5770  82N  2 
   32  53668.270816  3  21.603  0.226  0.113  0.212   8.110e+00   1.669e+00   8.428e-01   1.583e+00  21  sdss  5770  82N  2 
    0  53668.272475  4  24.057  0.713  0.383  0.697  -7.317e+00   5.533e+00   3.121e+00   5.676e+00  21  sdss  5770  82N  2 
   42  53668.271646  0  22.420  0.698  0.375  2.764   4.093e+00   2.380e+00   1.430e+00   1.052e+01  9  sdss  5770  82N  2 
   32  53670.278264  1  22.211  0.135  0.026  0.168   4.630e+00   5.787e-01   1.110e-01   7.218e-01  13  sdss  5781  82N  2 
   32  53670.274947  2  21.977  0.163  0.055  0.118   5.817e+00   8.704e-01   2.979e-01   6.370e-01  20  sdss  5781  82N  2 
   32  53670.275777  3  22.204  0.282  0.104  0.136   4.602e+00   1.202e+00   4.521e-01   5.931e-01  21  sdss  5781  82N  2 
    0  53670.277435  4  22.991  0.743  0.238  0.503  -7.734e-01   3.938e+00   1.172e+00   2.479e+00  21  sdss  5781  82N  2 
  128  53670.276606  0  22.006  0.322  0.060  0.827   6.047e+00   1.732e+00   3.327e-01   4.570e+00  9  sdss  5781  82N  2 
   32  53673.245804  1  22.305  0.143  0.021  0.178   4.241e+00   5.632e-01   8.147e-02   7.009e-01  13  sdss  5792  82N  2 
   32  53673.242487  2  22.065  0.204  0.061  0.105   5.364e+00   1.004e+00   3.017e-01   5.233e-01  20  sdss  5792  82N  2 
   32  53673.243316  3  22.282  0.300  0.056  0.141   4.270e+00   1.194e+00   2.288e-01   5.730e-01  21  sdss  5792  82N  2 
   32  53673.244975  4  22.470  0.687  0.080  0.430   1.804e+00   3.713e+00   4.093e-01   2.210e+00  21  sdss  5792  82N  2 
   32  53673.244145  0  22.121  0.377  0.020  0.927   5.429e+00   1.808e+00   9.730e-02   4.615e+00  9  sdss  5792  82N  2 
   40  53675.242891  1  22.099  0.129  0.095  0.232   5.137e+00   6.130e-01   4.525e-01   1.105e+00  13  sdss  5800  82N  2 
  160  53675.239574  2  22.383  0.258  0.068  0.187   3.981e+00   9.441e-01   2.547e-01   6.953e-01  20  sdss  5800  82N  2 
   40  53675.240403  3  22.428  0.399  0.420  0.243   3.711e+00   1.378e+00   1.502e+00   8.699e-01  21  sdss  5800  82N  2 
   32  53675.242061  4  22.657  0.882  1.027  0.764   8.591e-01   4.826e+00   5.070e+00   3.771e+00  21  sdss  5800  82N  2 
   32  53675.241232  0  22.273  0.499  0.110  1.758   4.705e+00   2.037e+00   4.775e-01   7.634e+00  9  sdss  5800  82N  2 
   32  53677.263524  1  22.095  0.123  0.020  0.171   5.156e+00   5.868e-01   9.714e-02   8.185e-01  13  sdss  5813  82N  2 
   32  53677.260208  2  22.163  0.178  0.059  0.103   4.894e+00   8.020e-01   2.670e-01   4.682e-01  20  sdss  5813  82N  2 
   32  53677.261037  3  22.608  0.377  0.143  0.157   3.106e+00   1.121e+00   4.371e-01   4.806e-01  21  sdss  5813  82N  2 
   32  53677.262695  4  22.800  0.708  0.536  0.543   1.608e-01   3.705e+00   2.613e+00   2.647e+00  21  sdss  5813  82N  2 
   32  53677.261866  0  22.678  0.641  0.075  1.549   3.196e+00   1.782e+00   2.287e-01   4.702e+00  9  sdss  5813  82N  2 
   40  53680.250267  1  22.150  0.127  0.063  0.179   4.899e+00   5.749e-01   2.880e-01   8.134e-01  13  sdss  5823  82N  2 
   32  53680.246950  2  22.440  0.246  0.016  0.165   3.773e+00   8.589e-01   5.678e-02   5.844e-01  20  sdss  5823  82N  2 
   32  53680.247779  3  22.477  0.345  0.063  0.154   3.536e+00   1.151e+00   2.167e-01   5.280e-01  21  sdss  5823  82N  2 
   32  53680.249438  4  22.362  0.648  0.246  0.483   2.369e+00   3.571e+00   1.307e+00   2.570e+00  21  sdss  5823  82N  2 
   32  53680.248609  0  22.477  0.520  0.028  1.190   3.879e+00   1.768e+00   1.028e-01   4.311e+00  9  sdss  5823  82N  2 
    1  53693.251162  1  21.788  0.191  0.063  0.121   6.852e+00   1.200e+00   4.010e-01   7.668e-01  13  sdss  5878  82N  2 
   33  53693.247846  2  22.260  0.292  0.025  0.142   4.468e+00   1.189e+00   1.034e-01   5.900e-01  20  sdss  5878  82N  2 
   32  53693.248675  3  22.313  0.380  0.072  0.185   4.144e+00   1.450e+00   2.850e-01   7.320e-01  21  sdss  5878  82N  2 
   32  53693.250333  4  22.280  0.696  0.327  0.520   2.815e+00   3.948e+00   1.794e+00   2.853e+00  21  sdss  5878  82N  2 
   33  53693.249504  0  22.181  1.011  0.046  1.117   5.131e+00   3.835e+00   2.148e-01   5.272e+00  9  sdss  5878  82N  2 
   32  53698.248151  1  22.229  0.151  0.025  0.243   4.553e+00   6.359e-01   1.042e-01   1.027e+00  13  sdss  5898  82N  2 
   32  53698.244834  2  22.237  0.209  0.014  0.140   4.566e+00   8.782e-01   6.094e-02   5.937e-01  20  sdss  5898  82N  2 
   32  53698.245663  3  22.388  0.345  0.168  0.171   3.854e+00   1.244e+00   6.228e-01   6.346e-01  21  sdss  5898  82N  2 
   32  53698.247322  4  21.850  0.641  0.441  0.461   5.474e+00   4.346e+00   3.044e+00   3.184e+00  21  sdss  5898  82N  2 
    0  53698.246492  0  21.725  0.294  0.038  0.797   7.858e+00   2.047e+00   2.686e-01   5.690e+00  9  sdss  5898  82N  2 
   40  53699.271563  1  22.729  0.246  0.164  0.249   2.851e+00   6.511e-01   4.422e-01   6.690e-01  13  sdss  5902  82N  2 
    0  53699.268246  2  21.809  0.148  0.067  0.070   6.800e+00   9.199e-01   4.185e-01   4.373e-01  20  sdss  5902  82N  2 
   32  53699.269076  3  22.168  0.290  0.101  0.099   4.763e+00   1.274e+00   4.553e-01   4.446e-01  21  sdss  5902  82N  2 
   32  53699.270734  4  22.710  0.869  0.558  0.506   6.001e-01   4.719e+00   2.739e+00   2.484e+00  21  sdss  5902  82N  2 
   44  53699.269905  0  22.018  0.429  0.224  0.772   5.979e+00   2.239e+00   1.225e+00   4.220e+00  9  sdss  5902  82N  2 
   32  53704.233507  1  21.984  0.130  0.022  0.252   5.714e+00   6.846e-01   1.172e-01   1.331e+00  13  sdss  5918  82N  2 
   32  53704.230191  2  22.036  0.199  0.101  0.200   5.506e+00   1.002e+00   5.158e-01   1.022e+00  20  sdss  5918  82N  2 
   32  53704.231020  3  22.330  0.384  0.243  0.281   4.077e+00   1.445e+00   9.457e-01   1.094e+00  21  sdss  5918  82N  2 
    0  53704.232678  4  23.908  0.654  0.477  0.477  -6.144e+00   4.666e+00   3.501e+00   3.503e+00  21  sdss  5918  82N  2 
  160  53704.231849  0  22.546  0.681  0.034  2.161   3.631e+00   2.096e+00   1.149e-01   7.364e+00  9  sdss  5918  82N  2 
