# SDSS CID:   2806 IAU:          RA:  45.266903 DEC:   0.273638  (J2000)
# GALAXY_SB [ugriz] = [ 24.34 22.72 21.10 20.49 20.09 ] +/- [  0.23  0.02  0.01  0.01  0.02 ] (asinh mag/square arcsec)
# GALAXY_SB_FLUX [ugriz] = [  2.933E-01  2.862E+00  1.311E+01  2.275E+01  3.282E+01 ] +/- [  2.329E-01  6.251E-02  9.306E-02  1.345E-01  4.791E-01 ] (microJy per square arcsec)
#FLAG  MJD       FILT  MAG     MERR  MSKYERR MGALERR  FLUX       FLUXERR    SKYERR     GALERR    NPRE TELE   RUN  STRIP  IDCCD
    0  53616.437939  1  22.610  0.185  0.076  0.132   3.190e+00   5.493e-01   2.269e-01   3.951e-01  20  sdss  5566  82N  4 
   32  53616.434622  2  22.482  0.278  0.125  0.179   3.624e+00   9.350e-01   4.290e-01   6.144e-01  23  sdss  5566  82N  4 
   32  53616.435451  3  22.939  0.611  0.261  0.283   2.211e+00   1.358e+00   6.132e-01   6.663e-01  24  sdss  5566  82N  4 
   32  53616.437110  4  21.756  0.640  0.308  0.346   6.160e+00   4.626e+00   2.297e+00   2.580e+00  23  sdss  5566  82N  4 
   44  53616.436281  0  24.087  1.268  0.877  1.354   5.876e-01   1.598e+00   9.681e-01   1.493e+00  10  sdss  5566  82N  4 
 1198  53626.414924  1  22.912  3.340  8.187  0.441   2.398e+00   7.316e+00   1.868e+01   1.005e+00  20  sdss  5603  82N  4 
   34  53626.411607  2  21.432  0.133  0.139  0.152   9.646e+00   1.178e+00   1.241e+00   1.359e+00  23  sdss  5603  82N  4 
   32  53626.412436  3  21.666  0.224  0.108  0.205   7.644e+00   1.574e+00   7.703e-01   1.463e+00  24  sdss  5603  82N  4 
   36  53626.414095  4  20.644  0.564  0.397  0.277   1.953e+01   9.697e+00   7.356e+00   5.136e+00  23  sdss  5603  82N  4 
 1158  53626.413266  0  21.115  0.408  0.064  0.269   1.382e+01   4.859e+00   7.916e-01   3.347e+00  10  sdss  5603  82N  4 
    1  53628.400052  1  21.909  0.141  0.089  0.075   6.128e+00   7.928e-01   5.054e-01   4.261e-01  20  sdss  5610  82N  4 
   32  53628.396734  2  21.519  0.136  0.072  0.071   8.900e+00   1.113e+00   5.931e-01   5.844e-01  23  sdss  5610  82N  4 
   40  53628.397564  3  21.537  0.194  0.177  0.093   8.620e+00   1.538e+00   1.420e+00   7.410e-01  24  sdss  5610  82N  4 
   32  53628.399222  4  22.202  0.840  0.115  0.463   3.251e+00   4.978e+00   6.569e-01   2.644e+00  23  sdss  5610  82N  4 
  168  53628.398393  0  22.773  0.784  0.577  0.668   2.915e+00   1.943e+00   1.611e+00   1.866e+00  10  sdss  5610  82N  4 
    1  53635.408908  1  22.101  0.230  0.068  0.046   5.128e+00   1.079e+00   3.209e-01   2.176e-01  20  sdss  5622  82N  4 
    1  53635.405590  2  21.382  0.127  0.047  0.028   1.010e+01   1.182e+00   4.428e-01   2.618e-01  23  sdss  5622  82N  4 
    1  53635.406419  3  21.202  0.134  0.028  0.035   1.177e+01   1.450e+00   3.082e-01   3.756e-01  24  sdss  5622  82N  4 
   32  53635.408078  4  22.766  0.739  0.391  0.310   3.238e-01   3.896e+00   1.910e+00   1.516e+00  23  sdss  5622  82N  4 
   33  53635.407249  0  23.050  1.435  0.051  0.406   2.211e+00   2.617e+00   1.132e-01   8.967e-01  10  sdss  5622  82N  4 
    0  53639.447849  1  22.421  0.184  0.048  0.106   3.807e+00   6.463e-01   1.713e-01   3.766e-01  20  sdss  5642  82N  4 
    0  53639.444532  2  21.527  0.107  0.039  0.046   8.835e+00   8.763e-01   3.217e-01   3.784e-01  23  sdss  5642  82N  4 
   32  53639.445361  3  21.838  0.214  0.111  0.097   6.507e+00   1.290e+00   6.793e-01   5.897e-01  24  sdss  5642  82N  4 
   32  53639.447020  4  22.506  0.735  0.495  0.436   1.618e+00   3.977e+00   2.526e+00   2.222e+00  23  sdss  5642  82N  4 
    0  53639.446191  0  22.691  0.692  0.105  0.557   3.155e+00   1.876e+00   3.138e-01   1.669e+00  10  sdss  5642  82N  4 
    0  53641.447140  1  22.267  0.168  0.157  0.153   4.395e+00   6.794e-01   6.396e-01   6.240e-01  20  sdss  5658  82N  4 
  160  53641.443823  2  21.925  0.171  0.099  0.109   6.107e+00   9.652e-01   5.624e-01   6.222e-01  23  sdss  5658  82N  4 
   32  53641.444652  3  21.707  0.196  0.061  0.099   7.356e+00   1.330e+00   4.214e-01   6.775e-01  24  sdss  5658  82N  4 
   32  53641.446311  4  22.059  0.778  0.761  0.535   4.105e+00   4.830e+00   4.687e+00   3.296e+00  23  sdss  5658  82N  4 
   40  53641.445482  0  24.206  1.382  1.113  1.582   4.584e-01   1.773e+00   1.172e+00   1.666e+00  10  sdss  5658  82N  4 
    0  53644.395032  1  22.747  0.178  0.051  0.077   2.803e+00   4.675e-01   1.349e-01   2.046e-01  20  sdss  5670  82N  4 
   32  53644.391715  2  21.960  0.145  0.049  0.059   5.912e+00   7.925e-01   2.716e-01   3.258e-01  23  sdss  5670  82N  4 
   32  53644.392544  3  22.207  0.261  0.060  0.080   4.588e+00   1.122e+00   2.613e-01   3.520e-01  24  sdss  5670  82N  4 
   32  53644.394203  4  21.432  0.362  0.063  0.163   8.893e+00   3.361e+00   5.936e-01   1.545e+00  23  sdss  5670  82N  4 
   32  53644.393374  0  24.453  1.141  0.197  0.842   2.075e-01   1.330e+00   1.945e-01   8.304e-01  10  sdss  5670  82N  4 
   35  53657.406725  1  24.765  1.420  3.147  1.461   2.116e-01   1.111e+00   1.952e+00   9.062e-01  20  sdss  5731  82N  4 
   32  53657.403408  2  22.328  0.401  0.346  0.301   4.190e+00   1.517e+00   1.364e+00   1.188e+00  23  sdss  5731  82N  4 
   32  53657.404237  3  22.048  0.413  0.240  0.300   5.338e+00   1.997e+00   1.209e+00   1.515e+00  24  sdss  5731  82N  4 
   32  53657.405896  4  21.892  0.952  0.342  0.740   5.185e+00   6.390e+00   2.331e+00   5.037e+00  23  sdss  5731  82N  4 
   10  53657.405066  0  25.967  1.724  1.957  2.482  -1.586e+00   2.847e+00   3.372e+00   4.277e+00  10  sdss  5731  82N  4 
 1185  53663.391414  1  23.882  1.638  0.429  0.469   8.955e-01   1.595e+00   4.344e-01   4.746e-01  20  sdss  5744  82N  4 
   33  53663.388097  2  22.601  0.423  0.100  0.113   3.236e+00   1.252e+00   3.083e-01   3.477e-01  23  sdss  5744  82N  4 
   33  53663.388926  3  21.818  0.245  0.065  0.067   6.630e+00   1.495e+00   4.014e-01   4.159e-01  24  sdss  5744  82N  4 
   32  53663.390585  4  21.905  0.652  0.192  0.274   5.096e+00   4.334e+00   1.294e+00   1.846e+00  23  sdss  5744  82N  4 
    1  53663.389756  0  22.732  1.427  0.230  0.352   3.031e+00   3.137e+00   6.635e-01   1.018e+00  10  sdss  5744  82N  4 
   33  53666.461607  1  24.899  1.200  0.233  0.464   1.297e-01   8.657e-01   1.400e-01   2.785e-01  20  sdss  5765  82N  4 
   33  53666.458290  2  23.465  0.806  0.148  0.278   1.360e+00   1.110e+00   2.201e-01   4.138e-01  23  sdss  5765  82N  4 
   32  53666.459119  3  24.325  1.043  0.334  0.454   4.372e-02   1.435e+00   3.957e-01   5.379e-01  24  sdss  5765  82N  4 
   32  53666.460778  4  22.174  0.701  0.278  0.246   3.413e+00   4.137e+00   1.612e+00   1.423e+00  23  sdss  5765  82N  4 
  129  53666.459949  0  26.846  0.903  0.032  0.340  -3.847e+00   2.739e+00   1.152e-01   1.221e+00  10  sdss  5765  82N  4 
   33  53668.380997  1  24.853  1.206  1.187  1.385   1.575e-01   8.743e-01   7.196e-01   8.400e-01  20  sdss  5770  82N  4 
   32  53668.377680  2  22.579  0.370  0.228  0.269   3.305e+00   1.127e+00   7.164e-01   8.465e-01  23  sdss  5770  82N  4 
   32  53668.378509  3  22.607  0.539  0.247  0.370   3.110e+00   1.572e+00   7.632e-01   1.145e+00  24  sdss  5770  82N  4 
    0  53668.380168  4  23.039  0.941  0.452  0.748  -1.013e+00   5.232e+00   2.245e+00   3.715e+00  23  sdss  5770  82N  4 
   33  53668.379339  0  23.003  1.233  0.188  1.127   2.318e+00   2.352e+00   4.324e-01   2.588e+00  10  sdss  5770  82N  4 
   33  53669.468662  1  23.423  0.687  0.430  0.410   1.456e+00   9.209e-01   6.283e-01   5.994e-01  20  sdss  5777  82N  4 
   32  53669.465345  2  23.026  0.666  0.159  0.380   2.142e+00   1.301e+00   3.391e-01   8.085e-01  23  sdss  5777  82N  4 
   32  53669.466175  3  24.192  1.140  0.639  0.708   2.024e-01   1.619e+00   7.664e-01   8.487e-01  24  sdss  5777  82N  4 
   32  53669.467833  4  22.754  0.996  0.489  0.595   3.829e-01   5.576e+00   2.390e+00   2.909e+00  23  sdss  5777  82N  4 
 1189  53669.467004  0  23.492  1.947  0.146  1.428   1.373e+00   3.325e+00   2.291e-01   2.240e+00  10  sdss  5777  82N  4 
   32  53670.386077  1  23.554  0.553  0.246  0.369   1.274e+00   6.868e-01   3.222e-01   4.834e-01  20  sdss  5781  82N  4 
   32  53670.382760  2  23.052  0.480  0.309  0.218   2.087e+00   9.546e-01   6.441e-01   4.543e-01  23  sdss  5781  82N  4 
   32  53670.383589  3  22.673  0.489  0.125  0.223   2.912e+00   1.364e+00   3.661e-01   6.508e-01  24  sdss  5781  82N  4 
   32  53670.385248  4  22.467  0.828  0.116  0.531   1.820e+00   4.593e+00   5.986e-01   2.737e+00  23  sdss  5781  82N  4 
 1192  53670.384419  0  23.972  1.327  0.828  1.277   7.188e-01   1.735e+00   9.640e-01   1.487e+00  10  sdss  5781  82N  4 
   32  53673.354218  1  24.729  0.721  0.301  0.367   2.340e-01   4.760e-01   1.889e-01   2.303e-01  20  sdss  5792  82N  4 
   32  53673.350901  2  23.597  0.619  0.196  0.224   1.173e+00   7.991e-01   2.629e-01   3.009e-01  23  sdss  5792  82N  4 
   32  53673.351730  3  22.367  0.313  0.057  0.092   3.937e+00   1.165e+00   2.154e-01   3.507e-01  24  sdss  5792  82N  4 
    0  53673.353389  4  23.196  0.646  0.059  0.260  -1.806e+00   3.477e+00   3.039e-01   1.339e+00  23  sdss  5792  82N  4 
    8  53673.352559  0  24.875  1.188  0.705  0.864  -2.041e-01   1.403e+00   6.950e-01   8.516e-01  10  sdss  5792  82N  4 
   32  53675.351008  1  25.073  0.794  0.364  0.588   2.679e-02   5.105e-01   2.146e-01   3.466e-01  20  sdss  5800  82N  4 
   32  53675.347691  2  23.203  0.530  0.243  0.272   1.792e+00   9.247e-01   4.460e-01   4.993e-01  23  sdss  5800  82N  4 
   32  53675.348520  3  23.601  0.855  0.341  0.364   9.775e-01   1.291e+00   5.064e-01   5.407e-01  24  sdss  5800  82N  4 
   32  53675.350178  4  21.071  0.342  0.142  0.174   1.288e+01   4.251e+00   1.809e+00   2.222e+00  23  sdss  5800  82N  4 
  128  53675.349349  0  24.700  1.289  0.128  1.526  -3.310e-02   1.563e+00   1.236e-01   1.479e+00  10  sdss  5800  82N  4 
   32  53680.358686  1  23.977  0.573  0.410  0.380   8.025e-01   5.245e-01   3.868e-01   3.591e-01  20  sdss  5823  82N  4 
   32  53680.355369  2  23.167  0.493  0.191  0.224   1.859e+00   8.894e-01   3.602e-01   4.242e-01  23  sdss  5823  82N  4 
   32  53680.356198  3  22.723  0.478  0.162  0.194   2.768e+00   1.285e+00   4.550e-01   5.435e-01  24  sdss  5823  82N  4 
   32  53680.357857  4  21.904  0.603  0.337  0.294   5.103e+00   4.015e+00   2.276e+00   1.985e+00  23  sdss  5823  82N  4 
    0  53680.357028  0  25.307  1.241  0.224  1.284  -6.583e-01   1.571e+00   2.540e-01   1.458e+00  10  sdss  5823  82N  4 
   36  53683.417352  1  23.021  0.929  0.597  0.218   2.160e+00   1.619e+00   1.235e+00   4.520e-01  20  sdss  5842  82N  4 
 1069  53683.414035  2  21.891  0.855  0.709  0.051   6.303e+00   4.213e+00   4.160e+00   2.981e-01  23  sdss  5842  82N  4 
 1188  53683.414865  3  21.729  0.572  0.295  0.056   7.207e+00   3.541e+00   1.981e+00   3.750e-01  24  sdss  5842  82N  4 
 1061  53683.416523  4  22.367  1.773  0.896  0.289   2.342e+00   1.321e+01   4.769e+00   1.541e+00  23  sdss  5842  82N  4 
 1164  53683.415694  0  26.156  2.150  1.550  0.600  -1.942e+00   4.160e+00   3.092e+00   1.197e+00  10  sdss  5842  82N  4 
    1  53686.358122  1  25.932  1.502  0.680  0.580  -5.254e-01   1.281e+00   5.175e-01   4.417e-01  20  sdss  5866  82N  4 
   33  53686.354805  2  22.710  0.524  0.189  0.214   2.915e+00   1.379e+00   5.291e-01   6.010e-01  23  sdss  5866  82N  4 
   32  53686.355634  3  22.635  0.600  0.287  0.273   3.025e+00   1.689e+00   8.671e-01   8.259e-01  24  sdss  5866  82N  4 
    0  53686.357293  4  23.501  0.856  0.089  0.567  -3.467e+00   5.149e+00   5.174e-01   3.297e+00  23  sdss  5866  82N  4 
    1  53686.356463  0  22.162  0.884  0.290  0.474   5.227e+00   3.555e+00   1.392e+00   2.275e+00  10  sdss  5866  82N  4 
    1  53687.415218  1  21.752  0.375  0.326  0.100   7.085e+00   2.359e+00   2.134e+00   6.571e-01  20  sdss  5872  82N  4 
   35  53687.411900  2  22.793  1.724  1.252  0.638   2.692e+00   3.205e+00   3.264e+00   1.663e+00  23  sdss  5872  82N  4 
    1  53687.412730  3  26.157  1.013  0.602  0.468  -3.234e+00   2.736e+00   1.925e+00   1.496e+00  24  sdss  5872  82N  4 
    0  53687.414388  4  23.199  1.145  0.301  0.737  -1.821e+00   6.831e+00   1.551e+00   3.801e+00  23  sdss  5872  82N  4 
   33  53693.360324  1  24.708  1.670  0.696  0.695   2.473e-01   1.437e+00   4.390e-01   4.385e-01  20  sdss  5878  82N  4 
   33  53693.357007  2  24.698  1.464  0.802  0.820   8.318e-02   1.560e+00   6.441e-01   6.578e-01  23  sdss  5878  82N  4 
   33  53693.357836  3  23.039  0.873  0.301  0.356   1.984e+00   1.749e+00   6.543e-01   7.734e-01  24  sdss  5878  82N  4 
    0  53693.359495  4  23.119  0.932  0.677  0.563  -1.410e+00   5.217e+00   3.416e+00   2.838e+00  23  sdss  5878  82N  4 
    1  53693.358665  0  25.876  2.181  0.763  1.159  -1.430e+00   4.078e+00   1.228e+00   1.866e+00  10  sdss  5878  82N  4 
   32  53699.381039  1  24.408  0.895  0.485  0.455   4.489e-01   6.623e-01   3.487e-01   3.272e-01  20  sdss  5902  82N  4 
   32  53699.377722  2  23.850  0.848  0.374  0.374   8.622e-01   9.370e-01   4.218e-01   4.212e-01  23  sdss  5902  82N  4 
   32  53699.378551  3  22.793  0.505  0.196  0.179   2.577e+00   1.276e+00   5.193e-01   4.740e-01  24  sdss  5902  82N  4 
    0  53699.380210  4  22.973  0.789  0.505  0.431  -6.846e-01   4.217e+00   2.483e+00   2.118e+00  23  sdss  5902  82N  4 
   32  53699.379381  0  23.148  1.139  0.275  0.654   1.998e+00   2.013e+00   5.609e-01   1.335e+00  10  sdss  5902  82N  4 
    0  53704.343227  1  25.161  0.882  0.702  0.943  -2.514e-02   5.783e-01   4.138e-01   5.559e-01  20  sdss  5918  82N  4 
   32  53704.339910  2  23.916  0.805  0.317  0.411   7.895e-01   8.616e-01   3.430e-01   4.439e-01  23  sdss  5918  82N  4 
   32  53704.340739  3  22.769  0.584  0.150  0.355   2.641e+00   1.484e+00   4.057e-01   9.591e-01  24  sdss  5918  82N  4 
    0  53704.342397  4  23.262  0.874  0.361  0.531  -2.151e+00   4.949e+00   1.897e+00   2.792e+00  23  sdss  5918  82N  4 
    0  53704.341568  0  24.871  1.351  0.171  1.655  -2.001e-01   1.682e+00   1.684e-01   1.631e+00  10  sdss  5918  82N  4 
