# SDSS CID:   7687 IAU:          RA:  47.574982 DEC:   0.898959  (J2000)
# GALAXY_SB [ugriz] = [ 23.26 21.92 20.80 20.40 19.96 ] +/- [  0.00  0.00  0.00  0.00  0.00 ] (asinh mag/square arcsec)
# GALAXY_SB_FLUX [ugriz] = [  1.720E+00  6.059E+00  1.725E+01  2.477E+01  3.695E+01 ] +/- [  0.000E+00  0.000E+00  0.000E+00  0.000E+00  0.000E+00 ] (microJy per square arcsec)
#FLAG  MJD       FILT  MAG     MERR  MSKYERR MGALERR  FLUX       FLUXERR    SKYERR     GALERR    NPRE TELE   RUN  STRIP  IDCCD
  256  53622.457662  1  25.462  0.770  0.246  0.000  -2.056e-01   5.082e-01   1.521e-01   0.000e+00  14  sdss  5582  82S  6 
  288  53622.454345  2  23.407  0.544  0.166  0.000   1.448e+00   8.130e-01   2.591e-01   0.000e+00  13  sdss  5582  82S  6 
  288  53622.455174  3  22.653  0.441  0.120  0.000   2.971e+00   1.272e+00   3.593e-01   0.000e+00  12  sdss  5582  82S  6 
  288  53622.456833  4  21.341  0.384  0.146  0.000   9.789e+00   3.849e+00   1.505e+00   0.000e+00  12  sdss  5582  82S  6 
  256  53622.456004  0  24.742  1.130  0.183  0.000  -7.457e-02   1.305e+00   1.774e-01   0.000e+00  10  sdss  5582  82S  6 
  288  53627.415402  1  24.216  0.796  0.487  0.000   5.944e-01   6.335e-01   3.917e-01   0.000e+00  14  sdss  5607  82S  6 
  288  53627.412084  2  23.269  0.642  0.297  0.000   1.675e+00   1.046e+00   5.190e-01   0.000e+00  13  sdss  5607  82S  6 
  288  53627.412913  3  22.401  0.451  0.197  0.000   3.807e+00   1.605e+00   7.325e-01   0.000e+00  12  sdss  5607  82S  6 
  288  53627.414572  4  21.286  0.452  0.194  0.000   1.036e+01   4.687e+00   2.088e+00   0.000e+00  12  sdss  5607  82S  6 
  384  53627.413743  0  24.722  1.318  1.759  0.000  -5.475e-02   1.615e+00   1.706e+00   0.000e+00  10  sdss  5607  82S  6 
  289  53634.408035  1  23.321  1.027  0.162  0.000   1.612e+00   1.383e+00   2.602e-01   0.000e+00  14  sdss  5619  82S  6 
  257  53634.404717  2  25.858  1.379  0.442  0.000  -9.830e-01   1.655e+00   5.349e-01   0.000e+00  13  sdss  5619  82S  6 
  289  53634.405546  3  23.046  1.021  0.358  0.000   1.969e+00   2.019e+00   7.782e-01   0.000e+00  12  sdss  5619  82S  6 
  256  53634.407205  4  22.867  0.922  0.586  0.000  -1.653e-01   5.059e+00   2.859e+00   0.000e+00  12  sdss  5619  82S  6 
  257  53634.406376  0  27.563  0.593  0.232  0.000  -7.550e+00   3.727e+00   1.598e+00   0.000e+00  10  sdss  5619  82S  6 
  257  53638.449684  1  26.685  0.663  0.340  0.000  -1.277e+00   8.116e-01   4.486e-01   0.000e+00  14  sdss  5637  82S  6 
  288  53638.446367  2  22.727  0.405  0.113  0.000   2.870e+00   1.081e+00   3.144e-01   0.000e+00  13  sdss  5637  82S  6 
  288  53638.447196  3  23.132  0.843  0.267  0.000   1.790e+00   1.610e+00   5.446e-01   0.000e+00  12  sdss  5637  82S  6 
  288  53638.448855  4  22.612  0.922  0.704  0.000   1.084e+00   5.111e+00   3.508e+00   0.000e+00  12  sdss  5637  82S  6 
  257  53638.448025  0  25.442  1.370  0.577  0.000  -8.176e-01   1.840e+00   7.022e-01   0.000e+00  10  sdss  5637  82S  6 
  288  53640.413787  1  24.247  0.909  0.510  0.000   5.697e-01   7.158e-01   4.024e-01   0.000e+00  14  sdss  5646  82S  6 
  288  53640.410470  2  23.743  0.918  0.439  0.000   9.867e-01   1.071e+00   5.338e-01   0.000e+00  13  sdss  5646  82S  6 
  288  53640.411299  3  22.251  0.396  0.171  0.000   4.401e+00   1.620e+00   7.271e-01   0.000e+00  12  sdss  5646  82S  6 
  288  53640.412958  4  21.961  0.754  0.259  0.000   4.725e+00   4.896e+00   1.698e+00   0.000e+00  12  sdss  5646  82S  6 
 1440  53640.412129  0  24.268  1.399  0.926  0.000   3.938e-01   1.794e+00   9.554e-01   0.000e+00  10  sdss  5646  82S  6 
  256  53643.456445  1  25.165  1.042  0.842  0.000  -2.736e-02   7.122e-01   4.965e-01   0.000e+00  14  sdss  5666  82S  6 
  256  53643.453127  2  26.269  0.823  0.448  0.000  -1.562e+00   1.238e+00   7.417e-01   0.000e+00  13  sdss  5666  82S  6 
  256  53643.453957  3  24.428  1.198  0.860  0.000  -7.783e-02   1.726e+00   1.020e+00   0.000e+00  12  sdss  5666  82S  6 
  288  53643.455615  4  22.773  0.949  0.703  0.000   2.908e-01   5.245e+00   3.435e+00   0.000e+00  12  sdss  5666  82S  6 
 1408  53643.454786  0  26.833  0.477  0.617  0.000  -3.799e+00   1.610e+00   2.199e+00   0.000e+00  10  sdss  5666  82S  6 
  288  53646.475831  1  23.900  0.606  0.244  0.000   8.769e-01   5.826e-01   2.443e-01   0.000e+00  14  sdss  5681  82S  6 
  288  53646.472513  2  22.782  0.398  0.152  0.000   2.722e+00   1.014e+00   4.016e-01   0.000e+00  13  sdss  5681  82S  6 
  256  53646.473343  3  24.999  1.005  0.457  0.000  -7.982e-01   1.487e+00   6.385e-01   0.000e+00  12  sdss  5681  82S  6 
  288  53646.475001  4  21.786  0.647  0.353  0.000   5.931e+00   4.617e+00   2.595e+00   0.000e+00  12  sdss  5681  82S  6 
  256  53646.474172  0  25.449  1.202  0.909  0.000  -8.263e-01   1.560e+00   1.111e+00   0.000e+00  10  sdss  5681  82S  6 
  291  53657.294775  1  23.981  2.272  1.680  0.000   7.985e-01   2.667e+00   1.586e+00   0.000e+00  14  sdss  5730  82S  6 
  259  53657.291458  2  27.510  0.535  0.578  0.000  -5.218e+00   2.436e+00   2.832e+00   0.000e+00  13  sdss  5730  82S  6 
  259  53657.292288  3  26.756  0.577  0.558  0.000  -5.761e+00   2.914e+00   3.053e+00   0.000e+00  12  sdss  5730  82S  6 
  258  53657.293946  4  23.478  1.430  2.055  0.000  -3.333e+00   9.622e+00   1.186e+01   0.000e+00  12  sdss  5730  82S  6 
  288  53657.459136  1  23.454  0.503  0.299  0.000   1.412e+00   6.859e-01   4.280e-01   0.000e+00  14  sdss  5732  82S  6 
  288  53657.455819  2  23.179  0.661  0.489  0.000   1.837e+00   1.150e+00   9.195e-01   0.000e+00  13  sdss  5732  82S  6 
  288  53657.456648  3  23.461  1.057  0.459  0.000   1.194e+00   1.715e+00   7.450e-01   0.000e+00  12  sdss  5732  82S  6 
  288  53657.458307  4  22.742  0.939  0.780  0.000   4.414e-01   5.181e+00   3.814e+00   0.000e+00  12  sdss  5732  82S  6 
  296  53657.457477  0  23.155  1.089  1.406  0.000   1.984e+00   1.934e+00   2.859e+00   0.000e+00  10  sdss  5732  82S  6 
  289  53663.476870  1  23.119  1.180  0.283  0.000   1.965e+00   1.779e+00   5.406e-01   0.000e+00  14  sdss  5745  82S  6 
  289  53663.473555  2  24.665  1.577  0.952  0.000   1.099e-01   1.755e+00   7.666e-01   0.000e+00  13  sdss  5745  82S  6 
  417  53663.474384  3  21.562  0.303  0.078  0.000   8.423e+00   2.335e+00   6.200e-01   0.000e+00  12  sdss  5745  82S  6 
  288  53663.476041  4  22.320  0.955  0.388  0.000   2.598e+00   5.594e+00   2.111e+00   0.000e+00  12  sdss  5745  82S  6 
 1433  53664.412033  1  21.729  0.405  8.586  0.000   7.234e+00   2.598e+00   5.764e+01   0.000e+00  14  sdss  5754  82S  6 
  313  53664.408716  2  24.504  1.415  8.679  0.000   2.413e-01   1.493e+00   7.200e+00   0.000e+00  13  sdss  5754  82S  6 
 1337  53664.409545  3  22.597  0.706  6.960  0.000   3.141e+00   2.019e+00   2.190e+01   0.000e+00  12  sdss  5754  82S  6 
  281  53664.411204  4  24.167  0.818  2.702  0.000  -8.271e+00   6.873e+00   2.453e+01   0.000e+00  12  sdss  5754  82S  6 
  289  53664.410374  0  23.880  2.043  2.950  0.000   8.293e-01   3.462e+00   3.611e+00   0.000e+00  10  sdss  5754  82S  6 
  289  53665.476818  1  23.882  1.338  0.542  0.000   8.961e-01   1.257e+00   5.509e-01   0.000e+00  14  sdss  5760  82S  6 
  289  53665.473500  2  22.223  0.354  0.131  0.000   4.626e+00   1.494e+00   5.693e-01   0.000e+00  13  sdss  5760  82S  6 
  289  53665.474330  3  22.391  0.555  0.155  0.000   3.845e+00   1.948e+00   5.836e-01   0.000e+00  12  sdss  5760  82S  6 
  289  53665.475989  4  22.788  1.029  0.407  0.000   2.179e-01   5.808e+00   1.987e+00   0.000e+00  12  sdss  5760  82S  6 
  257  53665.475159  0  22.562  1.400  0.302  0.000   3.575e+00   3.488e+00   1.015e+00   0.000e+00  10  sdss  5760  82S  6 
  289  53668.465557  1  23.306  0.712  0.446  0.000   1.636e+00   1.046e+00   7.235e-01   0.000e+00  14  sdss  5771  82S  6 
  288  53668.462239  2  23.847  1.222  0.775  0.000   8.656e-01   1.388e+00   8.772e-01   0.000e+00  13  sdss  5771  82S  6 
  288  53668.463068  3  22.966  1.016  0.418  0.000   2.147e+00   2.106e+00   9.700e-01   0.000e+00  12  sdss  5771  82S  6 
  256  53668.464727  4  23.995  0.856  0.144  0.000  -6.815e+00   6.452e+00   1.147e+00   0.000e+00  12  sdss  5771  82S  6 
  257  53668.463898  0  26.263  1.597  1.185  0.000  -2.170e+00   2.891e+00   2.588e+00   0.000e+00  10  sdss  5771  82S  6 
  288  53669.371647  1  23.691  0.769  0.574  0.000   1.105e+00   8.352e-01   6.766e-01   0.000e+00  14  sdss  5776  82S  6 
  416  53669.368330  2  24.518  1.293  1.312  0.000   2.298e-01   1.310e+00   1.085e+00   0.000e+00  13  sdss  5776  82S  6 
  288  53669.369159  3  21.593  0.244  0.142  0.000   8.183e+00   1.845e+00   1.091e+00   0.000e+00  12  sdss  5776  82S  6 
  288  53669.370818  4  21.099  0.436  0.299  0.000   1.253e+01   5.282e+00   3.768e+00   0.000e+00  12  sdss  5776  82S  6 
 1408  53669.369989  0  26.483  0.716  0.200  0.000  -2.706e+00   1.703e+00   5.252e-01   0.000e+00  10  sdss  5776  82S  6 
  288  53670.471601  1  23.521  0.839  0.630  0.000   1.319e+00   1.017e+00   8.524e-01   0.000e+00  14  sdss  5782  82S  6 
  256  53670.468284  2  26.559  1.102  0.998  0.000  -2.101e+00   1.928e+00   2.101e+00   0.000e+00  13  sdss  5782  82S  6 
  392  53670.469113  3  25.018  1.457  2.616  0.000  -8.246e-01   2.403e+00   3.689e+00   0.000e+00  12  sdss  5782  82S  6 
  288  53670.470772  4  21.370  0.848  0.241  0.000   9.496e+00   7.736e+00   2.423e+00   0.000e+00  12  sdss  5782  82S  6 
  292  53670.469942  0  22.734  1.534  0.303  0.000   3.028e+00   3.328e+00   8.776e-01   0.000e+00  10  sdss  5782  82S  6 
  288  53671.456380  1  23.648  0.585  0.273  0.000   1.155e+00   6.747e-01   3.322e-01   0.000e+00  14  sdss  5786  82S  6 
  288  53671.453063  2  23.845  1.137  0.580  0.000   8.678e-01   1.280e+00   6.571e-01   0.000e+00  13  sdss  5786  82S  6 
  288  53671.453893  3  22.170  0.396  0.148  0.000   4.755e+00   1.743e+00   6.746e-01   0.000e+00  12  sdss  5786  82S  6 
  256  53671.455551  4  24.000  0.630  0.251  0.000  -6.855e+00   4.849e+00   2.008e+00   0.000e+00  12  sdss  5786  82S  6 
  256  53671.454722  0  22.188  0.460  0.365  0.000   5.099e+00   2.049e+00   1.719e+00   0.000e+00  10  sdss  5786  82S  6 
  416  53674.355762  1  23.552  0.601  0.701  0.000   1.277e+00   7.448e-01   9.252e-01   0.000e+00  14  sdss  5797  82S  6 
  288  53674.352445  2  23.200  0.733  0.610  0.000   1.798e+00   1.237e+00   1.127e+00   0.000e+00  13  sdss  5797  82S  6 
  256  53674.353274  3  24.580  1.315  1.228  0.000  -2.593e-01   1.979e+00   1.484e+00   0.000e+00  12  sdss  5797  82S  6 
  256  53674.354933  4  24.638  0.475  0.411  0.000  -1.346e+01   6.060e+00   5.506e+00   0.000e+00  12  sdss  5797  82S  6 
  258  53674.354104  0  26.196  1.175  0.536  0.000  -2.025e+00   2.090e+00   1.109e+00   0.000e+00  10  sdss  5797  82S  6 
  288  53676.445207  1  24.416  0.939  0.483  0.000   4.431e-01   6.979e-01   3.465e-01   0.000e+00  14  sdss  5807  82S  6 
  288  53676.441890  2  23.148  0.752  0.272  0.000   1.895e+00   1.315e+00   5.252e-01   0.000e+00  13  sdss  5807  82S  6 
  288  53676.442719  3  22.455  0.498  0.283  0.000   3.613e+00   1.675e+00   1.007e+00   0.000e+00  12  sdss  5807  82S  6 
  288  53676.444378  4  22.245  0.824  0.395  0.000   3.009e+00   4.823e+00   2.218e+00   0.000e+00  12  sdss  5807  82S  6 
  256  53676.443548  0  23.413  1.176  1.039  0.000   1.501e+00   1.804e+00   1.730e+00   0.000e+00  10  sdss  5807  82S  6 
  288  53679.417050  1  23.462  0.502  0.388  0.000   1.400e+00   6.800e-01   5.519e-01   0.000e+00  14  sdss  5820  82S  6 
  256  53679.413732  2  26.750  0.567  0.261  0.000  -2.535e+00   1.313e+00   6.484e-01   0.000e+00  13  sdss  5820  82S  6 
  288  53679.414562  3  21.805  0.338  0.209  0.000   6.712e+00   2.078e+00   1.324e+00   0.000e+00  12  sdss  5820  82S  6 
  256  53679.416220  4  23.889  0.855  0.469  0.000  -6.006e+00   6.087e+00   3.467e+00   0.000e+00  12  sdss  5820  82S  6 
  384  53679.415391  0  22.382  0.576  0.575  0.000   4.245e+00   2.102e+00   2.271e+00   0.000e+00  10  sdss  5820  82S  6 
  256  53681.408522  1  25.827  0.894  0.622  0.000  -4.475e-01   6.614e-01   4.475e-01   0.000e+00  14  sdss  5836  82S  6 
  288  53681.405205  2  23.203  0.638  0.126  0.000   1.792e+00   1.094e+00   2.316e-01   0.000e+00  13  sdss  5836  82S  6 
  256  53681.406034  3  24.515  1.126  0.529  0.000  -1.818e-01   1.593e+00   6.321e-01   0.000e+00  12  sdss  5836  82S  6 
  288  53681.407693  4  22.018  0.750  0.411  0.000   4.360e+00   4.749e+00   2.599e+00   0.000e+00  12  sdss  5836  82S  6 
  288  53681.406864  0  24.122  1.401  0.244  0.000   5.494e-01   1.826e+00   2.652e-01   0.000e+00  10  sdss  5836  82S  6 
  292  53684.370142  1  23.753  0.876  0.415  0.000   1.034e+00   8.997e-01   4.656e-01   0.000e+00  14  sdss  5847  82S  6 
  420  53684.366825  2  22.206  0.707  0.795  0.000   4.701e+00   2.775e+00   3.520e+00   0.000e+00  13  sdss  5847  82S  6 
  420  53684.367654  3  21.281  0.365  0.174  0.000   1.094e+01   3.597e+00   1.776e+00   0.000e+00  12  sdss  5847  82S  6 
  420  53684.369313  4  20.485  0.514  0.287  0.000   2.271e+01   1.041e+01   6.200e+00   0.000e+00  12  sdss  5847  82S  6 
  260  53684.368484  0  22.061  0.779  0.775  0.000   5.745e+00   3.560e+00   4.091e+00   0.000e+00  10  sdss  5847  82S  6 
  417  53687.311407  1  22.522  0.662  0.525  0.000   3.463e+00   1.935e+00   1.707e+00   0.000e+00  14  sdss  5871  82S  6 
  385  53687.308089  2  26.684  0.978  0.402  0.000  -2.377e+00   1.932e+00   9.419e-01   0.000e+00  13  sdss  5871  82S  6 
  257  53687.308918  3  24.742  1.419  0.677  0.000  -4.597e-01   2.237e+00   8.518e-01   0.000e+00  12  sdss  5871  82S  6 
  256  53687.310577  4  24.526  0.552  0.317  0.000  -1.204e+01   6.337e+00   3.857e+00   0.000e+00  12  sdss  5871  82S  6 
  289  53696.374260  1  24.157  1.021  0.552  0.000   6.427e-01   8.400e-01   4.621e-01   0.000e+00  14  sdss  5889  82S  6 
  288  53696.370943  2  22.221  0.276  0.118  0.000   4.635e+00   1.182e+00   5.143e-01   0.000e+00  13  sdss  5889  82S  6 
  416  53696.371773  3  21.816  0.268  0.140  0.000   6.644e+00   1.650e+00   8.785e-01   0.000e+00  12  sdss  5889  82S  6 
  288  53696.373431  4  22.535  0.832  0.377  0.000   1.468e+00   4.563e+00   1.906e+00   0.000e+00  12  sdss  5889  82S  6 
  257  53696.372602  0  26.341  1.205  0.614  0.000  -2.349e+00   2.333e+00   1.431e+00   0.000e+00  10  sdss  5889  82S  6 
  289  53697.365337  1  23.761  0.779  0.416  0.000   1.025e+00   8.057e-01   4.638e-01   0.000e+00  14  sdss  5895  82S  6 
  416  53697.362020  2  21.705  0.180  0.082  0.000   7.493e+00   1.249e+00   5.707e-01   0.000e+00  13  sdss  5895  82S  6 
  288  53697.362849  3  23.180  0.928  0.436  0.000   1.693e+00   1.713e+00   8.589e-01   0.000e+00  12  sdss  5895  82S  6 
  288  53697.364508  4  20.722  0.285  0.111  0.000   1.813e+01   4.891e+00   1.933e+00   0.000e+00  12  sdss  5895  82S  6 
  257  53697.363678  0  22.615  0.848  0.312  0.000   3.396e+00   2.355e+00   1.002e+00   0.000e+00  10  sdss  5895  82S  6 
  416  53700.364145  1  24.773  1.010  0.880  0.000   2.067e-01   7.009e-01   5.448e-01   0.000e+00  14  sdss  5905  82S  6 
  256  53700.360828  2  24.870  1.243  1.072  0.000  -5.399e-02   1.226e+00   8.577e-01   0.000e+00  13  sdss  5905  82S  6 
  256  53700.361657  3  26.244  0.631  0.371  0.000  -3.523e+00   2.020e+00   1.289e+00   0.000e+00  12  sdss  5905  82S  6 
  256  53700.363316  4  24.756  0.454  0.153  0.000  -1.512e+01   6.424e+00   2.268e+00   0.000e+00  12  sdss  5905  82S  6 
  288  53700.362486  0  24.389  1.607  1.060  0.000   2.706e-01   2.204e+00   1.059e+00   0.000e+00  10  sdss  5905  82S  6 
  288  53705.350835  1  23.167  0.459  0.394  0.000   1.875e+00   8.010e-01   7.203e-01   0.000e+00  14  sdss  5924  82S  6 
  416  53705.347519  2  24.476  1.195  0.812  0.000   2.645e-01   1.178e+00   6.784e-01   0.000e+00  13  sdss  5924  82S  6 
  288  53705.348348  3  22.427  0.556  0.293  0.000   3.713e+00   1.892e+00   1.066e+00   0.000e+00  12  sdss  5924  82S  6 
  288  53705.350006  4  22.653  1.029  0.570  0.000   8.816e-01   5.838e+00   2.819e+00   0.000e+00  12  sdss  5924  82S  6 
  296  53705.349177  0  23.241  1.358  2.115  0.000   1.811e+00   2.260e+00   4.020e+00   0.000e+00  10  sdss  5924  82S  6 
