# SDSS CID:   3040 IAU: 2006on   RA: 328.910645 DEC:  -1.073777  (J2000)
# GALAXY_SB [ugriz] = [ 23.13 21.63 20.40 19.74 19.37 ] +/- [  0.00  0.00  0.00  0.00  0.00 ] (asinh mag/square arcsec)
# GALAXY_SB_FLUX [ugriz] = [  1.963E+00  7.876E+00  2.509E+01  4.548E+01  6.376E+01 ] +/- [  0.000E+00  0.000E+00  0.000E+00  0.000E+00  0.000E+00 ] (microJy per square arcsec)
#FLAG  MJD       FILT  MAG     MERR  MSKYERR MGALERR  FLUX       FLUXERR    SKYERR     GALERR    NPRE TELE   RUN  STRIP  IDCCD
  288  53622.242502  1  22.253  0.211  0.116  0.000   4.451e+00   8.539e-01   4.766e-01   0.000e+00  11  sdss  5582  82S  1 
  288  53622.239185  2  22.026  0.231  0.143  0.000   5.558e+00   1.177e+00   7.399e-01   0.000e+00  11  sdss  5582  82S  1 
  288  53622.240014  3  22.570  0.622  0.270  0.000   3.225e+00   1.843e+00   8.628e-01   0.000e+00  11  sdss  5582  82S  1 
  288  53622.241673  4  21.813  0.829  0.625  0.000   5.735e+00   5.777e+00   4.497e+00   0.000e+00  9  sdss  5582  82S  1 
  258  53622.240844  0  25.884  1.324  0.986  0.000  -1.445e+00   1.981e+00   1.553e+00   0.000e+00  9  sdss  5582  82S  1 
  289  53625.238147  1  22.723  0.271  0.068  0.000   2.867e+00   7.114e-01   1.818e-01   0.000e+00  11  sdss  5597  82S  1 
  288  53625.234830  2  21.900  0.172  0.030  0.000   6.249e+00   9.892e-01   1.757e-01   0.000e+00  11  sdss  5597  82S  1 
  288  53625.235659  3  21.410  0.159  0.034  0.000   9.703e+00   1.428e+00   3.040e-01   0.000e+00  11  sdss  5597  82S  1 
  288  53625.237317  4  21.337  0.427  0.177  0.000   9.827e+00   4.259e+00   1.822e+00   0.000e+00  9  sdss  5597  82S  1 
  264  53625.236488  0  22.651  0.531  0.248  0.000   3.281e+00   1.488e+00   7.386e-01   0.000e+00  9  sdss  5597  82S  1 
  289  53627.199287  1  22.104  0.253  0.043  0.000   5.112e+00   1.165e+00   2.026e-01   0.000e+00  11  sdss  5607  82S  1 
  289  53627.195970  2  21.776  0.196  0.058  0.000   7.013e+00   1.258e+00   3.752e-01   0.000e+00  11  sdss  5607  82S  1 
  288  53627.196799  3  21.319  0.177  0.041  0.000   1.056e+01   1.725e+00   3.975e-01   0.000e+00  11  sdss  5607  82S  1 
  288  53627.198458  4  20.969  0.386  0.173  0.000   1.425e+01   5.227e+00   2.428e+00   0.000e+00  9  sdss  5607  82S  1 
  257  53627.197629  0  22.653  1.152  0.295  0.000   3.274e+00   2.751e+00   8.787e-01   0.000e+00  9  sdss  5607  82S  1 
  291  53634.191536  1  21.640  0.340  0.216  0.000   7.856e+00   2.363e+00   1.549e+00   0.000e+00  11  sdss  5619  82S  1 
  290  53634.188219  2  22.787  0.965  0.691  0.000   2.707e+00   2.112e+00   1.805e+00   0.000e+00  11  sdss  5619  82S  1 
  290  53634.189049  3  21.940  0.500  0.358  0.000   5.912e+00   2.619e+00   1.995e+00   0.000e+00  11  sdss  5619  82S  1 
  290  53634.190707  4  20.523  0.379  0.342  0.000   2.192e+01   7.604e+00   7.113e+00   0.000e+00  9  sdss  5619  82S  1 
  387  53634.189878  0  22.161  1.444  0.383  0.000   5.230e+00   4.629e+00   1.760e+00   0.000e+00  9  sdss  5619  82S  1 
  297  53636.196911  1  22.905  0.340  0.326  0.000   2.412e+00   7.508e-01   7.409e-01   0.000e+00  11  sdss  5628  82S  1 
  288  53636.193594  2  21.901  0.181  0.075  0.000   6.244e+00   1.039e+00   4.341e-01   0.000e+00  11  sdss  5628  82S  1 
  296  53636.194423  3  21.802  0.246  0.246  0.000   6.731e+00   1.529e+00   1.557e+00   0.000e+00  11  sdss  5628  82S  1 
  296  53636.196081  4  21.349  0.441  0.325  0.000   9.704e+00   4.345e+00   3.311e+00   0.000e+00  9  sdss  5628  82S  1 
  256  53636.195252  0  22.880  0.827  0.115  0.000   2.622e+00   1.801e+00   2.834e-01   0.000e+00  9  sdss  5628  82S  1 
  289  53655.167597  1  23.928  1.350  0.301  0.000   8.493e-01   1.240e+00   2.928e-01   0.000e+00  11  sdss  5713  82S  1 
  289  53655.164281  2  22.558  0.436  0.140  0.000   3.371e+00   1.331e+00   4.471e-01   0.000e+00  11  sdss  5713  82S  1 
  288  53655.165110  3  21.807  0.287  0.104  0.000   6.699e+00   1.766e+00   6.528e-01   0.000e+00  11  sdss  5713  82S  1 
  416  53655.166768  4  21.984  0.785  0.398  0.000   4.572e+00   5.043e+00   2.562e+00   0.000e+00  9  sdss  5713  82S  1 
  257  53655.165939  0  23.853  1.726  0.354  0.000   8.634e-01   2.579e+00   4.317e-01   0.000e+00  9  sdss  5713  82S  1 
  289  53664.192088  1  22.544  0.392  0.105  0.000   3.392e+00   1.183e+00   3.295e-01   0.000e+00  11  sdss  5754  82S  1 
  288  53664.188771  2  21.712  0.197  0.072  0.000   7.441e+00   1.341e+00   4.934e-01   0.000e+00  11  sdss  5754  82S  1 
  288  53664.189601  3  21.627  0.257  0.110  0.000   7.928e+00   1.871e+00   8.157e-01   0.000e+00  11  sdss  5754  82S  1 
  288  53664.191259  4  21.436  0.611  0.414  0.000   8.848e+00   5.499e+00   3.932e+00   0.000e+00  9  sdss  5754  82S  1 
  257  53664.190430  0  21.709  0.432  0.274  0.000   7.974e+00   2.848e+00   1.898e+00   0.000e+00  9  sdss  5754  82S  1 
  288  53666.155415  1  22.597  0.186  0.046  0.000   3.228e+00   5.523e-01   1.385e-01   0.000e+00  11  sdss  5763  82S  1 
  288  53666.152098  2  22.335  0.260  0.042  0.000   4.162e+00   9.970e-01   1.662e-01   0.000e+00  11  sdss  5763  82S  1 
  288  53666.152927  3  21.478  0.183  0.039  0.000   9.109e+00   1.538e+00   3.341e-01   0.000e+00  11  sdss  5763  82S  1 
  288  53666.154585  4  21.166  0.401  0.060  0.000   1.171e+01   4.604e+00   7.084e-01   0.000e+00  9  sdss  5763  82S  1 
  256  53666.153756  0  23.335  0.943  0.086  0.000   1.638e+00   1.488e+00   1.478e-01   0.000e+00  9  sdss  5763  82S  1 
  288  53669.150748  1  23.128  0.307  0.116  0.000   1.948e+00   5.618e-01   2.166e-01   0.000e+00  11  sdss  5776  82S  1 
  288  53669.147432  2  22.264  0.227  0.065  0.000   4.449e+00   9.320e-01   2.698e-01   0.000e+00  11  sdss  5776  82S  1 
  288  53669.148261  3  21.820  0.242  0.047  0.000   6.618e+00   1.481e+00   2.906e-01   0.000e+00  11  sdss  5776  82S  1 
  288  53669.149919  4  21.260  0.444  0.146  0.000   1.064e+01   4.685e+00   1.595e+00   0.000e+00  9  sdss  5776  82S  1 
  256  53669.149090  0  22.814  0.573  0.209  0.000   2.798e+00   1.391e+00   5.410e-01   0.000e+00  9  sdss  5776  82S  1 
  288  53671.235260  1  22.567  0.309  0.300  0.000   3.320e+00   9.270e-01   9.248e-01   0.000e+00  11  sdss  5786  82S  1 
  288  53671.231943  2  21.945  0.257  0.185  0.000   5.994e+00   1.405e+00   1.028e+00   0.000e+00  11  sdss  5786  82S  1 
  288  53671.232772  3  22.251  0.537  0.480  0.000   4.399e+00   2.122e+00   2.029e+00   0.000e+00  11  sdss  5786  82S  1 
  288  53671.234431  4  22.243  1.086  0.475  0.000   3.019e+00   6.635e+00   2.667e+00   0.000e+00  9  sdss  5786  82S  1 
  258  53671.233601  0  27.164  0.667  0.103  0.000  -5.199e+00   2.744e+00   4.696e-01   0.000e+00  9  sdss  5786  82S  1 
  288  53674.134765  1  22.669  0.217  0.085  0.000   3.016e+00   6.008e-01   2.377e-01   0.000e+00  11  sdss  5797  82S  1 
  288  53674.131449  2  22.334  0.259  0.109  0.000   4.166e+00   9.976e-01   4.258e-01   0.000e+00  11  sdss  5797  82S  1 
  288  53674.132278  3  21.816  0.250  0.104  0.000   6.643e+00   1.532e+00   6.493e-01   0.000e+00  11  sdss  5797  82S  1 
  288  53674.133936  4  21.646  0.586  0.313  0.000   7.009e+00   4.574e+00   2.530e+00   0.000e+00  9  sdss  5797  82S  1 
  256  53674.133107  0  24.691  1.293  0.524  0.000  -2.421e-02   1.571e+00   5.083e-01   0.000e+00  9  sdss  5797  82S  1 
  288  53676.223999  1  22.773  0.234  0.042  0.000   2.734e+00   5.892e-01   1.069e-01   0.000e+00  11  sdss  5807  82S  1 
  288  53676.220682  2  22.765  0.377  0.033  0.000   2.765e+00   9.712e-01   8.786e-02   0.000e+00  11  sdss  5807  82S  1 
  288  53676.221511  3  22.189  0.348  0.060  0.000   4.668e+00   1.509e+00   2.658e-01   0.000e+00  11  sdss  5807  82S  1 
  288  53676.223169  4  21.831  0.641  0.306  0.000   5.606e+00   4.452e+00   2.178e+00   0.000e+00  9  sdss  5807  82S  1 
  288  53676.222340  0  24.313  1.251  0.397  0.000   3.474e-01   1.522e+00   4.027e-01   0.000e+00  9  sdss  5807  82S  1 
  288  53679.195548  1  23.048  0.385  0.128  0.000   2.103e+00   7.438e-01   2.569e-01   0.000e+00  11  sdss  5820  82S  1 
  288  53679.192231  2  23.132  0.641  0.356  0.000   1.925e+00   1.154e+00   6.914e-01   0.000e+00  11  sdss  5820  82S  1 
  288  53679.193060  3  22.629  0.589  0.231  0.000   3.041e+00   1.675e+00   7.014e-01   0.000e+00  11  sdss  5820  82S  1 
  288  53679.194719  4  21.021  0.404  0.335  0.000   1.354e+01   5.227e+00   4.494e+00   0.000e+00  9  sdss  5820  82S  1 
  256  53679.193889  0  22.891  0.857  0.452  0.000   2.593e+00   1.839e+00   1.098e+00   0.000e+00  9  sdss  5820  82S  1 
  288  53681.186829  1  22.881  0.280  0.117  0.000   2.468e+00   6.374e-01   2.721e-01   0.000e+00  11  sdss  5836  82S  1 
 1464  53681.183513  2  22.193  0.265  0.958  0.000   4.755e+00   1.155e+00   4.261e+00   0.000e+00  11  sdss  5836  82S  1 
  288  53681.184342  3  21.551  0.193  0.052  0.000   8.510e+00   1.516e+00   4.118e-01   0.000e+00  11  sdss  5836  82S  1 
  288  53681.186000  4  22.214  0.766  0.396  0.000   3.183e+00   4.495e+00   2.252e+00   0.000e+00  9  sdss  5836  82S  1 
  264  53681.185171  0  24.693  1.267  1.214  0.000  -2.627e-02   1.526e+00   1.177e+00   0.000e+00  9  sdss  5836  82S  1 
 1305  53685.145434  1  21.958  0.324  3.705  0.000   5.854e+00   1.689e+00   1.987e+01   0.000e+00  11  sdss  5853  82S  1 
  289  53685.142117  2  21.787  0.255  0.103  0.000   6.942e+00   1.614e+00   6.600e-01   0.000e+00  11  sdss  5853  82S  1 
  289  53685.142947  3  21.268  0.189  0.076  0.000   1.107e+01   1.925e+00   7.775e-01   0.000e+00  11  sdss  5853  82S  1 
 1337  53685.144605  4  21.640  0.742  4.326  0.000   7.057e+00   5.728e+00   3.516e+01   0.000e+00  9  sdss  5853  82S  1 
  265  53685.143776  0  27.160  0.962  0.703  0.000  -5.179e+00   3.589e+00   3.206e+00   0.000e+00  9  sdss  5853  82S  1 
  289  53687.183398  1  23.835  1.743  0.330  0.000   9.440e-01   1.754e+00   3.437e-01   0.000e+00  11  sdss  5870  82S  1 
  289  53687.180082  2  21.990  0.272  0.060  0.000   5.748e+00   1.426e+00   3.203e-01   0.000e+00  11  sdss  5870  82S  1 
  289  53687.180911  3  21.351  0.185  0.044  0.000   1.025e+01   1.746e+00   4.189e-01   0.000e+00  11  sdss  5870  82S  1 
  288  53687.182569  4  21.350  0.527  0.060  0.000   9.694e+00   5.119e+00   6.111e-01   0.000e+00  9  sdss  5870  82S  1 
  257  53687.181740  0  21.989  1.158  0.166  0.000   6.141e+00   4.714e+00   8.930e-01   0.000e+00  9  sdss  5870  82S  1 
 1284  53697.142324  1  27.426  2.028  0.460  0.000  -2.640e+00   3.204e+00   1.139e+00   0.000e+00  11  sdss  5895  82S  1 
 1316  53697.139007  2  21.344  1.041  0.418  0.000   1.046e+01   7.826e+00   4.037e+00   0.000e+00  11  sdss  5895  82S  1 
 1316  53697.139837  3  22.814  2.674  1.988  0.000   2.519e+00   7.890e+00   5.182e+00   0.000e+00  11  sdss  5895  82S  1 
 1316  53697.141495  4  19.900  0.727  0.066  0.000   3.929e+01   2.330e+01   2.429e+00   0.000e+00  9  sdss  5895  82S  1 
 1284  53697.140666  0  20.832  0.689  0.111  0.000   1.794e+01   9.427e+00   1.721e+00   0.000e+00  9  sdss  5895  82S  1 
  288  53700.140926  1  22.460  0.191  0.057  0.000   3.670e+00   6.426e-01   1.918e-01   0.000e+00  11  sdss  5905  82S  1 
  288  53700.137610  2  21.850  0.174  0.061  0.000   6.547e+00   1.050e+00   3.679e-01   0.000e+00  11  sdss  5905  82S  1 
  288  53700.138439  3  21.783  0.256  0.151  0.000   6.852e+00   1.617e+00   9.710e-01   0.000e+00  11  sdss  5905  82S  1 
  288  53700.140097  4  21.347  0.528  0.383  0.000   9.725e+00   5.140e+00   3.907e+00   0.000e+00  9  sdss  5905  82S  1 
  256  53700.139268  0  22.709  0.658  0.344  0.000   3.103e+00   1.708e+00   9.753e-01   0.000e+00  9  sdss  5905  82S  1 
  288  53705.126887  1  23.015  0.369  0.258  0.000   2.170e+00   7.355e-01   5.324e-01   0.000e+00  11  sdss  5924  82S  1 
  288  53705.123570  2  22.993  0.578  0.242  0.000   2.213e+00   1.180e+00   5.284e-01   0.000e+00  11  sdss  5924  82S  1 
  288  53705.124399  3  21.658  0.251  0.147  0.000   7.702e+00   1.779e+00   1.055e+00   0.000e+00  11  sdss  5924  82S  1 
  288  53705.126058  4  22.113  0.942  0.635  0.000   3.772e+00   5.823e+00   3.800e+00   0.000e+00  9  sdss  5924  82S  1 
  264  53705.125228  0  21.955  0.340  0.360  0.000   6.340e+00   1.829e+00   1.995e+00   0.000e+00  9  sdss  5924  82S  1 
