# SDSS CID:  14738 IAU:          RA:  40.072742 DEC:   0.388255  (J2000)
# GALAXY_SB [ugriz] = [ 24.82 24.25 24.21 23.70 22.50 ] +/- [  0.25  0.08  0.08  0.07  0.09 ] (asinh mag/square arcsec)
# GALAXY_SB_FLUX [ugriz] = [ -1.837E-01  5.681E-01  4.943E-01  8.267E-01  1.619E+00 ] +/- [  2.506E-01  6.318E-02  7.576E-02  1.009E-01  4.549E-01 ] (microJy per square arcsec)
#FLAG  MJD       FILT  MAG     MERR  MSKYERR MGALERR  FLUX       FLUXERR    SKYERR     GALERR    NPRE TELE   RUN  STRIP  IDCCD
    1  53989.423605  1  23.427  1.006  0.231  0.140   1.450e+00   1.254e+00   3.362e-01   2.043e-01  20  sdss  6314  82N  4 
    1  53989.420287  2  22.941  0.524  0.238  0.076   2.331e+00   1.128e+00   5.421e-01   1.744e-01  23  sdss  6314  82N  4 
    1  53989.421117  3  23.115  0.687  0.171  0.112   1.823e+00   1.339e+00   3.502e-01   2.292e-01  24  sdss  6314  82N  4 
    0  53989.422775  4  22.874  0.707  0.221  0.235  -2.021e-01   3.697e+00   1.076e+00   1.149e+00  24  sdss  6314  82N  4 
    1  53989.421946  0  23.061  1.595  0.327  0.379   2.186e+00   2.900e+00   7.198e-01   8.343e-01  17  sdss  6314  82N  4 
    0  53997.447871  1  22.723  0.170  0.121  0.085   2.867e+00   4.553e-01   3.265e-01   2.289e-01  20  sdss  6374  82N  4 
    0  53997.444554  2  23.064  0.328  0.096  0.108   2.063e+00   6.594e-01   1.964e-01   2.213e-01  23  sdss  6374  82N  4 
    0  53997.445383  3  22.755  0.390  0.118  0.105   2.678e+00   1.032e+00   3.218e-01   2.867e-01  24  sdss  6374  82N  4 
    0  53997.447042  4  21.428  0.338  0.160  0.147   8.931e+00   3.154e+00   1.519e+00   1.397e+00  24  sdss  6374  82N  4 
    0  53997.446212  0  22.956  0.613  0.351  0.436   2.432e+00   1.374e+00   8.445e-01   1.048e+00  17  sdss  6374  82N  4 
    0  54000.399704  1  23.196  0.302  0.316  0.293   1.822e+00   5.240e-01   5.615e-01   5.194e-01  20  sdss  6383  82N  4 
    0  54000.396387  2  23.755  0.686  0.343  0.430   9.729e-01   7.981e-01   4.109e-01   5.150e-01  23  sdss  6383  82N  4 
    0  54000.397216  3  22.684  0.445  0.257  0.220   2.879e+00   1.239e+00   7.453e-01   6.372e-01  24  sdss  6383  82N  4 
   32  54000.398875  4  22.165  0.726  0.643  0.480   3.468e+00   4.307e+00   3.739e+00   2.790e+00  24  sdss  6383  82N  4 
    0  54000.398045  0  23.863  1.280  1.555  1.804   8.503e-01   1.696e+00   1.924e+00   2.232e+00  17  sdss  6383  82N  4 
    0  54007.450401  1  23.494  0.492  0.783  0.618   1.355e+00   6.469e-01   1.077e+00   8.500e-01  20  sdss  6414  82N  4 
   32  54007.447083  2  24.015  0.841  0.550  0.537   6.852e-01   8.636e-01   5.595e-01   5.462e-01  23  sdss  6414  82N  4 
    0  54007.447913  3  22.724  0.457  0.295  0.181   2.764e+00   1.230e+00   8.264e-01   5.073e-01  24  sdss  6414  82N  4 
    0  54007.449571  4  21.209  0.482  0.425  0.298   1.122e+01   5.237e+00   4.819e+00   3.382e+00  24  sdss  6414  82N  4 
    0  54007.448742  0  23.495  1.256  1.002  1.360   1.367e+00   1.867e+00   1.576e+00   2.138e+00  17  sdss  6414  82N  4 
    0  54009.374100  1  22.859  0.184  0.087  0.077   2.521e+00   4.349e-01   2.085e-01   1.827e-01  20  sdss  6421  82N  4 
    0  54009.370783  2  23.242  0.378  0.108  0.114   1.722e+00   6.521e-01   1.909e-01   2.019e-01  23  sdss  6421  82N  4 
    0  54009.371612  3  22.692  0.365  0.067  0.085   2.856e+00   1.021e+00   1.917e-01   2.434e-01  24  sdss  6421  82N  4 
    0  54009.373270  4  22.373  0.562  0.197  0.220   2.310e+00   3.064e+00   1.046e+00   1.167e+00  24  sdss  6421  82N  4 
    0  54009.372441  0  22.922  0.587  0.250  0.327   2.516e+00   1.358e+00   6.184e-01   8.082e-01  17  sdss  6421  82N  4 
    0  54011.438732  1  23.063  0.219  0.106  0.087   2.073e+00   4.308e-01   2.108e-01   1.732e-01  20  sdss  6430  82N  4 
    0  54011.435415  2  22.772  0.253  0.076  0.071   2.748e+00   6.599e-01   2.007e-01   1.875e-01  23  sdss  6430  82N  4 
    0  54011.436244  3  22.539  0.324  0.021  0.066   3.327e+00   1.037e+00   6.768e-02   2.163e-01  24  sdss  6430  82N  4 
    0  54011.437903  4  22.369  0.576  0.205  0.199   2.331e+00   3.148e+00   1.091e+00   1.057e+00  24  sdss  6430  82N  4 
    0  54011.437074  0  22.677  0.475  0.264  0.275   3.200e+00   1.378e+00   8.070e-01   8.403e-01  17  sdss  6430  82N  4 
    0  54012.451794  1  22.823  0.200  0.164  0.123   2.608e+00   4.887e-01   4.056e-01   3.037e-01  20  sdss  6435  82N  4 
    0  54012.448477  2  23.005  0.380  0.190  0.168   2.187e+00   7.949e-01   4.109e-01   3.639e-01  23  sdss  6435  82N  4 
    0  54012.449306  3  22.555  0.378  0.079  0.118   3.274e+00   1.183e+00   2.560e-01   3.828e-01  24  sdss  6435  82N  4 
   32  54012.450965  4  22.431  0.740  0.396  0.351   2.007e+00   4.070e+00   2.062e+00   1.827e+00  24  sdss  6435  82N  4 
    0  54012.450135  0  22.642  0.543  0.262  0.422   3.310e+00   1.601e+00   8.235e-01   1.329e+00  17  sdss  6435  82N  4 
    1  54021.443289  1  23.042  0.371  0.207  0.148   2.116e+00   7.281e-01   4.205e-01   3.001e-01  20  sdss  6450  82N  4 
    0  54021.439972  2  23.036  0.415  0.100  0.136   2.121e+00   8.416e-01   2.110e-01   2.857e-01  23  sdss  6450  82N  4 
    0  54021.440801  3  22.537  0.377  0.097  0.114   3.333e+00   1.198e+00   3.173e-01   3.728e-01  24  sdss  6450  82N  4 
   32  54021.442459  4  22.560  0.687  0.353  0.301   1.347e+00   3.655e+00   1.777e+00   1.512e+00  24  sdss  6450  82N  4 
    1  54021.441630  0  22.629  0.775  0.391  0.395   3.352e+00   2.178e+00   1.244e+00   1.259e+00  17  sdss  6450  82N  4 
    0  54025.438191  1  23.128  0.319  0.318  0.242   1.947e+00   5.858e-01   5.981e-01   4.553e-01  20  sdss  6461  82N  4 
    0  54025.434873  2  22.933  0.409  0.201  0.200   2.349e+00   9.066e-01   4.615e-01   4.594e-01  23  sdss  6461  82N  4 
    0  54025.435703  3  22.371  0.349  0.171  0.148   3.921e+00   1.285e+00   6.485e-01   5.590e-01  24  sdss  6461  82N  4 
    0  54025.437361  4  21.367  0.476  0.059  0.261   9.530e+00   4.570e+00   5.896e-01   2.600e+00  24  sdss  6461  82N  4 
    0  54025.436532  0  23.763  1.447  1.782  1.670   9.786e-01   2.035e+00   2.340e+00   2.193e+00  17  sdss  6461  82N  4 
    0  54029.447977  1  22.668  0.181  0.154  0.099   3.020e+00   5.074e-01   4.361e-01   2.818e-01  20  sdss  6476  82N  4 
    0  54029.444660  2  23.117  0.449  0.096  0.173   1.956e+00   8.470e-01   1.894e-01   3.401e-01  23  sdss  6476  82N  4 
    0  54029.445489  3  22.244  0.297  0.064  0.080   4.432e+00   1.231e+00   2.716e-01   3.381e-01  24  sdss  6476  82N  4 
    0  54029.447148  4  23.672  0.640  0.089  0.217  -4.513e+00   4.064e+00   5.689e-01   1.387e+00  24  sdss  6476  82N  4 
    0  54029.446319  0  22.598  0.592  0.396  0.426   3.454e+00   1.792e+00   1.297e+00   1.395e+00  17  sdss  6476  82N  4 
    0  54031.355415  1  23.115  0.244  0.165  0.124   1.972e+00   4.579e-01   3.135e-01   2.354e-01  20  sdss  6484  82N  4 
    0  54031.352097  2  23.192  0.424  0.046  0.147   1.813e+00   7.558e-01   8.537e-02   2.712e-01  23  sdss  6484  82N  4 
    0  54031.352927  3  22.401  0.321  0.095  0.085   3.809e+00   1.156e+00   3.503e-01   3.154e-01  24  sdss  6484  82N  4 
    0  54031.354585  4  21.903  0.573  0.212  0.200   5.107e+00   3.817e+00   1.431e+00   1.347e+00  24  sdss  6484  82N  4 
   32  54031.353756  0  24.601  1.191  0.725  1.008   6.281e-02   1.401e+00   7.040e-01   9.778e-01  17  sdss  6484  82N  4 
  128  54036.360232  1  22.633  0.211  0.388  0.244   3.121e+00   6.107e-01   1.134e+00   7.137e-01  20  sdss  6504  82N  4 
    0  54036.356915  2  23.301  0.614  0.397  0.383   1.620e+00   9.745e-01   6.701e-01   6.461e-01  23  sdss  6504  82N  4 
    0  54036.357744  3  22.371  0.394  0.172  0.197   3.921e+00   1.441e+00   6.514e-01   7.451e-01  24  sdss  6504  82N  4 
   32  54036.359403  4  22.305  0.886  0.104  0.581   2.679e+00   5.140e+00   5.692e-01   3.168e+00  24  sdss  6504  82N  4 
    0  54036.358574  0  23.600  1.346  1.244  1.833   1.207e+00   1.944e+00   1.816e+00   2.676e+00  17  sdss  6504  82N  4 
    0  54039.358562  1  23.003  0.236  0.242  0.147   2.197e+00   4.885e-01   5.089e-01   3.081e-01  20  sdss  6513  82N  4 
    0  54039.355245  2  23.418  0.574  0.316  0.283   1.430e+00   8.398e-01   4.854e-01   4.342e-01  23  sdss  6513  82N  4 
   32  54039.356074  3  23.875  0.915  0.354  0.424   5.967e-01   1.283e+00   4.625e-01   5.534e-01  24  sdss  6513  82N  4 
    0  54039.357733  4  22.976  0.788  0.452  0.417  -7.009e-01   4.215e+00   2.223e+00   2.053e+00  24  sdss  6513  82N  4 
  128  54039.356903  0  22.288  0.431  0.434  0.427   4.638e+00   1.772e+00   1.868e+00   1.839e+00  17  sdss  6513  82N  4 
    1  54041.329275  1  23.246  0.663  0.445  0.131   1.735e+00   1.029e+00   7.554e-01   2.219e-01  20  sdss  6524  82N  4 
    1  54041.325958  2  22.935  0.547  0.303  0.102   2.344e+00   1.177e+00   6.954e-01   2.341e-01  23  sdss  6524  82N  4 
    9  54041.326787  3  23.205  0.735  0.695  0.143   1.643e+00   1.346e+00   1.333e+00   2.734e-01  24  sdss  6524  82N  4 
    0  54041.328446  4  24.297  0.389  0.200  0.127  -9.512e+00   3.780e+00   1.997e+00   1.262e+00  24  sdss  6524  82N  4 
    1  54041.327616  0  26.079  1.501  0.539  0.476  -1.791e+00   2.503e+00   1.018e+00   8.988e-01  17  sdss  6524  82N  4 
    1  54048.379737  1  22.439  0.327  0.103  0.091   3.743e+00   1.107e+00   3.584e-01   3.177e-01  20  sdss  6534  82N  4 
    1  54048.376420  2  22.965  0.468  0.128  0.118   2.276e+00   9.988e-01   2.852e-01   2.643e-01  23  sdss  6534  82N  4 
    0  54048.377249  3  22.812  0.524  0.095  0.138   2.525e+00   1.299e+00   2.466e-01   3.595e-01  24  sdss  6534  82N  4 
   32  54048.378908  4  22.437  0.697  0.364  0.312   1.975e+00   3.802e+00   1.892e+00   1.623e+00  24  sdss  6534  82N  4 
    1  54048.378078  0  23.685  1.844  0.607  0.872   1.084e+00   2.950e+00   8.367e-01   1.202e+00  17  sdss  6534  82N  4 
    3  54052.357233  1  22.963  0.495  0.871  0.508   2.283e+00   1.016e+00   1.896e+00   1.104e+00  20  sdss  6552  82N  4 
    2  54052.353916  2  22.577  0.451  0.397  0.385   3.312e+00   1.348e+00   1.247e+00   1.208e+00  23  sdss  6552  82N  4 
   32  54052.354745  3  23.108  0.935  0.796  0.636   1.837e+00   1.786e+00   1.639e+00   1.311e+00  24  sdss  6552  82N  4 
   34  54052.356403  4  21.624  0.949  1.289  0.825   7.189e+00   7.255e+00   1.054e+01   6.746e+00  24  sdss  6552  82N  4 
    2  54052.355574  0  22.483  1.087  1.349  1.393   3.857e+00   3.143e+00   4.888e+00   5.047e+00  17  sdss  6552  82N  4 
    0  54055.368397  1  22.605  0.206  0.282  0.190   3.204e+00   6.116e-01   8.456e-01   5.705e-01  20  sdss  6565  82N  4 
    0  54055.365080  2  22.755  0.370  0.222  0.216   2.793e+00   9.602e-01   5.953e-01   5.790e-01  23  sdss  6565  82N  4 
    0  54055.365910  3  22.963  0.646  0.338  0.326   2.154e+00   1.404e+00   7.785e-01   7.504e-01  24  sdss  6565  82N  4 
    0  54055.367568  4  23.682  0.788  0.435  0.485  -4.577e+00   5.046e+00   2.795e+00   3.114e+00  24  sdss  6565  82N  4 
    0  54055.366739  0  23.189  1.273  1.274  1.280   1.913e+00   2.182e+00   2.528e+00   2.541e+00  17  sdss  6565  82N  4 
    0  54058.351416  1  22.677  0.209  0.313  0.189   2.994e+00   5.802e-01   8.783e-01   5.298e-01  20  sdss  6577  82N  4 
   32  54058.348099  2  24.009  0.919  0.855  0.602   6.913e-01   9.523e-01   8.725e-01   6.141e-01  23  sdss  6577  82N  4 
    8  54058.348929  3  22.718  0.531  0.565  0.263   2.781e+00   1.418e+00   1.591e+00   7.389e-01  24  sdss  6577  82N  4 
    0  54058.350587  4  23.703  0.857  0.805  0.517  -4.714e+00   5.552e+00   5.234e+00   3.363e+00  24  sdss  6577  82N  4 
    0  54058.349758  0  21.522  0.257  0.285  0.298   9.485e+00   2.183e+00   2.461e+00   2.572e+00  17  sdss  6577  82N  4 
    0  54060.373435  1  22.740  0.252  0.487  0.268   2.821e+00   6.588e-01   1.293e+00   7.119e-01  20  sdss  6584  82N  4 
  128  54060.370118  2  22.733  0.391  0.205  0.267   2.853e+00   1.033e+00   5.602e-01   7.311e-01  23  sdss  6584  82N  4 
    0  54060.370948  3  24.778  1.171  0.899  0.990  -5.041e-01   1.719e+00   1.143e+00   1.259e+00  24  sdss  6584  82N  4 
    0  54060.372606  4  21.053  0.468  0.309  0.272   1.312e+01   5.788e+00   3.996e+00   3.523e+00  24  sdss  6584  82N  4 
    0  54060.371777  0  23.626  1.586  2.101  1.904   1.168e+00   2.379e+00   3.013e+00   2.731e+00  17  sdss  6584  82N  4 
   28  54065.349673  1  22.766  0.536  5.335  0.176   2.753e+00   1.297e+00   1.384e+01   4.554e-01  20  sdss  6609  82N  4 
 1052  54065.346356  2  22.250  1.319  3.813  0.115   4.511e+00   3.994e+00   1.607e+01   4.851e-01  23  sdss  6609  82N  4 
  156  54065.347185  3  24.384  1.654  9.424  0.433  -2.636e-02   2.809e+00   1.116e+01   5.130e-01  24  sdss  6609  82N  4 
    4  54065.348843  4  21.099  0.992  0.834  0.174   1.254e+01   1.055e+01   1.038e+01   2.170e+00  24  sdss  6609  82N  4 
   28  54065.348014  0  23.682  1.975  6.426  1.275   1.088e+00   3.314e+00   8.881e+00   1.761e+00  17  sdss  6609  82N  4 
