# SDSS CID:  21494 IAU: 2006nu   RA: 340.795593 DEC:   0.304346  (J2000)
# GALAXY_SB [ugriz] = [ 23.87 23.99 23.12 22.69 21.99 ] +/- [  0.27  0.09  0.05  0.05  0.08 ] (asinh mag/square arcsec)
# GALAXY_SB_FLUX [ugriz] = [  8.059E-01  7.856E-01  1.947E+00  2.860E+00  4.468E+00 ] +/- [  3.277E-01  8.020E-02  1.002E-01  1.302E-01  5.213E-01 ] (microJy per square arcsec)
#FLAG  MJD       FILT  MAG     MERR  MSKYERR MGALERR  FLUX       FLUXERR    SKYERR     GALERR    NPRE TELE   RUN  STRIP  IDCCD
    1  54346.241844  1  23.794  0.795  0.996  0.552   9.874e-01   7.980e-01   1.074e+00   5.951e-01  13  sdss  6920  82N  4 
    0  54346.238526  2  24.962  1.010  1.460  0.683  -1.283e-01   9.332e-01   1.179e+00   5.514e-01  14  sdss  6920  82N  4 
   32  54346.239356  3  24.120  1.020  1.206  0.627   2.895e-01   1.410e+00   1.463e+00   7.614e-01  15  sdss  6920  82N  4 
    0  54346.241014  4  23.804  0.676  0.525  0.377  -5.392e+00   4.594e+00   3.635e+00   2.610e+00  15  sdss  6920  82N  4 
    4  54346.240185  0  26.581  0.908  0.390  0.999  -2.980e+00   2.209e+00   1.104e+00   2.831e+00  12  sdss  6920  82N  4 
    0  54358.227894  1  25.310  0.985  2.844  1.672  -1.135e-01   6.679e-01   1.701e+00   9.998e-01  13  sdss  6958  82N  4 
   32  54358.224577  2  23.974  1.045  2.990  1.267   7.275e-01   1.111e+00   3.118e+00   1.321e+00  14  sdss  6958  82N  4 
    0  54358.225406  3  25.283  0.979  1.560  0.838  -1.226e+00   1.588e+00   2.551e+00   1.369e+00  15  sdss  6958  82N  4 
    0  54358.227065  4  24.270  0.656  0.668  0.534  -9.244e+00   6.003e+00   6.515e+00   5.206e+00  15  sdss  6958  82N  4 
    6  54358.226235  0  25.648  1.639  1.567  3.713  -1.087e+00   2.458e+00   2.149e+00   5.092e+00  12  sdss  6958  82N  4 
   20  54359.194020  1  25.878  1.004  2.894  0.782  -4.845e-01   7.644e-01   2.134e+00   5.764e-01  13  sdss  6962  82N  4 
 1156  54359.190703  2  25.721  2.395  2.432  0.791  -8.249e-01   3.971e+00   2.681e+00   8.717e-01  14  sdss  6962  82N  4 
 1180  54359.191533  3  25.685  1.941  6.189  0.444  -1.983e+00   4.175e+00   1.345e+01   9.649e-01  15  sdss  6962  82N  4 
    4  54359.193191  4  24.312  0.698  0.258  0.275  -9.664e+00   6.538e+00   2.601e+00   2.776e+00  15  sdss  6962  82N  4 
    4  54359.192362  0  25.023  1.977  3.527  3.033  -3.530e-01   3.181e+00   3.593e+00   3.090e+00  12  sdss  6962  82N  4 
   33  54365.260866  1  24.841  1.121  0.959  0.499   1.649e-01   7.937e-01   5.828e-01   3.032e-01  13  sdss  6982  82N  4 
    1  54365.257549  2  25.125  0.950  0.820  0.322  -2.618e-01   8.789e-01   6.842e-01   2.691e-01  14  sdss  6982  82N  4 
    0  54365.258378  3  24.514  0.953  0.780  0.296  -1.801e-01   1.286e+00   9.325e-01   3.541e-01  15  sdss  6982  82N  4 
   32  54365.260037  4  22.753  0.800  0.467  0.335   3.886e-01   4.269e+00   2.282e+00   1.639e+00  15  sdss  6982  82N  4 
    1  54365.259208  0  24.467  1.520  0.791  1.288   1.935e-01   2.011e+00   7.784e-01   1.267e+00  12  sdss  6982  82N  4 
    1  54373.334521  1  25.556  1.880  2.093  1.262  -2.649e-01   1.767e+00   1.333e+00   8.037e-01  13  sdss  7006  82N  4 
  161  54373.331204  2  23.335  1.202  1.307  0.517   1.563e+00   1.716e+00   2.151e+00   8.515e-01  14  sdss  7006  82N  4 
   32  54373.332033  3  22.652  0.700  0.598  0.321   2.974e+00   1.904e+00   1.782e+00   9.547e-01  15  sdss  7006  82N  4 
    0  54373.333691  4  21.233  0.601  0.600  0.390   1.095e+01   6.271e+00   6.673e+00   4.338e+00  15  sdss  7006  82N  4 
    7  54373.332862  0  26.810  2.639  1.593  1.634  -3.717e+00   6.914e+00   5.511e+00   5.652e+00  12  sdss  7006  82N  4 
   34  54382.269203  1  23.367  0.470  1.416  0.797   1.540e+00   6.869e-01   2.165e+00   1.219e+00  13  sdss  7037  82N  4 
    0  54382.265886  2  25.192  1.033  2.337  1.133  -3.182e-01   9.846e-01   1.989e+00   9.645e-01  14  sdss  7037  82N  4 
   32  54382.266715  3  23.476  1.002  1.552  0.890   1.169e+00   1.605e+00   2.481e+00   1.423e+00  15  sdss  7037  82N  4 
    0  54382.268374  4  25.231  0.287  0.256  0.264  -2.382e+01   6.252e+00   5.703e+00   5.882e+00  15  sdss  7037  82N  4 
    2  54382.267545  0  22.455  0.813  0.900  1.653   3.962e+00   2.585e+00   3.303e+00   6.064e+00  12  sdss  7037  82N  4 
   48  54386.271743  1  24.773  0.748  1.229  0.665   2.068e-01   4.915e-01   7.600e-01   4.112e-01  13  sdss  7054  82N  4 
   32  54386.268427  2  24.602  0.857  1.042  0.475   1.607e-01   7.651e-01   8.465e-01   3.856e-01  14  sdss  7054  82N  4 
   32  54386.269256  3  24.048  0.874  0.728  0.407   3.766e-01   1.178e+00   8.982e-01   5.021e-01  15  sdss  7054  82N  4 
    0  54386.270914  4  21.908  0.567  0.429  0.260   5.074e+00   3.767e+00   2.886e+00   1.747e+00  15  sdss  7054  82N  4 
    0  54386.270085  0  24.602  1.320  1.562  2.045   6.165e-02   1.619e+00   1.516e+00   1.984e+00  12  sdss  7054  82N  4 
    0  54388.275705  1  25.808  0.759  1.508  0.777  -4.343e-01   5.502e-01   1.071e+00   5.523e-01  13  sdss  7060  82N  4 
   32  54388.272389  2  24.140  0.889  1.328  0.555   5.622e-01   8.780e-01   1.264e+00   5.280e-01  14  sdss  7060  82N  4 
   32  54388.273218  3  24.068  0.971  1.014  0.532   3.519e-01   1.333e+00   1.245e+00   6.527e-01  15  sdss  7060  82N  4 
    0  54388.274876  4  23.527  0.793  0.634  0.468  -3.622e+00   4.780e+00   3.735e+00   2.756e+00  15  sdss  7060  82N  4 
    4  54388.274047  0  23.476  1.257  1.091  1.421   1.396e+00   1.873e+00   1.723e+00   2.245e+00  12  sdss  7060  82N  4 
    1  54393.261236  1  24.853  0.947  0.913  0.438   1.575e-01   6.404e-01   5.533e-01   2.653e-01  13  sdss  7080  82N  4 
    0  54393.257919  2  25.617  0.803  0.527  0.258  -7.139e-01   8.331e-01   5.450e-01   2.672e-01  14  sdss  7080  82N  4 
   32  54393.258748  3  23.997  0.871  0.565  0.253   4.401e-01   1.183e+00   7.068e-01   3.162e-01  15  sdss  7080  82N  4 
    0  54393.260407  4  23.613  0.556  0.220  0.183  -4.139e+00   3.429e+00   1.355e+00   1.131e+00  15  sdss  7080  82N  4 
    0  54393.259577  0  26.246  0.892  0.234  0.529  -2.131e+00   1.698e+00   4.997e-01   1.130e+00  12  sdss  7080  82N  4 
    1  54403.188685  1  25.810  1.232  1.035  0.538  -4.357e-01   9.582e-01   7.363e-01   3.825e-01  13  sdss  7106  82N  4 
   57  54403.185369  2  23.521  0.792  2.147  0.287   1.278e+00   1.054e+00   3.056e+00   4.078e-01  14  sdss  7106  82N  4 
   32  54403.186198  3  23.356  0.774  0.856  0.251   1.369e+00   1.300e+00   1.479e+00   4.333e-01  15  sdss  7106  82N  4 
    0  54403.187856  4  23.973  0.537  0.197  0.246  -6.643e+00   4.063e+00   1.534e+00   1.913e+00  15  sdss  7106  82N  4 
    1  54403.187027  0  25.820  1.378  0.422  1.130  -1.341e+00   2.051e+00   6.507e-01   1.742e+00  12  sdss  7106  82N  4 
    0  54404.195131  1  24.754  0.765  0.580  0.432   2.187e-01   5.064e-01   3.605e-01   2.688e-01  13  sdss  7111  82N  4 
    0  54404.191815  2  23.180  0.433  0.317  0.158   1.835e+00   7.810e-01   5.920e-01   2.953e-01  14  sdss  7111  82N  4 
   32  54404.192644  3  24.035  0.909  0.906  0.373   3.926e-01   1.235e+00   1.121e+00   4.614e-01  15  sdss  7111  82N  4 
    0  54404.194302  4  22.874  0.683  0.399  0.295  -2.022e-01   3.558e+00   1.945e+00   1.438e+00  15  sdss  7111  82N  4 
    0  54404.193473  0  23.031  0.763  0.323  0.672   2.254e+00   1.548e+00   7.217e-01   1.501e+00  12  sdss  7111  82N  4 
    0  54406.182169  1  24.063  0.554  0.729  0.400   7.238e-01   4.802e-01   6.467e-01   3.547e-01  13  sdss  7121  82N  4 
    0  54406.178852  2  22.892  0.356  0.489  0.177   2.444e+00   8.266e-01   1.167e+00   4.218e-01  14  sdss  7121  82N  4 
   32  54406.179681  3  23.530  0.845  0.656  0.391   1.084e+00   1.309e+00   1.016e+00   6.045e-01  15  sdss  7121  82N  4 
    0  54406.181340  4  21.694  0.569  0.299  0.242   6.627e+00   4.289e+00   2.323e+00   1.878e+00  15  sdss  7121  82N  4 
    0  54406.180511  0  25.378  1.230  0.728  1.848  -7.407e-01   1.575e+00   8.539e-01   2.168e+00  12  sdss  7121  82N  4 
    0  54412.184695  1  23.868  0.554  0.556  0.444   9.103e-01   5.454e-01   5.679e-01   4.533e-01  13  sdss  7140  82N  4 
    0  54412.181378  2  22.235  0.211  0.298  0.144   4.572e+00   8.935e-01   1.276e+00   6.189e-01  14  sdss  7140  82N  4 
    0  54412.182208  3  22.824  0.500  0.306  0.234   2.496e+00   1.234e+00   7.893e-01   6.039e-01  15  sdss  7140  82N  4 
  128  54412.183866  4  21.176  0.364  0.363  0.191   1.160e+01   4.132e+00   4.225e+00   2.226e+00  15  sdss  7140  82N  4 
    4  54412.183037  0  25.932  1.176  0.496  1.359  -1.525e+00   1.810e+00   8.299e-01   2.272e+00  12  sdss  7140  82N  4 
    0  54416.180049  1  23.491  0.358  0.439  0.250   1.359e+00   4.802e-01   6.048e-01   3.435e-01  13  sdss  7155  82N  4 
    0  54416.176732  2  22.382  0.204  0.207  0.082   3.982e+00   7.576e-01   7.774e-01   3.066e-01  14  sdss  7155  82N  4 
    0  54416.177562  3  22.307  0.300  0.236  0.093   4.168e+00   1.178e+00   9.446e-01   3.733e-01  15  sdss  7155  82N  4 
    0  54416.179220  4  21.887  0.597  0.322  0.238   5.217e+00   4.010e+00   2.197e+00   1.626e+00  15  sdss  7155  82N  4 
    0  54416.178391  0  25.541  1.128  0.491  1.320  -9.430e-01   1.481e+00   6.297e-01   1.694e+00  12  sdss  7155  82N  4 
    0  54420.207855  1  23.330  0.360  0.519  0.242   1.598e+00   5.520e-01   8.186e-01   3.819e-01  13  sdss  7167  82N  4 
    0  54420.204538  2  22.181  0.203  0.210  0.091   4.809e+00   9.052e-01   9.470e-01   4.091e-01  14  sdss  7167  82N  4 
    4  54420.205367  3  22.136  0.349  0.408  0.110   4.910e+00   1.578e+00   1.903e+00   5.146e-01  15  sdss  7167  82N  4 
   32  54420.207026  4  22.537  0.755  0.505  0.316   1.459e+00   4.078e+00   2.553e+00   1.598e+00  15  sdss  7167  82N  4 
    4  54420.206197  0  23.292  1.164  0.457  0.992   1.716e+00   1.889e+00   8.280e-01   1.798e+00  12  sdss  7167  82N  4 
    1  54421.185359  1  22.890  0.515  0.506  0.192   2.448e+00   1.120e+00   1.172e+00   4.452e-01  13  sdss  7170  82N  4 
    1  54421.182042  2  22.676  0.489  0.522  0.227   3.011e+00   1.335e+00   1.509e+00   6.561e-01  14  sdss  7170  82N  4 
    0  54421.182872  3  21.765  0.252  0.229  0.106   6.969e+00   1.610e+00   1.491e+00   6.927e-01  15  sdss  7170  82N  4 
    0  54421.184530  4  22.066  0.781  0.539  0.401   4.057e+00   4.832e+00   3.298e+00   2.454e+00  15  sdss  7170  82N  4 
    4  54421.183701  0  23.459  1.715  1.566  1.815   1.424e+00   2.754e+00   2.504e+00   2.903e+00  12  sdss  7170  82N  4 
    3  54431.188390  1  26.718  2.158  3.849  0.885  -1.323e+00   2.616e+00   5.182e+00   1.191e+00  13  sdss  7195  82N  4 
   57  54431.185074  2  23.455  1.855 24.711  0.644   1.374e+00   2.650e+00   3.701e+01   9.639e-01  14  sdss  7195  82N  4 
    1  54431.185903  3  21.766  0.434  0.917  0.193   6.962e+00   2.687e+00   5.964e+00   1.256e+00  15  sdss  7195  82N  4 
    8  54431.187561  4  23.978  1.243  2.778  0.746  -6.682e+00   9.224e+00   2.170e+01   5.827e+00  15  sdss  7195  82N  4 
    7  54431.186732  0  21.492  1.495  0.365  0.657   9.754e+00   8.554e+00   3.199e+00   5.757e+00  12  sdss  7195  82N  4 
    0  54433.183609  1  23.439  0.437  0.443  0.315   1.432e+00   6.048e-01   6.372e-01   4.533e-01  13  sdss  7202  82N  4 
    0  54433.180292  2  22.458  0.282  0.352  0.155   3.706e+00   9.695e-01   1.236e+00   5.437e-01  14  sdss  7202  82N  4 
    0  54433.181121  3  21.889  0.264  0.290  0.129   6.203e+00   1.508e+00   1.689e+00   7.493e-01  15  sdss  7202  82N  4 
    0  54433.182780  4  21.259  0.471  0.311  0.215   1.065e+01   4.920e+00   3.386e+00   2.340e+00  15  sdss  7202  82N  4 
    0  54433.181950  0  25.337  1.424  0.980  2.216  -6.928e-01   1.902e+00   1.127e+00   2.547e+00  12  sdss  7202  82N  4 
