# SDSS CID:   5853 IAU:          RA: 339.711670 DEC:  -0.761273  (J2000)
# GALAXY_SB [ugriz] = [ 22.93 22.56 22.40 22.21 22.04 ] +/- [  0.25  0.03  0.03  0.04  0.09 ] (asinh mag/square arcsec)
# GALAXY_SB_FLUX [ugriz] = [  2.408E+00  3.344E+00  3.923E+00  4.575E+00  4.185E+00 ] +/- [  6.061E-01  1.072E-01  1.117E-01  1.549E-01  5.509E-01 ] (microJy per square arcsec)
#FLAG  MJD       FILT  MAG     MERR  MSKYERR MGALERR  FLUX       FLUXERR    SKYERR     GALERR    NPRE TELE   RUN  STRIP  IDCCD
   32  53622.272612  1  21.406  0.091  0.092  0.133   9.755e+00   8.251e-01   8.396e-01   1.214e+00  10  sdss  5582  82S  2 
  160  53622.269295  2  21.696  0.158  0.104  0.154   7.553e+00   1.107e+00   7.384e-01   1.089e+00  10  sdss  5582  82S  2 
   32  53622.270124  3  21.745  0.237  0.217  0.194   7.099e+00   1.560e+00   1.450e+00   1.297e+00  9  sdss  5582  82S  2 
  160  53622.271783  4  21.414  0.679  0.461  0.561   9.060e+00   6.087e+00   4.415e+00   5.364e+00  10  sdss  5582  82S  2 
    6  53622.270953  0  20.965  0.172  0.045  0.566   1.587e+01   2.477e+00   6.559e-01   8.236e+00  5  sdss  5582  82S  2 
    0  53625.268726  1  21.382  0.068  0.023  0.036   9.970e+00   6.339e-01   2.179e-01   3.324e-01  10  sdss  5597  82S  2 
    0  53625.265409  2  21.369  0.084  0.012  0.026   1.022e+01   8.034e-01   1.189e-01   2.477e-01  10  sdss  5597  82S  2 
  128  53625.266238  3  21.300  0.117  0.021  0.032   1.075e+01   1.162e+00   2.085e-01   3.167e-01  9  sdss  5597  82S  2 
    0  53625.267896  4  21.205  0.309  0.118  0.120   1.127e+01   3.442e+00   1.336e+00   1.356e+00  10  sdss  5597  82S  2 
    0  53625.267067  0  21.223  0.163  0.022  0.205   1.251e+01   1.854e+00   2.475e-01   2.356e+00  5  sdss  5597  82S  2 
   33  53627.229480  1  21.538  0.190  0.049  0.132   8.636e+00   1.519e+00   3.907e-01   1.063e+00  10  sdss  5607  82S  2 
   33  53627.226163  2  21.569  0.166  0.052  0.086   8.496e+00   1.311e+00   4.117e-01   6.839e-01  10  sdss  5607  82S  2 
   32  53627.226993  3  21.635  0.209  0.099  0.114   7.868e+00   1.521e+00   7.296e-01   8.367e-01  9  sdss  5607  82S  2 
   32  53627.228651  4  21.531  0.573  0.234  0.376   7.985e+00   4.803e+00   2.041e+00   3.287e+00  10  sdss  5607  82S  2 
   33  53627.227822  0  21.499  0.388  0.072  0.569   9.686e+00   3.322e+00   6.454e-01   5.069e+00  5  sdss  5607  82S  2 
   35  53634.221841  1  22.102  0.515  0.330  0.567   5.124e+00   2.306e+00   1.587e+00   2.724e+00  10  sdss  5619  82S  2 
  161  53634.218524  2  21.505  0.484  0.256  0.329   9.014e+00   3.831e+00   2.154e+00   2.773e+00  10  sdss  5619  82S  2 
   34  53634.219353  3  21.845  0.451  1.139  0.611   6.464e+00   2.611e+00   6.943e+00   3.723e+00  9  sdss  5619  82S  2 
   34  53634.221012  4  21.758  1.047  1.378  1.254   6.142e+00   7.459e+00   1.021e+01   9.296e+00  10  sdss  5619  82S  2 
   33  53634.220182  0  21.083  0.795  0.388  1.359   1.423e+01   8.859e+00   5.068e+00   1.774e+01  5  sdss  5619  82S  2 
   33  53636.227247  1  21.474  0.103  0.032  0.065   9.162e+00   8.774e-01   2.729e-01   5.578e-01  10  sdss  5628  82S  2 
    8  53636.223930  2  21.449  0.115  0.163  0.045   9.493e+00   1.015e+00   1.443e+00   4.014e-01  10  sdss  5628  82S  2 
   40  53636.224759  3  21.646  0.182  0.236  0.084   7.787e+00   1.313e+00   1.723e+00   6.159e-01  9  sdss  5628  82S  2 
   32  53636.226418  4  21.471  0.444  0.213  0.217   8.529e+00   3.948e+00   1.954e+00   1.984e+00  10  sdss  5628  82S  2 
   33  53636.225588  0  21.394  0.240  0.095  0.358   1.067e+01   2.321e+00   9.306e-01   3.509e+00  5  sdss  5628  82S  2 
   32  53648.269090  1  21.378  0.083  0.032  0.093   1.001e+01   7.751e-01   3.002e-01   8.667e-01  10  sdss  5698  82S  2 
    0  53648.265773  2  21.397  0.121  0.072  0.078   9.965e+00   1.118e+00   6.690e-01   7.272e-01  10  sdss  5698  82S  2 
   32  53648.266602  3  21.310  0.144  0.078  0.095   1.065e+01   1.423e+00   7.714e-01   9.380e-01  9  sdss  5698  82S  2 
    0  53648.268260  4  21.012  0.446  0.376  0.360   1.366e+01   5.698e+00   5.013e+00   4.802e+00  10  sdss  5698  82S  2 
    4  53648.267431  0  21.048  0.197  0.150  0.501   1.470e+01   2.621e+00   2.025e+00   6.755e+00  5  sdss  5698  82S  2 
   33  53655.198195  1  21.550  0.183  0.082  0.150   8.540e+00   1.441e+00   6.507e-01   1.198e+00  10  sdss  5713  82S  2 
   33  53655.194879  2  21.427  0.169  0.094  0.114   9.688e+00   1.518e+00   8.486e-01   1.034e+00  10  sdss  5713  82S  2 
   32  53655.195708  3  21.578  0.225  0.243  0.172   8.297e+00   1.723e+00   1.885e+00   1.337e+00  9  sdss  5713  82S  2 
   32  53655.197366  4  21.622  0.739  0.485  0.598   7.206e+00   5.728e+00   3.964e+00   4.884e+00  10  sdss  5713  82S  2 
    1  53655.196537  0  21.127  0.344  0.060  0.733   1.366e+01   4.177e+00   7.514e-01   9.187e+00  5  sdss  5713  82S  2 
   33  53664.222783  1  21.695  0.229  0.125  0.205   7.470e+00   1.577e+00   8.691e-01   1.428e+00  10  sdss  5754  82S  2 
   33  53664.219466  2  21.415  0.163  0.090  0.118   9.796e+00   1.481e+00   8.266e-01   1.081e+00  10  sdss  5754  82S  2 
   32  53664.220295  3  21.755  0.282  0.223  0.248   7.033e+00   1.824e+00   1.473e+00   1.637e+00  9  sdss  5754  82S  2 
   32  53664.221954  4  22.699  1.073  1.011  1.165   6.537e-01   6.145e+00   4.970e+00   5.724e+00  10  sdss  5754  82S  2 
 1185  53664.221124  0  21.297  0.423  0.208  0.741   1.168e+01   4.326e+00   2.229e+00   7.947e+00  5  sdss  5754  82S  2 
    0  53666.186128  1  21.406  0.070  0.027  0.045   9.755e+00   6.316e-01   2.439e-01   4.048e-01  10  sdss  5763  82S  2 
    0  53666.182812  2  21.308  0.088  0.015  0.038   1.082e+01   8.880e-01   1.499e-01   3.791e-01  10  sdss  5763  82S  2 
    0  53666.183641  3  21.401  0.142  0.053  0.050   9.783e+00   1.288e+00   4.828e-01   4.530e-01  9  sdss  5763  82S  2 
    0  53666.185299  4  21.269  0.383  0.036  0.147   1.055e+01   4.012e+00   3.921e-01   1.585e+00  10  sdss  5763  82S  2 
   40  53666.184470  0  21.311  0.166  0.085  0.303   1.153e+01   1.746e+00   9.001e-01   3.212e+00  5  sdss  5763  82S  2 
    0  53669.181490  1  21.460  0.071  0.016  0.055   9.281e+00   6.170e-01   1.368e-01   4.744e-01  10  sdss  5776  82S  2 
    0  53669.178173  2  21.448  0.092  0.029  0.035   9.502e+00   8.179e-01   2.575e-01   3.115e-01  10  sdss  5776  82S  2 
  128  53669.179002  3  21.329  0.124  0.036  0.038   1.046e+01   1.201e+00   3.495e-01   3.683e-01  9  sdss  5776  82S  2 
    0  53669.180660  4  20.965  0.284  0.140  0.126   1.431e+01   3.872e+00   1.941e+00   1.751e+00  10  sdss  5776  82S  2 
   32  53669.179831  0  21.337  0.178  0.032  0.304   1.126e+01   1.823e+00   3.321e-01   3.148e+00  5  sdss  5776  82S  2 
   34  53671.266017  1  21.447  0.114  0.116  0.216   9.392e+00   9.946e-01   1.015e+00   1.896e+00  10  sdss  5786  82S  2 
   34  53671.262701  2  21.253  0.140  0.149  0.171   1.138e+01   1.481e+00   1.576e+00   1.817e+00  10  sdss  5786  82S  2 
   32  53671.263530  3  21.750  0.275  0.324  0.315   7.066e+00   1.790e+00   2.152e+00   2.088e+00  9  sdss  5786  82S  2 
   32  53671.265188  4  21.252  0.766  0.329  0.826   1.074e+01   7.614e+00   3.589e+00   9.012e+00  10  sdss  5786  82S  2 
   38  53671.264359  0  21.227  0.352  0.133  1.262   1.246e+01   3.896e+00   1.521e+00   1.443e+01  5  sdss  5786  82S  2 
   32  53674.165544  1  21.617  0.088  0.060  0.098   8.028e+00   6.598e-01   4.496e-01   7.349e-01  10  sdss  5797  82S  2 
    0  53674.162228  2  21.551  0.115  0.032  0.072   8.638e+00   9.281e-01   2.562e-01   5.830e-01  10  sdss  5797  82S  2 
   32  53674.163057  3  21.332  0.137  0.068  0.099   1.043e+01   1.329e+00   6.632e-01   9.645e-01  9  sdss  5797  82S  2 
   32  53674.164715  4  21.532  0.476  0.164  0.321   7.976e+00   4.031e+00   1.436e+00   2.804e+00  10  sdss  5797  82S  2 
   32  53674.163886  0  21.324  0.204  0.048  0.493   1.139e+01   2.107e+00   5.045e-01   5.160e+00  5  sdss  5797  82S  2 
    0  53676.254792  1  21.380  0.067  0.027  0.046   9.989e+00   6.269e-01   2.499e-01   4.247e-01  10  sdss  5807  82S  2 
    0  53676.251475  2  21.459  0.100  0.037  0.037   9.406e+00   8.758e-01   3.214e-01   3.262e-01  10  sdss  5807  82S  2 
  128  53676.252304  3  21.232  0.115  0.036  0.041   1.144e+01   1.220e+00   3.861e-01   4.392e-01  9  sdss  5807  82S  2 
  128  53676.253963  4  20.837  0.221  0.041  0.093   1.622e+01   3.389e+00   6.426e-01   1.447e+00  10  sdss  5807  82S  2 
    8  53676.253133  0  21.079  0.150  0.082  0.211   1.429e+01   1.949e+00   1.078e+00   2.760e+00  5  sdss  5807  82S  2 
   32  53679.226359  1  21.360  0.078  0.041  0.102   1.018e+01   7.431e-01   3.861e-01   9.649e-01  10  sdss  5820  82S  2 
   32  53679.223043  2  21.500  0.128  0.082  0.107   9.055e+00   1.076e+00   6.947e-01   9.048e-01  10  sdss  5820  82S  2 
   32  53679.223872  3  21.493  0.170  0.112  0.141   8.980e+00   1.416e+00   9.414e-01   1.185e+00  9  sdss  5820  82S  2 
   32  53679.225530  4  21.725  0.637  0.276  0.545   6.393e+00   4.681e+00   2.096e+00   4.136e+00  10  sdss  5820  82S  2 
   32  53679.224701  0  21.514  0.281  0.121  0.751   9.552e+00   2.417e+00   1.064e+00   6.601e+00  5  sdss  5820  82S  2 
    0  53681.217652  1  21.385  0.067  0.020  0.044   9.950e+00   6.248e-01   1.835e-01   4.075e-01  10  sdss  5836  82S  2 
    0  53681.214335  2  21.369  0.091  0.030  0.039   1.022e+01   8.636e-01   2.907e-01   3.694e-01  10  sdss  5836  82S  2 
   32  53681.215165  3  21.442  0.130  0.038  0.049   9.416e+00   1.139e+00   3.357e-01   4.305e-01  9  sdss  5836  82S  2 
    0  53681.216823  4  21.248  0.311  0.126  0.157   1.078e+01   3.338e+00   1.380e+00   1.720e+00  10  sdss  5836  82S  2 
    0  53681.215994  0  21.197  0.173  0.043  0.262   1.281e+01   2.012e+00   5.004e-01   3.083e+00  5  sdss  5836  82S  2 
    9  53685.176274  1  20.991  0.165  0.280  0.041   1.431e+01   2.184e+00   3.733e+00   5.459e-01  10  sdss  5853  82S  2 
    9  53685.172958  2  21.313  0.189  0.309  0.041   1.077e+01   1.878e+00   3.097e+00   4.068e-01  10  sdss  5853  82S  2 
 1177  53685.173787  3  21.302  0.244  1.526  0.052   1.073e+01   2.403e+00   1.524e+01   5.160e-01  9  sdss  5853  82S  2 
   33  53685.175445  4  22.564  1.026  0.875  0.399   1.323e+00   5.859e+00   4.397e+00   2.004e+00  10  sdss  5853  82S  2 
    5  53685.174616  0  21.213  0.416  0.215  0.320   1.262e+01   4.600e+00   2.487e+00   3.707e+00  5  sdss  5853  82S  2 
   33  53687.214675  1  21.470  0.260  0.146  0.096   9.195e+00   2.187e+00   1.250e+00   8.236e-01  10  sdss  5870  82S  2 
    1  53687.211358  2  21.394  0.186  0.051  0.061   9.984e+00   1.719e+00   4.789e-01   5.660e-01  10  sdss  5870  82S  2 
   33  53687.212188  3  21.613  0.229  0.078  0.095   8.031e+00   1.695e+00   5.903e-01   7.140e-01  9  sdss  5870  82S  2 
    0  53687.213846  4  21.171  0.431  0.241  0.232   1.166e+01   4.847e+00   2.812e+00   2.712e+00  10  sdss  5870  82S  2 
   33  53687.213017  0  21.479  0.775  0.192  0.552   9.868e+00   6.062e+00   1.742e+00   5.012e+00  5  sdss  5870  82S  2 
   36  53697.173189  1  21.489  0.102  0.061  0.068   9.035e+00   8.594e-01   5.139e-01   5.701e-01  10  sdss  5895  82S  2 
    4  53697.169873  2  21.347  0.125  0.053  0.048   1.043e+01   1.213e+00   5.107e-01   4.690e-01  10  sdss  5895  82S  2 
   32  53697.170702  3  21.530  0.181  0.078  0.074   8.676e+00   1.458e+00   6.296e-01   5.963e-01  9  sdss  5895  82S  2 
  164  53697.172360  4  21.911  0.705  0.413  0.342   5.056e+00   4.657e+00   2.766e+00   2.291e+00  10  sdss  5895  82S  2 
   36  53697.171531  0  21.422  0.291  0.062  0.443   1.040e+01   2.715e+00   5.913e-01   4.237e+00  5  sdss  5895  82S  2 
   32  53700.171791  1  21.788  0.105  0.061  0.102   6.854e+00   6.713e-01   3.882e-01   6.552e-01  10  sdss  5905  82S  2 
    0  53700.168474  2  21.571  0.117  0.042  0.062   8.480e+00   9.230e-01   3.329e-01   4.943e-01  10  sdss  5905  82S  2 
   32  53700.169304  3  21.846  0.210  0.103  0.100   6.458e+00   1.262e+00   6.275e-01   6.084e-01  9  sdss  5905  82S  2 
    0  53700.170962  4  21.077  0.356  0.122  0.208   1.281e+01   4.373e+00   1.545e+00   2.630e+00  10  sdss  5905  82S  2 
   40  53700.170133  0  21.502  0.228  0.162  0.489   9.659e+00   1.996e+00   1.439e+00   4.349e+00  5  sdss  5905  82S  2 
   32  53705.158172  1  21.607  0.095  0.067  0.111   8.102e+00   7.173e-01   5.036e-01   8.406e-01  10  sdss  5924  82S  2 
    0  53705.154855  2  21.529  0.114  0.055  0.070   8.816e+00   9.344e-01   4.503e-01   5.746e-01  10  sdss  5924  82S  2 
   32  53705.155685  3  21.656  0.173  0.061  0.094   7.715e+00   1.242e+00   4.396e-01   6.763e-01  9  sdss  5924  82S  2 
   32  53705.157343  4  22.588  0.748  0.445  0.580   1.206e+00   4.010e+00   2.224e+00   2.900e+00  10  sdss  5924  82S  2 
   32  53705.156514  0  21.707  0.298  0.070  0.739   7.986e+00   2.147e+00   5.177e-01   5.448e+00  5  sdss  5924  82S  2 
