# SDSS CID:   4264 IAU:          RA:  24.497547 DEC:  -0.985809  (J2000)
# GALAXY_SB [ugriz] = [ 22.25 22.27 21.76 21.72 21.63 ] +/- [  0.09  0.02  0.01  0.02  0.06 ] (asinh mag/square arcsec)
# GALAXY_SB_FLUX [ugriz] = [  4.665E+00  4.366E+00  7.116E+00  7.274E+00  7.104E+00 ] +/- [  3.843E-01  8.537E-02  9.817E-02  1.279E-01  5.158E-01 ] (microJy per square arcsec)
#FLAG  MJD       FILT  MAG     MERR  MSKYERR MGALERR  FLUX       FLUXERR    SKYERR     GALERR    NPRE TELE   RUN  STRIP  IDCCD
   34  53616.381961  1  22.931  0.339  0.216  0.575   2.354e+00   7.352e-01   4.816e-01   1.282e+00  20  sdss  5566  82N  1 
   32  53616.378644  2  22.984  0.440  0.034  0.347   2.233e+00   9.303e-01   7.561e-02   7.651e-01  23  sdss  5566  82N  1 
   32  53616.379474  3  23.334  0.849  0.450  0.582   1.408e+00   1.443e+00   7.903e-01   1.023e+00  23  sdss  5566  82N  1 
   32  53616.381132  4  21.572  0.674  0.684  0.661   7.624e+00   5.439e+00   5.807e+00   5.606e+00  23  sdss  5566  82N  1 
   40  53616.380303  0  23.858  1.433  2.208  4.435   8.571e-01   1.961e+00   2.715e+00   5.453e+00  13  sdss  5566  82N  1 
 1192  53626.359127  1  23.050  0.339  0.272  0.336   2.100e+00   6.619e-01   5.462e-01   6.737e-01  20  sdss  5603  82N  1 
   32  53626.355810  2  22.839  0.356  0.209  0.256   2.574e+00   8.639e-01   5.226e-01   6.385e-01  23  sdss  5603  82N  1 
   32  53626.356639  3  23.354  0.822  0.394  0.589   1.373e+00   1.383e+00   6.835e-01   1.020e+00  23  sdss  5603  82N  1 
   32  53626.358298  4  22.459  0.724  0.172  0.658   1.861e+00   3.945e+00   8.862e-01   3.395e+00  23  sdss  5603  82N  1 
   32  53626.357469  0  23.980  1.503  0.357  3.417   7.094e-01   2.058e+00   4.121e-01   3.943e+00  13  sdss  5603  82N  1 
   33  53628.343800  1  22.712  0.495  0.125  0.237   2.898e+00   1.262e+00   3.397e-01   6.413e-01  20  sdss  5610  82N  1 
   33  53628.340482  2  22.465  0.357  0.118  0.162   3.682e+00   1.203e+00   4.117e-01   5.626e-01  23  sdss  5610  82N  1 
   32  53628.341312  3  22.568  0.514  0.148  0.228   3.233e+00   1.561e+00   4.743e-01   7.297e-01  23  sdss  5610  82N  1 
   32  53628.342970  4  21.675  0.592  0.072  0.381   6.780e+00   4.503e+00   5.649e-01   2.997e+00  23  sdss  5610  82N  1 
    1  53628.342141  0  26.256  1.492  0.212  1.456  -2.153e+00   2.662e+00   4.516e-01   3.108e+00  13  sdss  5610  82N  1 
    1  53635.352469  1  22.093  0.215  0.051  0.065   5.163e+00   1.007e+00   2.410e-01   3.101e-01  20  sdss  5622  82N  1 
   33  53635.349151  2  23.271  0.809  0.238  0.293   1.670e+00   1.269e+00   4.117e-01   5.073e-01  23  sdss  5622  82N  1 
   32  53635.349981  3  22.446  0.433  0.134  0.137   3.645e+00   1.480e+00   4.771e-01   4.886e-01  23  sdss  5622  82N  1 
   32  53635.351639  4  22.062  0.576  0.038  0.279   4.083e+00   3.538e+00   2.315e-01   1.713e+00  23  sdss  5622  82N  1 
   33  53635.350810  0  24.259  1.681  0.104  1.708   4.032e-01   2.388e+00   1.072e-01   1.763e+00  13  sdss  5622  82N  1 
   33  53637.345893  1  24.189  1.143  0.451  0.727   6.161e-01   9.361e-01   3.672e-01   5.917e-01  20  sdss  5633  82N  1 
   32  53637.342576  2  22.283  0.270  0.116  0.139   4.371e+00   1.086e+00   4.771e-01   5.714e-01  23  sdss  5633  82N  1 
   32  53637.343406  3  22.763  0.562  0.180  0.235   2.657e+00   1.445e+00   4.893e-01   6.388e-01  23  sdss  5633  82N  1 
   32  53637.345064  4  22.121  0.768  0.068  0.500   3.728e+00   4.643e+00   4.064e-01   2.974e+00  23  sdss  5633  82N  1 
   33  53637.344235  0  22.532  0.893  0.138  1.208   3.679e+00   2.575e+00   4.674e-01   4.096e+00  13  sdss  5633  82N  1 
   32  53639.391296  1  22.226  0.151  0.019  0.100   4.562e+00   6.334e-01   8.183e-02   4.217e-01  20  sdss  5642  82N  1 
   32  53639.387979  2  22.663  0.277  0.098  0.127   3.050e+00   7.929e-01   2.851e-01   3.712e-01  23  sdss  5642  82N  1 
   32  53639.388808  3  22.770  0.438  0.113  0.158   2.638e+00   1.143e+00   3.056e-01   4.267e-01  23  sdss  5642  82N  1 
   32  53639.390467  4  22.475  0.662  0.497  0.450   1.778e+00   3.564e+00   2.553e+00   2.314e+00  23  sdss  5642  82N  1 
   32  53639.389637  0  22.244  0.405  0.096  0.514   4.838e+00   1.702e+00   4.208e-01   2.250e+00  13  sdss  5642  82N  1 
   32  53641.390527  1  22.763  0.228  0.033  0.167   2.762e+00   5.837e-01   8.538e-02   4.337e-01  20  sdss  5658  82N  1 
   32  53641.387210  2  22.731  0.295  0.137  0.150   2.858e+00   7.931e-01   3.777e-01   4.122e-01  23  sdss  5658  82N  1 
   32  53641.388039  3  22.319  0.304  0.067  0.135   4.123e+00   1.185e+00   2.651e-01   5.383e-01  23  sdss  5658  82N  1 
   32  53641.389698  4  21.583  0.407  0.048  0.228   7.530e+00   3.356e+00   4.064e-01   1.915e+00  23  sdss  5658  82N  1 
   40  53641.388869  0  23.083  0.806  0.416  1.043   2.137e+00   1.549e+00   8.817e-01   2.212e+00  13  sdss  5658  82N  1 
   32  53644.338739  1  22.399  0.149  0.018  0.107   3.884e+00   5.310e-01   6.389e-02   3.847e-01  20  sdss  5670  82N  1 
   32  53644.335422  2  23.069  0.376  0.017  0.178   2.052e+00   7.485e-01   3.383e-02   3.646e-01  23  sdss  5670  82N  1 
   32  53644.336251  3  22.550  0.357  0.116  0.143   3.291e+00   1.132e+00   3.778e-01   4.662e-01  23  sdss  5670  82N  1 
   32  53644.337910  4  22.663  0.630  0.201  0.446   8.319e-01   3.276e+00   9.911e-01   2.202e+00  23  sdss  5670  82N  1 
   40  53644.337081  0  22.297  0.365  0.118  0.524   4.603e+00   1.474e+00   4.944e-01   2.188e+00  13  sdss  5670  82N  1 
   33  53657.349602  1  21.747  0.543  0.187  0.286   7.114e+00   3.278e+00   1.216e+00   1.866e+00  20  sdss  5731  82N  1 
   33  53657.346285  2  23.914  1.657  0.502  1.267   7.917e-01   2.033e+00   5.429e-01   1.369e+00  23  sdss  5731  82N  1 
   35  53657.347114  3  23.514  1.599  0.864  1.437   1.110e+00   2.838e+00   1.352e+00   2.248e+00  23  sdss  5731  82N  1 
    2  53657.348772  4  23.111  1.255  0.513  1.648  -1.372e+00   7.662e+00   2.584e+00   8.297e+00  23  sdss  5731  82N  1 
   43  53657.347943  0  22.592  1.996  1.097  2.271   3.471e+00   4.517e+00   3.525e+00   7.304e+00  13  sdss  5731  82N  1 
   33  53663.334087  1  22.935  0.513  0.071  0.132   2.345e+00   1.070e+00   1.570e-01   2.935e-01  20  sdss  5744  82N  1 
   33  53663.330770  2  22.657  0.371  0.069  0.095   3.068e+00   1.053e+00   2.018e-01   2.790e-01  23  sdss  5744  82N  1 
    1  53663.331599  3  22.279  0.332  0.071  0.086   4.285e+00   1.333e+00   2.928e-01   3.541e-01  23  sdss  5744  82N  1 
   32  53663.333258  4  22.038  0.626  0.053  0.275   4.232e+00   3.892e+00   3.311e-01   1.710e+00  23  sdss  5744  82N  1 
   33  53663.332428  0  21.853  0.488  0.032  0.291   6.975e+00   2.860e+00   1.978e-01   1.815e+00  13  sdss  5744  82N  1 
   33  53666.404175  1  22.727  0.375  0.108  0.177   2.858e+00   9.686e-01   2.884e-01   4.737e-01  20  sdss  5765  82N  1 
   33  53666.400858  2  22.544  0.333  0.095  0.144   3.417e+00   1.050e+00   3.067e-01   4.663e-01  23  sdss  5765  82N  1 
   32  53666.401687  3  22.124  0.296  0.103  0.111   4.969e+00   1.371e+00   4.846e-01   5.231e-01  23  sdss  5765  82N  1 
   32  53666.403345  4  22.067  0.685  0.184  0.406   4.051e+00   4.212e+00   1.124e+00   2.482e+00  23  sdss  5765  82N  1 
  161  53666.402516  0  23.008  1.561  0.472  1.293   2.308e+00   2.876e+00   1.064e+00   2.918e+00  13  sdss  5765  82N  1 
   32  53668.323912  1  22.299  0.208  0.066  0.212   4.263e+00   8.081e-01   2.603e-01   8.354e-01  20  sdss  5770  82N  1 
   32  53668.320596  2  23.668  0.887  0.535  0.711   1.079e+00   1.072e+00   6.820e-01   9.055e-01  23  sdss  5770  82N  1 
   32  53668.321425  3  22.404  0.430  0.187  0.295   3.797e+00   1.523e+00   6.925e-01   1.090e+00  23  sdss  5770  82N  1 
   32  53668.323083  4  22.567  0.819  0.496  0.713   1.310e+00   4.463e+00   2.488e+00   3.578e+00  23  sdss  5770  82N  1 
   42  53668.322254  0  22.011  0.415  0.290  0.934   6.018e+00   2.143e+00   1.568e+00   5.044e+00  13  sdss  5770  82N  1 
   32  53670.328509  1  22.236  0.145  0.076  0.142   4.521e+00   6.012e-01   3.170e-01   5.917e-01  20  sdss  5781  82N  1 
   32  53670.325192  2  22.251  0.223  0.023  0.167   4.505e+00   9.291e-01   9.744e-02   7.046e-01  23  sdss  5781  82N  1 
   32  53670.326021  3  23.025  0.644  0.276  0.367   2.016e+00   1.344e+00   6.078e-01   8.080e-01  23  sdss  5781  82N  1 
   32  53670.327680  4  22.290  0.728  0.213  0.552   2.759e+00   4.143e+00   1.166e+00   3.026e+00  23  sdss  5781  82N  1 
   32  53670.326850  0  22.351  0.462  0.024  0.878   4.372e+00   1.746e+00   9.512e-02   3.496e+00  13  sdss  5781  82N  1 
   40  53673.296548  1  22.332  0.140  0.063  0.104   4.134e+00   5.334e-01   2.418e-01   3.954e-01  20  sdss  5792  82N  1 
   32  53673.293231  2  22.459  0.223  0.044  0.097   3.703e+00   7.707e-01   1.547e-01   3.375e-01  23  sdss  5792  82N  1 
   32  53673.294060  3  22.589  0.380  0.136  0.137   3.166e+00   1.160e+00   4.271e-01   4.314e-01  23  sdss  5792  82N  1 
   32  53673.295719  4  21.731  0.469  0.253  0.263   6.344e+00   3.472e+00   1.912e+00   1.991e+00  23  sdss  5792  82N  1 
   40  53673.294890  0  23.365  0.959  0.449  1.350   1.583e+00   1.506e+00   7.634e-01   2.297e+00  13  sdss  5792  82N  1 
   32  53675.293267  1  22.294  0.143  0.030  0.126   4.283e+00   5.639e-01   1.204e-01   4.972e-01  20  sdss  5800  82N  1 
   32  53675.289950  2  22.653  0.296  0.127  0.150   3.079e+00   8.524e-01   3.723e-01   4.423e-01  23  sdss  5800  82N  1 
   32  53675.290779  3  23.100  0.627  0.160  0.248   1.855e+00   1.245e+00   3.333e-01   5.162e-01  23  sdss  5800  82N  1 
    0  53675.292438  4  21.298  0.433  0.265  0.282   1.024e+01   4.405e+00   2.790e+00   2.968e+00  23  sdss  5800  82N  1 
  168  53675.291609  0  22.740  0.552  0.435  0.823   3.009e+00   1.463e+00   1.230e+00   2.329e+00  13  sdss  5800  82N  1 
   32  53677.314374  1  22.344  0.149  0.013  0.121   4.088e+00   5.598e-01   5.050e-02   4.560e-01  20  sdss  5813  82N  1 
   32  53677.311058  2  22.359  0.208  0.074  0.101   4.070e+00   7.856e-01   2.828e-01   3.866e-01  23  sdss  5813  82N  1 
   32  53677.311887  3  22.426  0.329  0.112  0.139   3.717e+00   1.161e+00   4.068e-01   5.045e-01  23  sdss  5813  82N  1 
    0  53677.313545  4  23.229  0.646  0.394  0.467  -1.977e+00   3.501e+00   2.049e+00   2.426e+00  23  sdss  5813  82N  1 
   32  53677.312716  0  21.926  0.277  0.015  0.377   6.516e+00   1.582e+00   8.705e-02   2.199e+00  13  sdss  5813  82N  1 
   32  53680.300772  1  22.284  0.137  0.051  0.095   4.323e+00   5.449e-01   2.035e-01   3.796e-01  20  sdss  5823  82N  1 
   32  53680.297455  2  22.183  0.183  0.015  0.088   4.801e+00   8.130e-01   6.784e-02   3.927e-01  23  sdss  5823  82N  1 
   32  53680.298285  3  22.227  0.275  0.073  0.103   4.505e+00   1.164e+00   3.146e-01   4.443e-01  23  sdss  5823  82N  1 
   32  53680.299943  4  22.325  0.599  0.121  0.358   2.566e+00   3.324e+00   6.548e-01   1.934e+00  23  sdss  5823  82N  1 
  160  53680.299114  0  22.132  0.322  0.014  0.442   5.372e+00   1.519e+00   6.868e-02   2.143e+00  13  sdss  5823  82N  1 
    1  53686.300005  1  26.139  1.943  0.639  1.067  -6.934e-01   1.971e+00   5.526e-01   9.222e-01  20  sdss  5866  82N  1 
   33  53686.296688  2  22.774  0.850  0.381  0.357   2.741e+00   1.940e+00   1.007e+00   9.434e-01  23  sdss  5866  82N  1 
   33  53686.297517  3  22.166  0.438  0.197  0.180   4.775e+00   1.905e+00   8.968e-01   8.183e-01  23  sdss  5866  82N  1 
   32  53686.299176  4  22.568  0.971  0.766  0.829   1.305e+00   5.471e+00   3.843e+00   4.160e+00  23  sdss  5866  82N  1 
  161  53686.298346  0  22.146  1.106  0.428  0.813   5.302e+00   4.112e+00   2.047e+00   3.888e+00  13  sdss  5866  82N  1 
    1  53693.301973  1  21.925  0.230  0.044  0.088   6.033e+00   1.258e+00   2.420e-01   4.885e-01  20  sdss  5878  82N  1 
   33  53693.298656  2  22.451  0.342  0.093  0.125   3.731e+00   1.170e+00   3.290e-01   4.395e-01  23  sdss  5878  82N  1 
   32  53693.299486  3  22.754  0.550  0.185  0.190   2.682e+00   1.425e+00   5.075e-01   5.195e-01  23  sdss  5878  82N  1 
   32  53693.301144  4  21.865  0.606  0.289  0.357   5.372e+00   4.113e+00   1.997e+00   2.466e+00  23  sdss  5878  82N  1 
    1  53693.300315  0  25.015  1.964  0.473  2.454  -3.442e-01   3.140e+00   4.798e-01   2.491e+00  13  sdss  5878  82N  1 
   32  53698.299065  1  22.636  0.207  0.073  0.152   3.110e+00   5.928e-01   2.127e-01   4.411e-01  20  sdss  5898  82N  1 
   32  53698.295749  2  22.831  0.341  0.031  0.175   2.594e+00   8.337e-01   7.796e-02   4.400e-01  23  sdss  5898  82N  1 
   32  53698.296578  3  22.893  0.530  0.196  0.207   2.322e+00   1.239e+00   4.782e-01   5.064e-01  23  sdss  5898  82N  1 
   32  53698.298236  4  21.955  0.573  0.311  0.303   4.760e+00   3.704e+00   2.028e+00   1.978e+00  23  sdss  5898  82N  1 
   32  53698.297407  0  21.838  0.274  0.039  0.399   7.073e+00   1.697e+00   2.446e-01   2.520e+00  13  sdss  5898  82N  1 
   40  53704.284535  1  22.511  0.198  0.170  0.247   3.497e+00   6.366e-01   5.505e-01   8.006e-01  20  sdss  5918  82N  1 
   32  53704.281218  2  22.668  0.339  0.206  0.278   3.036e+00   9.575e-01   5.993e-01   8.061e-01  23  sdss  5918  82N  1 
   32  53704.282047  3  21.944  0.266  0.162  0.171   5.893e+00   1.449e+00   8.978e-01   9.485e-01  23  sdss  5918  82N  1 
   32  53704.283706  4  21.520  0.538  0.518  0.376   8.079e+00   4.573e+00   4.576e+00   3.321e+00  23  sdss  5918  82N  1 
   40  53704.282876  0  23.032  0.903  0.835  1.733   2.251e+00   1.767e+00   1.847e+00   3.834e+00  13  sdss  5918  82N  1 
