# SDSS CID:  15309 IAU:          RA: 309.730103 DEC:   0.973754  (J2000)
# GALAXY_SB [ugriz] = [ 24.01 23.29 21.98 21.37 21.03 ] +/- [  0.34  0.07  0.04  0.04  0.08 ] (asinh mag/square arcsec)
# GALAXY_SB_FLUX [ugriz] = [  6.366E-01  1.653E+00  5.814E+00  1.008E+01  1.341E+01 ] +/- [  3.805E-01  1.200E-01  2.174E-01  3.336E-01  1.023E+00 ] (microJy per square arcsec)
#FLAG  MJD       FILT  MAG     MERR  MSKYERR MGALERR  FLUX       FLUXERR    SKYERR     GALERR    NPRE TELE   RUN  STRIP  IDCCD
   32  53975.164983  1  24.351  0.735  0.825  1.268   4.904e-01   5.495e-01   6.127e-01   9.423e-01  7  sdss  6287  82S  6 
   32  53975.161667  2  24.617  1.019  0.872  2.303   1.486e-01   9.460e-01   7.073e-01   1.867e+00  7  sdss  6287  82S  6 
    0  53975.162496  3  24.691  1.117  1.093  2.359  -3.953e-01   1.599e+00   1.356e+00   2.926e+00  7  sdss  6287  82S  6 
    0  53975.164154  4  22.885  0.961  0.657  1.649  -2.565e-01   5.326e+00   3.210e+00   8.053e+00  7  sdss  6287  82S  6 
   32  53975.163325  0  23.580  1.309  0.217  2.714   1.236e+00   1.885e+00   3.184e-01   3.979e+00  6  sdss  6287  82S  6 
    0  53994.159421  1  24.404  0.678  0.368  0.870   4.517e-01   4.939e-01   2.658e-01   6.275e-01  7  sdss  6353  82S  6 
   32  53994.156105  2  24.547  0.914  0.619  1.570   2.059e-01   8.319e-01   5.085e-01   1.290e+00  7  sdss  6353  82S  6 
   32  53994.156934  3  23.909  0.941  0.755  1.413   5.519e-01   1.319e+00   9.757e-01   1.824e+00  7  sdss  6353  82S  6 
    0  53994.158592  4  23.033  0.831  0.585  1.214  -9.817e-01   4.504e+00   2.902e+00   6.022e+00  7  sdss  6353  82S  6 
    8  53994.157763  0  25.099  1.153  1.318  2.052  -4.306e-01   1.379e+00   1.373e+00   2.138e+00  6  sdss  6353  82S  6 
    0  53998.139052  1  24.402  0.665  0.265  0.781   4.531e-01   4.846e-01   1.911e-01   5.640e-01  7  sdss  6377  82S  6 
    0  53998.135736  2  25.285  0.858  0.437  1.272  -3.988e-01   8.042e-01   3.853e-01   1.120e+00  7  sdss  6377  82S  6 
   32  53998.136565  3  23.875  0.949  0.551  1.415   5.968e-01   1.342e+00   7.210e-01   1.852e+00  7  sdss  6377  82S  6 
    0  53998.138223  4  23.052  0.808  0.436  0.996  -1.075e+00   4.368e+00   2.170e+00   4.958e+00  7  sdss  6377  82S  6 
   32  53998.137394  0  23.505  1.016  0.088  1.230   1.351e+00   1.485e+00   1.364e-01   1.900e+00  6  sdss  6377  82S  6 
    0  54005.175726  1  24.584  0.695  0.387  0.706   3.272e-01   4.758e-01   2.561e-01   4.670e-01  7  sdss  6401  82S  6 
    0  54005.172409  2  25.842  0.711  0.384  0.981  -9.643e-01   8.278e-01   4.612e-01   1.179e+00  7  sdss  6401  82S  6 
    0  54005.173238  3  24.856  0.930  0.395  1.296  -6.051e-01   1.312e+00   5.178e-01   1.701e+00  7  sdss  6401  82S  6 
    0  54005.174896  4  23.042  0.777  0.608  0.982  -1.026e+00   4.169e+00   3.023e+00   4.881e+00  7  sdss  6401  82S  6 
    0  54005.174067  0  22.915  0.652  0.140  0.684   2.532e+00   1.476e+00   3.425e-01   1.679e+00  6  sdss  6401  82S  6 
    1  54008.129290  1  24.286  0.891  0.381  0.914   5.394e-01   6.906e-01   2.940e-01   7.047e-01  7  sdss  6417  82S  6 
   32  54008.125973  2  24.615  1.000  0.509  1.329   1.502e-01   9.238e-01   4.131e-01   1.078e+00  7  sdss  6417  82S  6 
   32  54008.126803  3  23.280  0.785  0.458  0.930   1.505e+00   1.385e+00   8.418e-01   1.709e+00  7  sdss  6417  82S  6 
   32  54008.128461  4  22.085  0.709  0.335  0.852   3.941e+00   4.358e+00   2.045e+00   5.198e+00  7  sdss  6417  82S  6 
    9  54008.127632  0  26.033  1.066  0.803  1.213  -1.703e+00   1.731e+00   1.446e+00   2.184e+00  6  sdss  6417  82S  6 
    1  54010.123522  1  23.185  0.554  0.117  0.281   1.842e+00   9.334e-01   2.112e-01   5.069e-01  7  sdss  6425  82S  6 
    1  54010.120205  2  23.124  0.571  0.115  0.438   1.943e+00   1.060e+00   2.271e-01   8.667e-01  7  sdss  6425  82S  6 
    0  54010.121034  3  24.524  1.197  0.378  1.089  -1.925e-01   1.731e+00   4.528e-01   1.304e+00  7  sdss  6425  82S  6 
    0  54010.122693  4  22.836  0.847  0.190  0.932  -1.487e-02   4.561e+00   9.252e-01   4.547e+00  7  sdss  6425  82S  6 
  129  54010.121863  0  24.981  1.541  0.997  1.527  -3.099e-01   2.064e+00   1.005e+00   1.538e+00  6  sdss  6425  82S  6 
    1  54012.116520  1  22.712  0.556  0.265  0.167   2.897e+00   1.413e+00   7.252e-01   4.570e-01  7  sdss  6433  82S  6 
    1  54012.113206  2  22.987  0.756  0.357  0.388   2.227e+00   1.504e+00   7.937e-01   8.618e-01  7  sdss  6433  82S  6 
    1  54012.114032  3  22.072  0.388  0.287  0.270   5.221e+00   1.875e+00   1.440e+00   1.357e+00  7  sdss  6433  82S  6 
    0  54012.115691  4  23.986  0.647  0.312  0.536  -6.739e+00   4.941e+00   2.478e+00   4.255e+00  7  sdss  6433  82S  6 
  129  54012.114862  0  25.327  1.945  0.931  1.346  -6.818e-01   3.131e+00   1.064e+00   1.539e+00  6  sdss  6433  82S  6 
    0  54020.121495  1  21.642  0.083  0.050  0.132   7.840e+00   6.022e-01   3.623e-01   9.630e-01  7  sdss  6447  82S  6 
    0  54020.118178  2  21.679  0.145  0.117  0.292   7.678e+00   1.040e+00   8.414e-01   2.099e+00  7  sdss  6447  82S  6 
   32  54020.119007  3  21.658  0.225  0.134  0.369   7.704e+00   1.620e+00   9.789e-01   2.692e+00  7  sdss  6447  82S  6 
   32  54020.120666  4  21.574  0.669  0.253  0.903   7.613e+00   5.464e+00   2.173e+00   7.767e+00  7  sdss  6447  82S  6 
  128  54020.119837  0  22.473  0.524  0.187  0.989   3.894e+00   1.769e+00   6.736e-01   3.563e+00  6  sdss  6447  82S  6 
  152  54022.170721  1  21.684  0.099  0.190  0.091   7.542e+00   6.876e-01   1.331e+00   6.335e-01  7  sdss  6453  82S  6 
   28  54022.167404  2  21.486  0.164  0.361  0.158   9.181e+00   1.393e+00   3.094e+00   1.353e+00  7  sdss  6453  82S  6 
    4  54022.168234  3  21.031  0.157  0.115  0.149   1.379e+01   2.012e+00   1.488e+00   1.921e+00  7  sdss  6453  82S  6 
    0  54022.169892  4  21.609  0.593  0.285  0.602   7.311e+00   4.766e+00   2.383e+00   5.041e+00  7  sdss  6453  82S  6 
  140  54022.169063  0  22.415  0.589  0.656  0.680   4.116e+00   2.058e+00   2.486e+00   2.580e+00  6  sdss  6453  82S  6 
 1158  54026.122867  1  21.534  2.107  2.653  0.384   8.663e+00   8.618e+00   2.129e+01   3.080e+00  7  sdss  6464  82S  6 
   34  54026.119550  2  21.488  0.150  0.137  0.412   9.163e+00   1.280e+00   1.174e+00   3.527e+00  7  sdss  6464  82S  6 
   34  54026.120379  3  20.995  0.167  0.310  0.535   1.425e+01   2.215e+00   4.143e+00   7.144e+00  7  sdss  6464  82S  6 
 1190  54026.122037  4  20.534  2.969  3.460  1.086   2.168e+01   4.606e+01   7.177e+01   2.253e+01  7  sdss  6464  82S  6 
    0  54028.111126  1  21.695  0.090  0.073  0.148   7.465e+00   6.228e-01   5.050e-01   1.025e+00  7  sdss  6468  82S  6 
    0  54028.107809  2  21.626  0.132  0.076  0.209   8.065e+00   9.944e-01   5.703e-01   1.579e+00  7  sdss  6468  82S  6 
   32  54028.108638  3  21.603  0.205  0.121  0.327   8.109e+00   1.550e+00   9.239e-01   2.510e+00  7  sdss  6468  82S  6 
   32  54028.110297  4  21.818  0.709  0.295  0.986   5.704e+00   4.968e+00   2.128e+00   7.107e+00  7  sdss  6468  82S  6 
  160  54028.109467  0  23.932  1.370  1.067  2.839   7.664e-01   1.821e+00   1.265e+00   3.365e+00  6  sdss  6468  82S  6 
    0  54030.114467  1  21.808  0.086  0.046  0.096   6.725e+00   5.348e-01   2.874e-01   5.974e-01  7  sdss  6479  82S  6 
    0  54030.111150  2  21.512  0.105  0.052  0.136   8.962e+00   8.766e-01   4.341e-01   1.142e+00  7  sdss  6479  82S  6 
    0  54030.111979  3  21.403  0.156  0.080  0.186   9.768e+00   1.424e+00   7.368e-01   1.711e+00  7  sdss  6479  82S  6 
   32  54030.113637  4  22.231  0.759  0.452  0.897   3.087e+00   4.428e+00   2.557e+00   5.077e+00  7  sdss  6479  82S  6 
   32  54030.112808  0  23.580  1.037  0.248  1.163   1.236e+00   1.464e+00   3.640e-01   1.705e+00  6  sdss  6479  82S  6 
   12  54032.103199  1  21.853  0.162  0.248  0.092   6.451e+00   9.638e-01   1.487e+00   5.511e-01  7  sdss  6488  82S  6 
    4  54032.099882  2  21.528  0.157  0.173  0.148   8.830e+00   1.287e+00   1.433e+00   1.222e+00  7  sdss  6488  82S  6 
   28  54032.100712  3  26.523  0.592  7.383  0.406  -4.615e+00   2.438e+00   3.298e+01   1.813e+00  7  sdss  6488  82S  6 
  156  54032.102370  4  20.161  0.289  1.440  0.177   3.078e+01   8.197e+00   4.179e+01   5.149e+00  7  sdss  6488  82S  6 
   12  54032.101541  0  26.470  1.667  1.302  0.881  -2.671e+00   3.311e+00   3.347e+00   2.262e+00  6  sdss  6488  82S  6 
    1  54037.094671  1  22.152  0.169  0.113  0.157   4.889e+00   7.644e-01   5.139e-01   7.132e-01  7  sdss  6508  82S  6 
    0  54037.091354  2  22.227  0.264  0.119  0.303   4.606e+00   1.129e+00   5.212e-01   1.323e+00  7  sdss  6508  82S  6 
    0  54037.092183  3  21.673  0.242  0.153  0.288   7.597e+00   1.715e+00   1.101e+00   2.068e+00  7  sdss  6508  82S  6 
    0  54037.093841  4  21.138  0.386  0.227  0.425   1.206e+01   4.585e+00   2.780e+00   5.200e+00  7  sdss  6508  82S  6 
  129  54037.093012  0  22.814  0.808  0.260  0.877   2.799e+00   1.912e+00   6.954e-01   2.346e+00  6  sdss  6508  82S  6 
    1  54040.109159  1  22.504  0.404  0.131  0.178   3.522e+00   1.281e+00   4.344e-01   5.893e-01  7  sdss  6518  82S  6 
    1  54040.105843  2  22.000  0.285  0.080  0.204   5.698e+00   1.496e+00   4.283e-01   1.095e+00  7  sdss  6518  82S  6 
    1  54040.106672  3  21.606  0.261  0.146  0.220   8.086e+00   1.961e+00   1.116e+00   1.680e+00  7  sdss  6518  82S  6 
    0  54040.108330  4  20.901  0.402  0.200  0.339   1.524e+01   5.804e+00   2.998e+00   5.080e+00  7  sdss  6518  82S  6 
  161  54040.107501  0  24.268  1.942  0.680  2.075   3.935e-01   3.080e+00   7.010e-01   2.138e+00  6  sdss  6518  82S  6 
 1157  54047.099193  1  22.973  3.032  2.436  0.456   2.261e+00   5.666e+00   5.285e+00   9.903e-01  7  sdss  6528  82S  6 
 1181  54047.095877  2  19.452  0.657  2.715  0.030   5.989e+01   3.273e+01   1.514e+02   1.648e+00  7  sdss  6528  82S  6 
 1181  54047.096706  3  27.966  4.164  6.939  0.151  -1.775e+01   3.476e+01   1.153e+02   2.512e+00  7  sdss  6528  82S  6 
 1188  54047.098364  4  21.429  3.445  5.686  0.699   8.920e+00   6.373e+01   5.471e+01   6.722e+00  7  sdss  6528  82S  6 
    0  54050.092800  1  23.562  0.475  0.367  0.722   1.264e+00   5.963e-01   4.791e-01   9.440e-01  7  sdss  6542  82S  6 
   32  54050.089484  2  22.391  0.305  0.194  0.541   3.948e+00   1.120e+00   7.305e-01   2.034e+00  7  sdss  6542  82S  6 
   32  54050.090313  3  21.842  0.297  0.223  0.466   6.486e+00   1.790e+00   1.374e+00   2.876e+00  7  sdss  6542  82S  6 
   32  54050.091971  4  21.663  0.750  0.560  0.902   6.873e+00   5.733e+00   4.505e+00   7.251e+00  7  sdss  6542  82S  6 
   40  54050.091142  0  24.037  1.400  1.602  3.115   6.434e-01   1.844e+00   1.803e+00   3.506e+00  6  sdss  6542  82S  6 
    0  54053.098579  1  24.030  0.726  0.598  1.369   7.531e-01   6.374e-01   5.445e-01   1.248e+00  7  sdss  6555  82S  6 
   34  54053.095262  2  22.282  0.288  0.262  0.656   4.374e+00   1.168e+00   1.089e+00   2.721e+00  7  sdss  6555  82S  6 
   32  54053.096091  3  22.281  0.476  0.475  0.877   4.277e+00   1.879e+00   1.980e+00   3.654e+00  7  sdss  6555  82S  6 
    0  54053.097749  4  24.222  0.720  0.568  1.074  -8.779e+00   6.379e+00   5.403e+00   1.022e+01  7  sdss  6555  82S  6 
  130  54053.096920  0  25.881  1.433  0.463  3.824  -1.440e+00   2.190e+00   7.431e-01   6.146e+00  6  sdss  6555  82S  6 
  128  54056.099904  1  23.100  0.468  0.593  1.056   2.001e+00   8.625e-01   1.151e+00   2.049e+00  7  sdss  6568  82S  6 
  160  54056.096587  2  23.505  0.831  0.474  1.371   1.301e+00   1.119e+00   6.871e-01   1.989e+00  7  sdss  6568  82S  6 
  128  54056.097416  3  24.556  1.328  1.873  3.247  -2.304e-01   2.006e+00   2.255e+00   3.907e+00  7  sdss  6568  82S  6 
   32  54056.099075  4  21.927  1.124  0.562  1.969   4.948e+00   7.578e+00   3.764e+00   1.320e+01  7  sdss  6568  82S  6 
 1158  54056.098245  0  27.237  0.964  0.804  2.523  -5.567e+00   3.968e+00   4.061e+00   1.275e+01  6  sdss  6568  82S  6 
    0  54057.068481  1  23.791  0.545  0.417  0.752   9.915e-01   5.695e-01   4.535e-01   8.192e-01  7  sdss  6571  82S  6 
   32  54057.065164  2  22.512  0.321  0.150  0.525   3.521e+00   1.056e+00   5.056e-01   1.771e+00  7  sdss  6571  82S  6 
   32  54057.065993  3  22.537  0.533  0.328  0.719   3.332e+00   1.671e+00   1.092e+00   2.393e+00  7  sdss  6571  82S  6 
   32  54057.067651  4  21.774  0.749  0.400  0.838   6.023e+00   5.371e+00   2.968e+00   6.221e+00  7  sdss  6571  82S  6 
   32  54057.066822  0  23.352  1.091  0.528  1.642   1.607e+00   1.719e+00   9.129e-01   2.838e+00  6  sdss  6571  82S  6 
    0  54059.093885  1  24.061  0.805  0.790  1.619   7.253e-01   6.922e-01   7.046e-01   1.444e+00  7  sdss  6580  82S  6 
   32  54059.090569  2  23.679  0.900  0.492  1.578   1.066e+00   1.088e+00   6.260e-01   2.011e+00  7  sdss  6580  82S  6 
   32  54059.091398  3  22.242  0.447  0.330  0.824   4.440e+00   1.839e+00   1.423e+00   3.555e+00  7  sdss  6580  82S  6 
   32  54059.093056  4  22.205  0.946  0.327  1.502   3.233e+00   5.705e+00   1.872e+00   8.605e+00  7  sdss  6580  82S  6 
   10  54059.092227  0  25.182  1.539  3.376  4.518  -5.192e-01   2.092e+00   3.623e+00   4.850e+00  6  sdss  6580  82S  6 
    0  54061.105109  1  23.552  0.543  0.560  0.966   1.277e+00   6.795e-01   7.380e-01   1.274e+00  7  sdss  6590  82S  6 
   32  54061.101792  2  23.377  0.821  0.530  1.348   1.495e+00   1.205e+00   8.501e-01   2.163e+00  7  sdss  6590  82S  6 
   32  54061.102621  3  23.181  1.099  1.371  1.612   1.690e+00   2.021e+00   2.706e+00   3.181e+00  7  sdss  6590  82S  6 
   32  54061.104280  4  21.864  0.998  0.734  1.253   5.374e+00   6.834e+00   5.131e+00   8.753e+00  7  sdss  6590  82S  6 
   40  54061.103451  0  22.971  1.056  1.375  1.893   2.395e+00   2.106e+00   3.222e+00   4.435e+00  6  sdss  6590  82S  6 
    0  54062.098477  1  23.734  0.708  0.831  1.492   1.055e+00   7.530e-01   9.454e-01   1.699e+00  7  sdss  6596  82S  6 
   34  54062.095160  2  23.116  0.738  0.644  1.548   1.958e+00   1.332e+00   1.283e+00   3.082e+00  7  sdss  6596  82S  6 
   34  54062.095989  3  22.412  0.659  0.474  1.249   3.766e+00   2.228e+00   1.760e+00   4.635e+00  7  sdss  6596  82S  6 
    0  54062.097648  4  23.693  1.131  0.923  1.843  -4.648e+00   7.517e+00   6.014e+00   1.201e+01  7  sdss  6596  82S  6 
   34  54062.096819  0  22.832  1.232  1.267  2.829   2.750e+00   2.611e+00   3.337e+00   7.451e+00  6  sdss  6596  82S  6 
   35  54068.087994  1  25.112  1.851  1.328  2.796   3.753e-03   1.700e+00   7.821e-01   1.647e+00  7  sdss  6615  82S  6 
   35  54068.084677  2  23.421  1.370  1.105  1.895   1.426e+00   1.868e+00   1.712e+00   2.935e+00  7  sdss  6615  82S  6 
    2  54068.085506  3  25.879  1.096  1.466  1.734  -2.440e+00   2.435e+00   3.764e+00   4.452e+00  7  sdss  6615  82S  6 
    0  54068.087165  4  23.283  1.180  1.064  2.303  -2.258e+00   7.192e+00   5.646e+00   1.223e+01  7  sdss  6615  82S  6 
    3  54068.086335  0  21.716  0.818  0.161  0.933   7.925e+00   4.960e+00   1.148e+00   6.646e+00  6  sdss  6615  82S  6 
