# SDSS CID:  13390 IAU:          RA: 337.303833 DEC:   0.570283  (J2000)
# GALAXY_SB [ugriz] = [ 25.00 24.36 23.90 23.22 22.34 ] +/- [  0.36  0.13  0.10  0.08  0.10 ] (asinh mag/square arcsec)
# GALAXY_SB_FLUX [ugriz] = [ -3.621E-01  4.837E-01  8.094E-01  1.623E+00  2.466E+00 ] +/- [  3.679E-01  9.287E-02  1.119E-01  1.567E-01  5.318E-01 ] (microJy per square arcsec)
#FLAG  MJD       FILT  MAG     MERR  MSKYERR MGALERR  FLUX       FLUXERR    SKYERR     GALERR    NPRE TELE   RUN  STRIP  IDCCD
    0  53975.241922  1  22.770  0.214  0.059  0.249   2.744e+00   5.499e-01   1.533e-01   6.477e-01  10  sdss  6287  82S  5 
    0  53975.238605  2  22.622  0.257  0.104  0.162   3.172e+00   7.695e-01   3.174e-01   4.947e-01  11  sdss  6287  82S  5 
    0  53975.239434  3  22.347  0.363  0.132  0.206   4.012e+00   1.373e+00   5.161e-01   8.060e-01  11  sdss  6287  82S  5 
    0  53975.241092  4  22.034  0.714  0.330  0.460   4.255e+00   4.484e+00   2.071e+00   2.887e+00  10  sdss  6287  82S  5 
    0  53975.240263  0  22.532  0.508  0.102  0.801   3.680e+00   1.661e+00   3.539e-01   2.784e+00  8  sdss  6287  82S  5 
    0  53993.309663  1  22.558  0.195  0.038  0.141   3.350e+00   6.098e-01   1.185e-01   4.443e-01  10  sdss  6348  82S  5 
    0  53993.306346  2  22.455  0.218  0.085  0.112   3.717e+00   7.622e-01   2.993e-01   3.948e-01  11  sdss  6348  82S  5 
    0  53993.307175  3  22.601  0.396  0.098  0.179   3.129e+00   1.200e+00   3.076e-01   5.595e-01  11  sdss  6348  82S  5 
    0  53993.308834  4  21.948  0.553  0.061  0.318   4.811e+00   3.622e+00   4.011e-01   2.100e+00  10  sdss  6348  82S  5 
    8  53993.308005  0  22.420  0.431  0.202  0.444   4.095e+00   1.580e+00   7.747e-01   1.704e+00  8  sdss  6348  82S  5 
    0  53996.248471  1  22.781  0.215  0.196  0.241   2.715e+00   5.465e-01   5.047e-01   6.201e-01  10  sdss  6367  82S  5 
    0  53996.245154  2  22.489  0.235  0.099  0.187   3.600e+00   7.933e-01   3.398e-01   6.408e-01  11  sdss  6367  82S  5 
    0  53996.245983  3  22.655  0.422  0.050  0.266   2.965e+00   1.218e+00   1.510e-01   7.947e-01  11  sdss  6367  82S  5 
    8  53996.247642  4  21.548  0.406  0.308  0.288   7.835e+00   3.474e+00   2.693e+00   2.522e+00  10  sdss  6367  82S  5 
    0  53996.246812  0  23.359  0.972  0.212  1.297   1.594e+00   1.551e+00   3.697e-01   2.258e+00  8  sdss  6367  82S  5 
    0  53998.216895  1  22.635  0.171  0.075  0.131   3.116e+00   4.983e-01   2.217e-01   3.838e-01  10  sdss  6377  82S  5 
    0  53998.213578  2  22.175  0.165  0.047  0.100   4.837e+00   7.445e-01   2.159e-01   4.546e-01  11  sdss  6377  82S  5 
    0  53998.214407  3  22.609  0.395  0.116  0.208   3.104e+00   1.190e+00   3.618e-01   6.473e-01  11  sdss  6377  82S  5 
    0  53998.216066  4  21.600  0.437  0.148  0.270   7.391e+00   3.593e+00   1.247e+00   2.272e+00  10  sdss  6377  82S  5 
    8  53998.215237  0  22.382  0.380  0.231  0.464   4.246e+00   1.455e+00   9.182e-01   1.844e+00  8  sdss  6377  82S  5 
    0  54005.247018  1  22.523  0.156  0.094  0.122   3.462e+00   5.035e-01   3.063e-01   3.955e-01  10  sdss  6402  82S  5 
    0  54005.243701  2  22.333  0.190  0.079  0.116   4.170e+00   7.437e-01   3.114e-01   4.569e-01  11  sdss  6402  82S  5 
    0  54005.244530  3  22.331  0.302  0.086  0.142   4.075e+00   1.171e+00   3.403e-01   5.613e-01  11  sdss  6402  82S  5 
    0  54005.246189  4  21.438  0.378  0.120  0.203   8.832e+00   3.520e+00   1.143e+00   1.941e+00  10  sdss  6402  82S  5 
    0  54005.245360  0  23.248  0.862  0.036  0.870   1.799e+00   1.493e+00   6.868e-02   1.651e+00  8  sdss  6402  82S  5 
    0  54008.207459  1  22.824  0.298  0.273  0.220   2.607e+00   7.216e-01   6.769e-01   5.452e-01  10  sdss  6417  82S  5 
    0  54008.204142  2  22.251  0.226  0.127  0.175   4.505e+00   9.480e-01   5.400e-01   7.439e-01  11  sdss  6417  82S  5 
    8  54008.204971  3  22.516  0.422  0.697  0.225   3.403e+00   1.369e+00   2.348e+00   7.573e-01  11  sdss  6417  82S  5 
    8  54008.206629  4  21.552  0.488  0.525  0.319   7.800e+00   4.129e+00   4.587e+00   2.781e+00  10  sdss  6417  82S  5 
    0  54008.205800  0  23.854  1.458  0.120  2.169   8.611e-01   2.017e+00   1.492e-01   2.700e+00  8  sdss  6417  82S  5 
    1  54010.201751  1  22.702  0.323  0.088  0.140   2.925e+00   8.691e-01   2.443e-01   3.872e-01  10  sdss  6425  82S  5 
    1  54010.198434  2  22.598  0.311  0.101  0.130   3.246e+00   9.435e-01   3.136e-01   4.052e-01  11  sdss  6425  82S  5 
    0  54010.199263  3  22.845  0.555  0.139  0.223   2.439e+00   1.343e+00   3.549e-01   5.701e-01  11  sdss  6425  82S  5 
    0  54010.200922  4  21.952  0.546  0.136  0.294   4.785e+00   3.570e+00   8.966e-01   1.940e+00  10  sdss  6425  82S  5 
    9  54010.200092  0  22.646  0.712  0.311  0.516   3.297e+00   2.010e+00   9.768e-01   1.621e+00  8  sdss  6425  82S  5 
    1  54012.194802  1  22.548  0.491  0.108  0.087   3.381e+00   1.469e+00   3.440e-01   2.776e-01  10  sdss  6433  82S  5 
    1  54012.191485  2  23.060  0.773  0.147  0.134   2.071e+00   1.441e+00   3.052e-01   2.782e-01  11  sdss  6433  82S  5 
    1  54012.192314  3  22.083  0.361  0.091  0.075   5.166e+00   1.725e+00   4.482e-01   3.680e-01  11  sdss  6433  82S  5 
    0  54012.193973  4  21.659  0.538  0.043  0.184   6.909e+00   4.207e+00   3.483e-01   1.484e+00  10  sdss  6433  82S  5 
    1  54012.193144  0  21.789  0.474  0.054  0.159   7.401e+00   3.033e+00   3.633e-01   1.077e+00  8  sdss  6433  82S  5 
    0  54020.199982  1  22.523  0.195  0.082  0.138   3.462e+00   6.291e-01   2.668e-01   4.499e-01  10  sdss  6447  82S  5 
    0  54020.196666  2  22.619  0.279  0.099  0.151   3.181e+00   8.366e-01   3.031e-01   4.619e-01  11  sdss  6447  82S  5 
    0  54020.197495  3  22.834  0.545  0.113  0.237   2.468e+00   1.335e+00   2.908e-01   6.102e-01  11  sdss  6447  82S  5 
    0  54020.199153  4  21.916  0.619  0.170  0.301   5.023e+00   4.116e+00   1.147e+00   2.034e+00  10  sdss  6447  82S  5 
    8  54020.198324  0  22.632  0.537  0.224  0.578   3.342e+00   1.601e+00   7.138e-01   1.839e+00  8  sdss  6447  82S  5 
  152  54022.249253  1  22.455  0.140  0.220  0.077   3.689e+00   4.830e-01   7.618e-01   2.661e-01  10  sdss  6453  82S  5 
   24  54022.245936  2  21.916  0.131  0.427  0.069   6.158e+00   7.486e-01   2.461e+00   3.989e-01  11  sdss  6453  82S  5 
    0  54022.246766  3  22.359  0.304  0.082  0.122   3.966e+00   1.147e+00   3.178e-01   4.705e-01  11  sdss  6453  82S  5 
    0  54022.248424  4  21.471  0.347  0.086  0.136   8.523e+00   3.161e+00   7.961e-01   1.268e+00  10  sdss  6453  82S  5 
  136  54022.247595  0  23.821  1.014  0.401  1.019   9.033e-01   1.306e+00   5.091e-01   1.293e+00  8  sdss  6453  82S  5 
    0  54028.190199  1  22.727  0.200  0.120  0.181   2.858e+00   5.357e-01   3.248e-01   4.896e-01  10  sdss  6468  82S  5 
    0  54028.186883  2  22.159  0.188  0.085  0.117   4.910e+00   8.606e-01   3.925e-01   5.382e-01  11  sdss  6468  82S  5 
    0  54028.187712  3  22.311  0.352  0.167  0.182   4.154e+00   1.375e+00   6.728e-01   7.335e-01  11  sdss  6468  82S  5 
    0  54028.189370  4  21.179  0.372  0.085  0.210   1.157e+01   4.267e+00   1.002e+00   2.476e+00  10  sdss  6468  82S  5 
    0  54028.188541  0  22.353  0.409  0.057  0.443   4.365e+00   1.598e+00   2.335e-01   1.804e+00  8  sdss  6468  82S  5 
    0  54030.193146  1  22.689  0.177  0.084  0.119   2.961e+00   4.915e-01   2.347e-01   3.330e-01  10  sdss  6479  82S  5 
    0  54030.189829  2  22.548  0.236  0.068  0.119   3.404e+00   7.576e-01   2.215e-01   3.873e-01  11  sdss  6479  82S  5 
    0  54030.190658  3  22.269  0.293  0.070  0.120   4.326e+00   1.199e+00   2.906e-01   5.029e-01  11  sdss  6479  82S  5 
    0  54030.192317  4  21.566  0.410  0.082  0.190   7.679e+00   3.462e+00   7.116e-01   1.640e+00  10  sdss  6479  82S  5 
    8  54030.191487  0  23.520  1.036  0.287  0.902   1.328e+00   1.515e+00   4.429e-01   1.395e+00  8  sdss  6479  82S  5 
    2  54035.268477  1  22.566  0.255  0.319  0.418   3.325e+00   7.846e-01   9.969e-01   1.307e+00  10  sdss  6501  82S  5 
    0  54035.265161  2  22.902  0.579  0.474  0.593   2.421e+00   1.282e+00   1.129e+00   1.411e+00  11  sdss  6501  82S  5 
    0  54035.265990  3  21.950  0.352  0.191  0.326   5.858e+00   1.897e+00   1.061e+00   1.814e+00  11  sdss  6501  82S  5 
    0  54035.267648  4  21.863  0.872  0.333  0.785   5.384e+00   5.951e+00   2.326e+00   5.481e+00  10  sdss  6501  82S  5 
   10  54035.266819  0  24.293  1.933  2.355  7.051   3.677e-01   3.051e+00   2.413e+00   7.225e+00  8  sdss  6501  82S  5 
    1  54037.173873  1  22.852  0.276  0.161  0.154   2.539e+00   6.549e-01   3.900e-01   3.730e-01  10  sdss  6508  82S  5 
    0  54037.170557  2  22.203  0.209  0.102  0.106   4.711e+00   9.147e-01   4.514e-01   4.682e-01  11  sdss  6508  82S  5 
    8  54037.171386  3  22.305  0.341  0.309  0.146   4.178e+00   1.345e+00   1.253e+00   5.904e-01  11  sdss  6508  82S  5 
    0  54037.173044  4  22.464  0.724  0.306  0.353   1.835e+00   3.951e+00   1.579e+00   1.824e+00  10  sdss  6508  82S  5 
    8  54037.172215  0  21.999  0.299  0.132  0.278   6.084e+00   1.636e+00   7.390e-01   1.558e+00  8  sdss  6508  82S  5 
    1  54040.187961  1  22.291  0.490  0.129  0.134   4.299e+00   1.850e+00   5.168e-01   5.397e-01  10  sdss  6518  82S  5 
    1  54040.184645  2  22.594  0.713  0.241  0.205   3.258e+00   1.984e+00   7.511e-01   6.384e-01  11  sdss  6518  82S  5 
    1  54040.185474  3  22.482  0.796  0.244  0.236   3.518e+00   2.440e+00   8.464e-01   8.190e-01  11  sdss  6518  82S  5 
    1  54040.187132  4  23.006  1.046  0.339  0.568  -8.508e-01   5.965e+00   1.674e+00   2.804e+00  10  sdss  6518  82S  5 
    1  54040.186303  0  24.749  2.294  1.204  3.155  -8.107e-02   4.289e+00   1.170e+00   3.065e+00  8  sdss  6518  82S  5 
    2  54050.171651  1  22.691  0.297  0.361  0.612   2.956e+00   8.122e-01   1.009e+00   1.709e+00  10  sdss  6542  82S  5 
   34  54050.168334  2  23.440  0.853  0.700  1.065   1.397e+00   1.190e+00   1.064e+00   1.619e+00  11  sdss  6542  82S  5 
    2  54050.169163  3  22.097  0.418  0.311  0.445   5.098e+00   1.950e+00   1.515e+00   2.169e+00  11  sdss  6542  82S  5 
    2  54050.170822  4  21.793  0.983  0.920  1.038   5.880e+00   6.941e+00   6.734e+00   7.597e+00  10  sdss  6542  82S  5 
   10  54050.169992  0  25.912  1.639  2.385  4.260  -1.490e+00   2.626e+00   3.967e+00   7.084e+00  8  sdss  6542  82S  5 
    0  54053.177429  1  22.593  0.204  0.127  0.268   3.241e+00   6.169e-01   3.864e-01   8.180e-01  10  sdss  6555  82S  5 
    0  54053.174113  2  22.736  0.359  0.240  0.349   2.844e+00   9.571e-01   6.603e-01   9.598e-01  11  sdss  6555  82S  5 
    0  54053.174942  3  22.785  0.627  0.396  0.523   2.595e+00   1.570e+00   1.063e+00   1.401e+00  11  sdss  6555  82S  5 
   32  54053.176600  4  22.793  0.903  0.813  0.893   1.932e-01   4.932e+00   3.968e+00   4.356e+00  10  sdss  6555  82S  5 
    2  54053.175771  0  22.929  0.956  0.063  2.109   2.498e+00   2.031e+00   1.559e-01   5.197e+00  8  sdss  6555  82S  5 
  130  54056.178747  1  22.365  0.283  0.481  0.621   4.012e+00   1.039e+00   1.808e+00   2.330e+00  10  sdss  6568  82S  5 
  130  54056.175430  2  22.934  0.653  0.496  0.805   2.347e+00   1.385e+00   1.150e+00   1.864e+00  11  sdss  6568  82S  5 
   32  54056.176259  3  22.869  0.757  0.584  0.619   2.380e+00   1.740e+00   1.463e+00   1.549e+00  11  sdss  6568  82S  5 
   32  54056.177917  4  22.827  1.042  0.633  1.132   2.865e-02   5.901e+00   3.085e+00   5.522e+00  10  sdss  6568  82S  5 
    2  54056.177088  0  24.606  1.741  0.576  5.880   5.776e-02   2.510e+00   5.590e-01   5.705e+00  8  sdss  6568  82S  5 
    0  54057.147319  1  22.679  0.188  0.028  0.158   2.989e+00   5.260e-01   7.821e-02   4.471e-01  10  sdss  6571  82S  5 
    0  54057.144002  2  22.317  0.214  0.070  0.139   4.234e+00   8.476e-01   2.808e-01   5.577e-01  11  sdss  6571  82S  5 
    0  54057.144831  3  22.990  0.603  0.114  0.256   2.092e+00   1.301e+00   2.597e-01   5.813e-01  11  sdss  6571  82S  5 
    0  54057.146489  4  21.546  0.459  0.162  0.213   7.852e+00   3.911e+00   1.420e+00   1.870e+00  10  sdss  6571  82S  5 
    0  54057.145660  0  23.332  0.931  0.068  1.020   1.642e+00   1.514e+00   1.204e-01   1.813e+00  8  sdss  6571  82S  5 
    0  54059.173142  1  22.721  0.219  0.037  0.237   2.874e+00   5.879e-01   9.934e-02   6.449e-01  10  sdss  6580  82S  5 
    0  54059.169825  2  22.514  0.291  0.236  0.263   3.515e+00   9.560e-01   7.923e-01   8.832e-01  11  sdss  6580  82S  5 
    0  54059.170654  3  22.389  0.445  0.282  0.372   3.853e+00   1.600e+00   1.060e+00   1.400e+00  11  sdss  6580  82S  5 
    0  54059.172313  4  21.350  0.426  0.144  0.279   9.695e+00   4.224e+00   1.477e+00   2.856e+00  10  sdss  6580  82S  5 
  128  54059.171484  0  22.910  0.932  0.088  1.654   2.544e+00   2.018e+00   2.207e-01   4.140e+00  8  sdss  6580  82S  5 
    0  54061.183921  1  22.381  0.177  0.126  0.232   3.953e+00   6.507e-01   4.677e-01   8.581e-01  10  sdss  6590  82S  5 
  128  54061.180604  2  22.502  0.295  0.150  0.263   3.556e+00   9.778e-01   5.078e-01   8.920e-01  11  sdss  6590  82S  5 
    0  54061.181433  3  22.270  0.371  0.144  0.225   4.321e+00   1.501e+00   6.025e-01   9.413e-01  11  sdss  6590  82S  5 
    0  54061.183091  4  23.183  0.909  0.363  0.719  -1.739e+00   5.113e+00   1.866e+00   3.693e+00  10  sdss  6590  82S  5 
    0  54061.182262  0  23.059  1.033  0.069  1.698   2.190e+00   1.974e+00   1.526e-01   3.754e+00  8  sdss  6590  82S  5 
    0  54062.177708  1  22.263  0.181  0.159  0.280   4.412e+00   7.388e-01   6.549e-01   1.155e+00  10  sdss  6596  82S  5 
    0  54062.174391  2  22.400  0.292  0.180  0.275   3.916e+00   1.060e+00   6.694e-01   1.022e+00  11  sdss  6596  82S  5 
  128  54062.175220  3  22.288  0.453  0.270  0.363   4.247e+00   1.775e+00   1.109e+00   1.494e+00  11  sdss  6596  82S  5 
    0  54062.176879  4  21.408  0.647  0.449  0.497   9.119e+00   5.942e+00   4.386e+00   4.858e+00  10  sdss  6596  82S  5 
    0  54062.176049  0  22.431  0.640  0.056  1.213   4.053e+00   2.213e+00   2.119e-01   4.613e+00  8  sdss  6596  82S  5 
    3  54068.166735  1  22.332  0.644  0.371  0.328   4.137e+00   2.246e+00   1.436e+00   1.267e+00  10  sdss  6615  82S  5 
    3  54068.163419  2  22.328  0.724  0.773  0.433   4.190e+00   2.533e+00   3.065e+00   1.715e+00  11  sdss  6615  82S  5 
    1  54068.164248  3  21.889  0.517  0.557  0.317   6.204e+00   2.838e+00   3.272e+00   1.863e+00  11  sdss  6615  82S  5 
   32  54068.165906  4  22.393  1.133  0.697  0.961   2.203e+00   6.809e+00   3.685e+00   5.082e+00  10  sdss  6615  82S  5 
    3  54068.165077  0  22.051  1.280  0.295  0.964   5.795e+00   4.967e+00   1.577e+00   5.152e+00  8  sdss  6615  82S  5 
