# SDSS CID:   8991 IAU:          RA:  41.280136 DEC:  -0.042507  (J2000)
# GALAXY_SB [ugriz] = [ 22.37 22.03 21.88 21.63 21.37 ] +/- [  0.06  0.02  0.02  0.02  0.04 ] (asinh mag/square arcsec)
# GALAXY_SB_FLUX [ugriz] = [  4.182E+00  5.436E+00  6.351E+00  7.905E+00  9.404E+00 ] +/- [  2.560E-01  8.459E-02  9.066E-02  1.149E-01  3.843E-01 ] (microJy per square arcsec)
#FLAG  MJD       FILT  MAG     MERR  MSKYERR MGALERR  FLUX       FLUXERR    SKYERR     GALERR    NPRE TELE   RUN  STRIP  IDCCD
    0  53616.427104  1  25.841  0.849  1.223  0.929  -4.576e-01   6.276e-01   8.833e-01   6.712e-01  20  sdss  5566  82N  3 
   32  53616.423787  2  23.656  0.908  1.437  0.559   1.096e+00   1.105e+00   1.849e+00   7.198e-01  22  sdss  5566  82N  3 
    0  53616.424616  3  24.800  0.985  1.246  0.626  -5.332e-01   1.388e+00   1.598e+00   8.029e-01  23  sdss  5566  82N  3 
    0  53616.426275  4  23.936  0.586  0.599  0.269  -6.353e+00   4.342e+00   4.569e+00   2.050e+00  22  sdss  5566  82N  3 
   32  53616.425445  0  23.242  1.060  0.332  1.058   1.810e+00   1.787e+00   6.278e-01   2.002e+00  14  sdss  5566  82N  3 
  160  53626.404454  1  24.185  0.919  1.524  1.161   6.197e-01   7.414e-01   1.246e+00   9.489e-01  20  sdss  5603  82N  3 
 1054  53626.401137  2  28.686  0.293  3.131  0.113  -1.550e+01   4.090e+00   4.475e+01   1.612e+00  22  sdss  5603  82N  3 
    2  53626.401966  3  24.879  1.175  4.361  1.546  -6.357e-01   1.754e+00   5.761e+00   2.043e+00  23  sdss  5603  82N  3 
 1184  53626.403625  4  21.324  0.577  0.729  0.567   9.962e+00   5.682e+00   7.589e+00   5.908e+00  22  sdss  5603  82N  3 
  128  53626.402796  0  25.711  1.279  0.881  1.956  -1.177e+00   1.815e+00   1.263e+00   2.804e+00  14  sdss  5603  82N  3 
   33  53628.389170  1  24.394  1.247  1.476  0.841   4.589e-01   9.805e-01   1.068e+00   6.080e-01  20  sdss  5610  82N  3 
   32  53628.385853  2  23.285  0.699  0.727  0.319   1.646e+00   1.108e+00   1.244e+00   5.470e-01  22  sdss  5610  82N  3 
   32  53628.386682  3  22.803  0.656  0.625  0.271   2.548e+00   1.606e+00   1.647e+00   7.135e-01  23  sdss  5610  82N  3 
    0  53628.388341  4  23.851  0.713  0.616  0.300  -5.724e+00   4.987e+00   4.429e+00   2.156e+00  22  sdss  5610  82N  3 
    1  53628.387511  0  24.986  1.738  1.437  2.091  -3.154e-01   2.518e+00   1.451e+00   2.111e+00  14  sdss  5610  82N  3 
    1  53635.398398  1  25.731  1.317  0.616  0.374  -3.805e-01   1.030e+00   4.216e-01   2.561e-01  20  sdss  5622  82N  3 
    1  53635.395081  2  24.837  1.163  0.525  0.298  -2.795e-02   1.118e+00   4.193e-01   2.379e-01  22  sdss  5622  82N  3 
   33  53635.395910  3  24.158  0.969  0.476  0.197   2.434e-01   1.318e+00   5.736e-01   2.372e-01  23  sdss  5622  82N  3 
    0  53635.397569  4  23.720  0.537  0.210  0.140  -4.824e+00   3.512e+00   1.387e+00   9.241e-01  22  sdss  5622  82N  3 
   33  53635.396739  0  23.883  1.647  0.376  0.714   8.261e-01   2.397e+00   4.595e-01   8.716e-01  14  sdss  5622  82N  3 
   32  53639.436915  1  24.817  0.995  0.873  0.851   1.797e-01   6.840e-01   5.338e-01   5.204e-01  20  sdss  5642  82N  3 
   32  53639.433598  2  24.726  1.019  1.195  0.413   6.085e-02   9.399e-01   9.574e-01   3.306e-01  22  sdss  5642  82N  3 
   32  53639.434427  3  24.055  0.887  0.862  0.388   3.686e-01   1.198e+00   1.062e+00   4.779e-01  23  sdss  5642  82N  3 
    0  53639.436086  4  22.852  0.703  0.636  0.318  -9.281e-02   3.674e+00   3.101e+00   1.550e+00  22  sdss  5642  82N  3 
   32  53639.435256  0  22.951  0.878  0.355  0.741   2.442e+00   1.854e+00   8.506e-01   1.777e+00  14  sdss  5642  82N  3 
   32  53641.436195  1  24.472  0.883  0.960  0.775   4.033e-01   6.387e-01   6.670e-01   5.386e-01  20  sdss  5658  82N  3 
    0  53641.432877  2  26.267  0.539  0.703  0.307  -1.559e+00   8.452e-01   1.154e+00   5.042e-01  22  sdss  5658  82N  3 
   32  53641.433707  3  23.722  0.851  0.871  0.414   8.032e-01   1.232e+00   1.217e+00   5.785e-01  23  sdss  5658  82N  3 
   32  53641.435365  4  22.590  0.753  1.038  0.409   1.192e+00   4.038e+00   5.192e+00   2.045e+00  22  sdss  5658  82N  3 
  160  53641.434536  0  24.233  1.436  0.354  1.591   4.303e-01   1.869e+00   3.696e-01   1.660e+00  14  sdss  5658  82N  3 
   32  53644.384476  1  23.596  0.432  0.279  0.247   1.221e+00   5.277e-01   3.524e-01   3.117e-01  20  sdss  5670  82N  3 
   32  53644.381158  2  23.469  0.516  0.448  0.199   1.353e+00   7.348e-01   6.629e-01   2.945e-01  22  sdss  5670  82N  3 
   32  53644.381988  3  23.057  0.540  0.361  0.157   1.945e+00   1.117e+00   7.764e-01   3.373e-01  23  sdss  5670  82N  3 
    0  53644.383646  4  23.192  0.577  0.370  0.211  -1.784e+00   3.073e+00   1.906e+00   1.086e+00  22  sdss  5670  82N  3 
   32  53644.382817  0  23.779  1.291  0.428  0.776   9.575e-01   1.748e+00   5.545e-01   1.006e+00  14  sdss  5670  82N  3 
   33  53657.395683  1  22.611  0.383  0.489  0.229   3.186e+00   1.096e+00   1.453e+00   6.807e-01  20  sdss  5731  82N  3 
   33  53657.392368  2  24.485  1.415  2.944  1.129   2.571e-01   1.496e+00   2.453e+00   9.409e-01  22  sdss  5731  82N  3 
   32  53657.393198  3  22.315  0.485  0.714  0.245   4.140e+00   1.837e+00   2.856e+00   9.807e-01  23  sdss  5731  82N  3 
   32  53657.394856  4  22.569  0.973  0.777  0.537   1.301e+00   5.485e+00   3.903e+00   2.698e+00  22  sdss  5731  82N  3 
   33  53657.394027  0  21.993  0.518  0.249  0.522   6.122e+00   2.705e+00   1.390e+00   2.919e+00  14  sdss  5731  82N  3 
   33  53663.380333  1  24.151  1.427  0.545  0.433   6.480e-01   1.237e+00   4.550e-01   3.619e-01  20  sdss  5744  82N  3 
   33  53663.377016  2  23.633  0.963  0.569  0.237   1.126e+00   1.184e+00   7.453e-01   3.097e-01  22  sdss  5744  82N  3 
   33  53663.377846  3  23.871  1.024  0.666  0.294   6.011e-01   1.470e+00   8.703e-01   3.841e-01  23  sdss  5744  82N  3 
   32  53663.379504  4  21.987  0.726  0.381  0.230   4.557e+00   4.654e+00   2.457e+00   1.482e+00  22  sdss  5744  82N  3 
   33  53663.378675  0  22.716  1.628  0.274  0.482   3.082e+00   3.523e+00   8.032e-01   1.414e+00  14  sdss  5744  82N  3 
   33  53666.450506  1  23.300  0.654  0.277  0.265   1.646e+00   9.709e-01   4.486e-01   4.287e-01  20  sdss  5765  82N  3 
   33  53666.447189  2  23.225  0.623  0.427  0.208   1.751e+00   1.049e+00   7.688e-01   3.738e-01  22  sdss  5765  82N  3 
   32  53666.448019  3  23.477  0.844  0.533  0.278   1.168e+00   1.341e+00   8.528e-01   4.446e-01  23  sdss  5765  82N  3 
   32  53666.449677  4  22.192  0.710  0.304  0.229   3.307e+00   4.172e+00   1.747e+00   1.319e+00  22  sdss  5765  82N  3 
   33  53666.448848  0  22.455  0.865  0.120  0.349   3.960e+00   2.722e+00   4.437e-01   1.289e+00  14  sdss  5765  82N  3 
   33  53668.370294  1  24.044  1.012  1.328  1.049   7.403e-01   8.715e-01   1.193e+00   9.418e-01  20  sdss  5770  82N  3 
   32  53668.366977  2  24.200  1.073  2.285  0.856   5.063e-01   1.075e+00   2.114e+00   7.920e-01  22  sdss  5770  82N  3 
   32  53668.367806  3  23.160  0.844  1.284  0.514   1.732e+00   1.580e+00   2.554e+00   1.023e+00  23  sdss  5770  82N  3 
    0  53668.369465  4  23.414  0.907  0.958  0.617  -2.974e+00   5.356e+00   5.363e+00   3.451e+00  22  sdss  5770  82N  3 
    0  53668.368635  0  25.455  1.683  0.686  2.837  -8.344e-01   2.481e+00   8.408e-01   3.476e+00  14  sdss  5770  82N  3 
   33  53669.457953  1  23.062  0.475  0.398  0.320   2.075e+00   8.955e-01   7.917e-01   6.356e-01  20  sdss  5777  82N  3 
    0  53669.454635  2  25.758  0.969  0.857  0.454  -8.658e-01   1.076e+00   9.676e-01   5.128e-01  22  sdss  5777  82N  3 
    0  53669.455465  3  24.841  1.019  1.025  0.444  -5.860e-01   1.457e+00   1.334e+00   5.785e-01  23  sdss  5777  82N  3 
   32  53669.457123  4  21.308  0.474  0.336  0.172   1.013e+01   4.810e+00   3.542e+00   1.811e+00  22  sdss  5777  82N  3 
   33  53669.456294  0  22.643  1.060  0.188  0.592   3.308e+00   2.705e+00   5.876e-01   1.852e+00  14  sdss  5777  82N  3 
   32  53670.374949  1  22.891  0.327  0.241  0.330   2.445e+00   7.368e-01   5.565e-01   7.646e-01  20  sdss  5781  82N  3 
    0  53670.371632  2  25.360  0.999  2.078  0.776  -4.660e-01   9.759e-01   1.884e+00   7.037e-01  22  sdss  5781  82N  3 
   32  53670.372461  3  23.380  0.919  1.000  0.520   1.328e+00   1.529e+00   1.705e+00   8.862e-01  23  sdss  5781  82N  3 
    0  53670.374120  4  23.655  0.666  0.595  0.355  -4.404e+00   4.212e+00   3.775e+00   2.256e+00  22  sdss  5781  82N  3 
   32  53670.373290  0  24.457  1.568  1.316  2.742   2.034e-01   2.114e+00   1.298e+00   2.703e+00  14  sdss  5781  82N  3 
   32  53673.343070  1  23.407  0.375  0.230  0.198   1.479e+00   5.379e-01   3.390e-01   2.928e-01  20  sdss  5792  82N  3 
   32  53673.339752  2  24.489  0.859  0.799  0.349   2.538e-01   7.780e-01   6.650e-01   2.908e-01  22  sdss  5792  82N  3 
   32  53673.340582  3  23.862  0.804  0.534  0.228   6.129e-01   1.110e+00   7.010e-01   2.994e-01  23  sdss  5792  82N  3 
    0  53673.342240  4  23.599  0.535  0.184  0.176  -4.055e+00   3.292e+00   1.131e+00   1.080e+00  22  sdss  5792  82N  3 
  128  53673.341411  0  24.672  1.224  0.218  0.925  -6.276e-03   1.454e+00   2.116e-01   8.966e-01  14  sdss  5792  82N  3 
   32  53675.339845  1  22.846  0.243  0.157  0.189   2.552e+00   5.760e-01   3.775e-01   4.555e-01  20  sdss  5800  82N  3 
   32  53675.336528  2  24.108  0.839  0.947  0.380   5.934e-01   8.331e-01   9.170e-01   3.676e-01  22  sdss  5800  82N  3 
   32  53675.337357  3  22.479  0.405  0.343  0.130   3.530e+00   1.355e+00   1.188e+00   4.505e-01  23  sdss  5800  82N  3 
   32  53675.339016  4  22.689  0.789  0.529  0.369   7.021e-01   4.219e+00   2.603e+00   1.813e+00  22  sdss  5800  82N  3 
   32  53675.338187  0  24.377  1.426  0.385  1.446   2.829e-01   1.830e+00   3.855e-01   1.448e+00  14  sdss  5800  82N  3 
   32  53677.361007  1  22.738  0.204  0.120  0.097   2.827e+00   5.356e-01   3.177e-01   2.569e-01  20  sdss  5813  82N  3 
   32  53677.357690  2  22.811  0.301  0.240  0.096   2.644e+00   7.549e-01   6.144e-01   2.467e-01  22  sdss  5813  82N  3 
   32  53677.358519  3  22.674  0.423  0.184  0.102   2.906e+00   1.197e+00   5.393e-01   2.985e-01  23  sdss  5813  82N  3 
   32  53677.360178  4  22.407  0.582  0.267  0.177   2.130e+00   3.154e+00   1.404e+00   9.302e-01  22  sdss  5813  82N  3 
   32  53677.359349  0  22.892  0.665  0.093  0.360   2.591e+00   1.541e+00   2.355e-01   9.081e-01  14  sdss  5813  82N  3 
   32  53680.347489  1  22.808  0.227  0.153  0.140   2.646e+00   5.588e-01   3.804e-01   3.483e-01  20  sdss  5823  82N  3 
   32  53680.344172  2  22.742  0.300  0.294  0.108   2.826e+00   7.995e-01   8.009e-01   2.937e-01  22  sdss  5823  82N  3 
   32  53680.345002  3  23.622  0.788  0.495  0.240   9.462e-01   1.175e+00   7.282e-01   3.527e-01  23  sdss  5823  82N  3 
   32  53680.346660  4  22.161  0.610  0.274  0.201   3.487e+00   3.602e+00   1.600e+00   1.172e+00  22  sdss  5823  82N  3 
   32  53680.345831  0  23.549  1.064  0.195  0.697   1.282e+00   1.529e+00   2.939e-01   1.049e+00  14  sdss  5823  82N  3 
   32  53683.406133  1  22.814  0.272  0.197  0.137   2.631e+00   6.625e-01   4.891e-01   3.391e-01  20  sdss  5842  82N  3 
   32  53683.402817  2  24.312  0.997  0.488  0.317   4.052e-01   9.587e-01   4.301e-01   2.794e-01  22  sdss  5842  82N  3 
   32  53683.403646  3  22.905  0.670  0.370  0.137   2.291e+00   1.517e+00   8.975e-01   3.317e-01  23  sdss  5842  82N  3 
   37  53683.405304  4  22.024  0.951  0.362  0.188   4.321e+00   6.079e+00   2.281e+00   1.184e+00  22  sdss  5842  82N  3 
   36  53683.404475  0  23.310  1.168  0.289  0.613   1.682e+00   1.883e+00   5.196e-01   1.101e+00  14  sdss  5842  82N  3 
   33  53686.346884  1  22.315  0.373  0.271  0.151   4.202e+00   1.398e+00   1.053e+00   5.869e-01  20  sdss  5866  82N  3 
   33  53686.343566  2  22.697  0.639  0.733  0.272   2.951e+00   1.650e+00   2.075e+00   7.710e-01  22  sdss  5866  82N  3 
   32  53686.344396  3  23.007  0.874  0.964  0.377   2.054e+00   1.791e+00   2.154e+00   8.429e-01  23  sdss  5866  82N  3 
    0  53686.346054  4  23.286  0.809  0.625  0.410  -2.274e+00   4.555e+00   3.319e+00   2.175e+00  22  sdss  5866  82N  3 
   33  53686.345225  0  23.179  1.897  0.950  1.099   1.935e+00   3.422e+00   1.891e+00   2.187e+00  14  sdss  5866  82N  3 
 1185  53687.404389  1  22.215  3.453  2.434  0.828   4.613e+00   8.934e+00   1.037e+01   3.527e+00  20  sdss  5872  82N  3 
   35  53687.401072  2  21.847  0.674  1.067  0.326   6.565e+00   3.663e+00   6.506e+00   1.988e+00  22  sdss  5872  82N  3 
  163  53687.401901  3  23.100  2.152  5.884  1.691   1.854e+00   4.915e+00   1.225e+01   3.520e+00  23  sdss  5872  82N  3 
  130  53687.403559  4  23.684  1.413  1.779  1.045  -4.590e+00   9.842e+00   1.150e+01   6.755e+00  22  sdss  5872  82N  3 
  131  53687.402730  0  20.950  0.855  0.436  0.600   1.609e+01   1.035e+01   6.323e+00   8.700e+00  14  sdss  5872  82N  3 
   33  53693.349037  1  22.789  0.840  0.723  0.375   2.693e+00   1.820e+00   1.833e+00   9.516e-01  20  sdss  5878  82N  3 
   33  53693.345720  2  23.207  0.980  0.851  0.393   1.784e+00   1.560e+00   1.553e+00   7.175e-01  22  sdss  5878  82N  3 
   32  53693.346549  3  22.695  0.641  0.846  0.254   2.844e+00   1.711e+00   2.438e+00   7.315e-01  23  sdss  5878  82N  3 
    0  53693.348208  4  23.646  0.924  1.131  0.560  -4.347e+00   5.900e+00   7.149e+00   3.536e+00  22  sdss  5878  82N  3 
 1185  53693.347379  0  22.106  1.322  0.419  0.554   5.507e+00   4.791e+00   2.112e+00   2.795e+00  14  sdss  5878  82N  3 
   32  53699.369712  1  22.908  0.319  0.228  0.180   2.405e+00   7.078e-01   5.189e-01   4.098e-01  20  sdss  5902  82N  3 
   32  53699.366395  2  23.623  0.702  0.846  0.282   1.139e+00   8.836e-01   1.115e+00   3.712e-01  22  sdss  5902  82N  3 
   32  53699.367224  3  24.118  0.915  1.021  0.379   2.917e-01   1.233e+00   1.240e+00   4.601e-01  23  sdss  5902  82N  3 
   32  53699.368883  4  21.735  0.496  0.348  0.166   6.313e+00   3.689e+00   2.643e+00   1.263e+00  22  sdss  5902  82N  3 
   32  53699.368053  0  23.910  1.500  0.721  1.390   7.926e-01   2.076e+00   8.671e-01   1.672e+00  14  sdss  5902  82N  3 
   32  53704.331867  1  24.780  0.978  1.414  1.432   2.026e-01   6.724e-01   8.730e-01   8.840e-01  20  sdss  5918  82N  3 
   32  53704.328550  2  24.179  0.906  1.615  0.603   5.258e-01   8.861e-01   1.508e+00   5.628e-01  22  sdss  5918  82N  3 
   32  53704.329379  3  23.319  0.801  0.852  0.374   1.434e+00   1.374e+00   1.513e+00   6.648e-01  23  sdss  5918  82N  3 
   32  53704.331038  4  22.565  0.769  0.529  0.322   1.321e+00   4.149e+00   2.661e+00   1.618e+00  22  sdss  5918  82N  3 
   32  53704.330209  0  23.362  1.195  0.563  1.031   1.590e+00   1.876e+00   9.719e-01   1.780e+00  14  sdss  5918  82N  3 
