# SDSS CID:  14696 IAU:          RA: 329.195496 DEC:  -0.523057  (J2000)
# GALAXY_SB [ugriz] = [ 22.50 20.61 19.56 19.14 18.73 ] +/- [  0.00  0.00  0.00  0.00  0.00 ] (asinh mag/square arcsec)
# GALAXY_SB_FLUX [ugriz] = [  3.674E+00  2.020E+01  5.441E+01  7.887E+01  1.152E+02 ] +/- [  0.000E+00  0.000E+00  0.000E+00  0.000E+00  0.000E+00 ] (microJy per square arcsec)
#FLAG  MJD       FILT  MAG     MERR  MSKYERR MGALERR  FLUX       FLUXERR    SKYERR     GALERR    NPRE TELE   RUN  STRIP  IDCCD
 1313  53989.229206  1  22.786  0.462  0.099  0.000   2.702e+00   1.124e+00   2.524e-01   0.000e+00  10  sdss  6314  82N  2 
 1313  53989.225889  2  22.608  0.503  0.094  0.000   3.214e+00   1.446e+00   2.881e-01   0.000e+00  12  sdss  6314  82N  2 
 1320  53989.226718  3  22.085  0.376  0.113  0.000   5.156e+00   1.764e+00   5.468e-01   0.000e+00  12  sdss  6314  82N  2 
 1312  53989.228377  4  22.630  0.954  0.262  0.000   9.968e-01   5.319e+00   1.299e+00   0.000e+00  15  sdss  6314  82N  2 
 1281  53989.227547  0  23.093  1.449  0.080  0.000   2.115e+00   2.605e+00   1.724e-01   0.000e+00  7  sdss  6314  82N  2 
 1288  53995.218203  1  25.441  1.035  0.539  0.000  -1.930e-01   7.203e-01   3.315e-01   0.000e+00  10  sdss  6360  82N  2 
 1280  53995.214886  2  26.952  0.430  0.132  0.000  -3.081e+00   1.208e+00   3.864e-01   0.000e+00  12  sdss  6360  82N  2 
 1312  53995.215716  3  21.765  0.259  0.053  0.000   6.972e+00   1.650e+00   3.455e-01   0.000e+00  12  sdss  6360  82N  2 
 1280  53995.217374  4  24.555  0.394  0.167  0.000  -1.240e+01   4.633e+00   2.031e+00   0.000e+00  15  sdss  6360  82N  2 
 1280  53995.216545  0  26.483  0.710  0.243  0.000  -2.707e+00   1.710e+00   6.462e-01   0.000e+00  7  sdss  6360  82N  2 
 1288  53997.196491  1  26.029  1.001  0.624  0.000  -6.018e-01   8.062e-01   5.050e-01   0.000e+00  10  sdss  6370  82N  2 
 1280  53997.193174  2  26.372  0.846  0.305  0.000  -1.738e+00   1.352e+00   5.443e-01   0.000e+00  12  sdss  6370  82N  2 
 1280  53997.194003  3  25.726  0.915  0.073  0.000  -2.076e+00   1.867e+00   1.640e-01   0.000e+00  12  sdss  6370  82N  2 
 1280  53997.195661  4  24.221  0.723  0.245  0.000  -8.768e+00   6.256e+00   2.268e+00   0.000e+00  15  sdss  6370  82N  2 
 1280  53997.194832  0  22.145  0.450  0.057  0.000   5.308e+00   2.112e+00   2.831e-01   0.000e+00  7  sdss  6370  82N  2 
 1280  54000.204165  1  26.645  0.806  0.414  0.000  -1.226e+00   9.327e-01   5.281e-01   0.000e+00  10  sdss  6383  82N  2 
 1280  54000.200848  2  26.255  0.937  0.199  0.000  -1.540e+00   1.363e+00   3.225e-01   0.000e+00  12  sdss  6383  82N  2 
 1280  54000.201678  3  25.735  0.846  0.131  0.000  -2.096e+00   1.750e+00   2.950e-01   0.000e+00  12  sdss  6383  82N  2 
 1280  54000.203336  4  23.734  0.940  0.583  0.000  -4.920e+00   6.170e+00   3.835e+00   0.000e+00  15  sdss  6383  82N  2 
 1416  54000.202507  0  22.306  0.529  0.392  0.000   4.561e+00   2.112e+00   1.676e+00   0.000e+00  7  sdss  6383  82N  2 
 1280  54007.180673  1  25.412  1.182  0.151  0.000  -1.753e-01   8.537e-01   9.195e-02   0.000e+00  10  sdss  6412  82N  2 
 1280  54007.177356  2  27.238  0.384  0.044  0.000  -4.043e+00   1.401e+00   1.681e-01   0.000e+00  12  sdss  6412  82N  2 
 1312  54007.178185  3  23.238  1.060  0.203  0.000   1.582e+00   1.881e+00   3.800e-01   0.000e+00  12  sdss  6412  82N  2 
 1280  54007.179844  4  24.163  0.599  0.254  0.000  -8.238e+00   5.060e+00   2.248e+00   0.000e+00  15  sdss  6412  82N  2 
 1288  54007.179015  0  22.893  0.872  0.513  0.000   2.589e+00   1.951e+00   1.313e+00   0.000e+00  7  sdss  6412  82N  2 
 1313  54009.177614  1  24.764  1.202  0.404  0.000   2.120e-01   8.785e-01   2.508e-01   0.000e+00  10  sdss  6421  82N  2 
 1312  54009.174297  2  22.646  0.465  0.075  0.000   3.099e+00   1.302e+00   2.220e-01   0.000e+00  12  sdss  6421  82N  2 
 1312  54009.175126  3  22.942  0.860  0.145  0.000   2.204e+00   1.831e+00   3.388e-01   0.000e+00  12  sdss  6421  82N  2 
 1280  54009.176785  4  23.401  0.897  0.280  0.000  -2.897e+00   5.254e+00   1.548e+00   0.000e+00  15  sdss  6421  82N  2 
 1281  54009.175955  0  23.090  1.046  0.124  0.000   2.121e+00   1.962e+00   2.681e-01   0.000e+00  7  sdss  6421  82N  2 
 1281  54011.242031  1  25.797  1.447  0.356  0.000  -4.260e-01   1.187e+00   2.523e-01   0.000e+00  10  sdss  6430  82N  2 
 1313  54011.238714  2  23.462  1.202  0.118  0.000   1.364e+00   1.599e+00   1.747e-01   0.000e+00  12  sdss  6430  82N  2 
 1313  54011.239543  3  24.185  1.362  0.160  0.000   2.108e-01   2.078e+00   1.917e-01   0.000e+00  12  sdss  6430  82N  2 
 1312  54011.241202  4  21.400  0.490  0.109  0.000   9.201e+00   4.525e+00   1.047e+00   0.000e+00  15  sdss  6430  82N  2 
 1281  54011.240372  0  26.235  1.512  0.375  0.000  -2.108e+00   2.714e+00   8.074e-01   0.000e+00  7  sdss  6430  82N  2 
 1281  54019.191628  1  26.075  1.069  0.226  0.000  -6.395e-01   8.808e-01   1.884e-01   0.000e+00  10  sdss  6441  82N  2 
 1312  54019.188312  2  24.722  1.268  0.315  0.000   6.431e-02   1.260e+00   2.521e-01   0.000e+00  12  sdss  6441  82N  2 
 1312  54019.189141  3  22.701  0.649  0.132  0.000   2.828e+00   1.708e+00   3.757e-01   0.000e+00  12  sdss  6441  82N  2 
 1312  54019.190799  4  21.979  0.712  0.194  0.000   4.606e+00   4.535e+00   1.243e+00   0.000e+00  15  sdss  6441  82N  2 
 1281  54019.189970  0  24.127  1.545  0.727  0.000   5.437e-01   2.110e+00   7.916e-01   0.000e+00  7  sdss  6441  82N  2 
 1312  54025.240047  1  24.663  1.218  0.366  0.000   2.762e-01   9.054e-01   2.348e-01   0.000e+00  10  sdss  6461  82N  2 
 1312  54025.236730  2  23.985  1.291  0.358  0.000   7.163e-01   1.421e+00   3.708e-01   0.000e+00  12  sdss  6461  82N  2 
 1280  54025.237559  3  25.929  0.834  0.334  0.000  -2.570e+00   1.973e+00   8.775e-01   0.000e+00  12  sdss  6461  82N  2 
 1280  54025.239217  4  25.263  0.328  0.067  0.000  -2.455e+01   7.187e+00   1.511e+00   0.000e+00  15  sdss  6461  82N  2 
 1440  54025.238388  0  24.462  1.664  0.268  0.000   1.981e-01   2.329e+00   2.641e-01   0.000e+00  7  sdss  6461  82N  2 
 1312  54029.169782  1  24.973  1.066  0.234  0.000   8.571e-02   7.368e-01   1.388e-01   0.000e+00  10  sdss  6474  82N  2 
 1312  54029.166465  2  22.695  0.462  0.090  0.000   2.958e+00   1.243e+00   2.535e-01   0.000e+00  12  sdss  6474  82N  2 
 1312  54029.167294  3  22.149  0.385  0.061  0.000   4.852e+00   1.706e+00   2.798e-01   0.000e+00  12  sdss  6474  82N  2 
 1280  54029.168953  4  23.635  0.942  0.042  0.000  -4.277e+00   5.953e+00   2.616e-01   0.000e+00  15  sdss  6474  82N  2 
 1280  54029.168124  0  23.337  1.103  0.106  0.000   1.632e+00   1.772e+00   1.892e-01   0.000e+00  7  sdss  6474  82N  2 
 1280  54031.156685  1  25.369  1.091  0.487  0.000  -1.492e-01   7.651e-01   2.947e-01   0.000e+00  10  sdss  6484  82N  2 
 1312  54031.153368  2  23.605  1.029  0.119  0.000   1.162e+00   1.279e+00   1.587e-01   0.000e+00  12  sdss  6484  82N  2 
 1312  54031.154197  3  22.115  0.374  0.075  0.000   5.011e+00   1.708e+00   3.529e-01   0.000e+00  12  sdss  6484  82N  2 
 1312  54031.155856  4  22.342  0.839  0.306  0.000   2.477e+00   4.772e+00   1.639e+00   0.000e+00  15  sdss  6484  82N  2 
 1408  54031.155026  0  26.226  0.858  0.044  0.000  -2.088e+00   1.645e+00   9.449e-02   0.000e+00  7  sdss  6484  82N  2 
 1280  54036.161037  1  26.275  1.054  0.575  0.000  -8.177e-01   9.478e-01   5.501e-01   0.000e+00  10  sdss  6504  82N  2 
 1280  54036.157720  2  27.633  0.292  0.146  0.000  -5.851e+00   1.546e+00   7.930e-01   0.000e+00  12  sdss  6504  82N  2 
 1280  54036.158549  3  25.762  0.933  0.207  0.000  -2.156e+00   1.942e+00   4.757e-01   0.000e+00  12  sdss  6504  82N  2 
 1280  54036.160208  4  23.643  1.213  0.604  0.000  -4.329e+00   7.984e+00   3.768e+00   0.000e+00  15  sdss  6504  82N  2 
 1416  54036.159378  0  25.420  1.551  1.710  0.000  -7.915e-01   2.184e+00   2.067e+00   0.000e+00  7  sdss  6504  82N  2 
 1313  54039.159103  1  22.276  0.453  0.175  0.000   4.358e+00   1.743e+00   7.093e-01   0.000e+00  10  sdss  6513  82N  2 
 1281  54039.155786  2  26.893  0.663  0.134  0.000  -2.913e+00   1.677e+00   3.723e-01   0.000e+00  12  sdss  6513  82N  2 
 1281  54039.156615  3  25.891  0.918  0.124  0.000  -2.470e+00   2.084e+00   3.151e-01   0.000e+00  12  sdss  6513  82N  2 
 1280  54039.158274  4  23.497  1.004  0.339  0.000  -3.449e+00   6.135e+00   1.957e+00   0.000e+00  15  sdss  6513  82N  2 
 1409  54039.157445  0  26.728  1.295  0.273  0.000  -3.438e+00   3.243e+00   8.983e-01   0.000e+00  7  sdss  6513  82N  2 
 1313  54048.152834  1  23.245  0.686  0.153  0.000   1.738e+00   1.065e+00   2.612e-01   0.000e+00  10  sdss  6533  82N  2 
 1280  54048.149517  2  25.354  1.378  0.455  0.000  -4.605e-01   1.473e+00   4.113e-01   0.000e+00  12  sdss  6533  82N  2 
 1312  54048.150347  3  20.802  0.117  0.017  0.000   1.704e+01   1.820e+00   2.695e-01   0.000e+00  12  sdss  6533  82N  2 
 1440  54048.152005  4  21.176  0.482  0.061  0.000   1.161e+01   5.299e+00   7.031e-01   0.000e+00  15  sdss  6533  82N  2 
 1289  54048.151176  0  25.312  1.625  1.086  0.000  -6.636e-01   2.310e+00   1.241e+00   0.000e+00  7  sdss  6533  82N  2 
 1284  54051.144435  1  27.647  0.567  0.297  0.000  -3.251e+00   1.600e+00   9.092e-01   0.000e+00  10  sdss  6548  82N  2 
 1436  54051.141119  2  28.897  0.312  1.013  0.000  -1.884e+01   5.245e+00   1.750e+01   0.000e+00  12  sdss  6548  82N  2 
 1284  54051.141948  3  25.047  2.250  1.153  0.000  -8.660e-01   5.094e+00   1.642e+00   0.000e+00  12  sdss  6548  82N  2 
 1316  54051.143606  4  20.189  0.668  0.060  0.000   2.998e+01   1.636e+01   1.633e+00   0.000e+00  15  sdss  6548  82N  2 
 1316  54051.142777  0  23.293  2.327  0.180  0.000   1.713e+00   4.721e+00   3.312e-01   0.000e+00  7  sdss  6548  82N  2 
 1280  54052.156290  1  26.449  0.949  0.645  0.000  -9.952e-01   9.444e-01   7.036e-01   0.000e+00  10  sdss  6552  82N  2 
 1280  54052.152974  2  26.751  0.768  0.498  0.000  -2.539e+00   1.677e+00   1.226e+00   0.000e+00  12  sdss  6552  82N  2 
 1312  54052.153803  3  21.838  0.370  0.232  0.000   6.510e+00   2.165e+00   1.405e+00   0.000e+00  12  sdss  6552  82N  2 
 1288  54052.155461  4  24.579  0.729  0.791  0.000  -1.270e+01   8.202e+00   9.800e+00   0.000e+00  15  sdss  6552  82N  2 
 1418  54052.154632  0  25.827  1.466  1.212  0.000  -1.352e+00   2.226e+00   1.903e+00   0.000e+00  7  sdss  6552  82N  2 
 1312  54054.174791  1  23.922  2.447  1.827  0.000   8.553e-01   3.126e+00   1.800e+00   0.000e+00  10  sdss  6559  82N  2 
 1290  54054.172303  3  25.750  1.421  3.437  0.000  -2.128e+00   2.862e+00   7.828e+00   0.000e+00  12  sdss  6559  82N  2 
 1290  54054.173962  4  25.603  0.424  1.063  0.000  -3.377e+01   1.241e+01   3.258e+01   0.000e+00  15  sdss  6559  82N  2 
 1410  54054.173132  0  25.768  2.079  0.784  0.000  -1.261e+00   3.692e+00   1.180e+00   0.000e+00  7  sdss  6559  82N  2 
 1312  54055.152424  1  23.899  0.908  0.459  0.000   8.781e-01   8.494e-01   4.603e-01   0.000e+00  10  sdss  6564  82N  2 
 1312  54055.149108  2  24.004  1.251  0.492  0.000   6.967e-01   1.361e+00   5.031e-01   0.000e+00  12  sdss  6564  82N  2 
 1312  54055.149937  3  22.467  0.568  0.104  0.000   3.569e+00   1.840e+00   3.611e-01   0.000e+00  12  sdss  6564  82N  2 
 1280  54055.151595  4  23.057  0.988  0.546  0.000  -1.100e+00   5.566e+00   2.717e+00   0.000e+00  15  sdss  6564  82N  2 
 1280  54055.150766  0  23.177  1.136  0.396  0.000   1.938e+00   1.993e+00   7.998e-01   0.000e+00  7  sdss  6564  82N  2 
 1312  54058.150482  1  22.604  0.337  0.200  0.000   3.208e+00   9.875e-01   6.041e-01   0.000e+00  10  sdss  6577  82N  2 
 1312  54058.147165  2  21.819  0.262  0.143  0.000   6.739e+00   1.604e+00   8.902e-01   0.000e+00  12  sdss  6577  82N  2 
 1312  54058.147994  3  21.991  0.422  0.153  0.000   5.636e+00   2.133e+00   8.071e-01   0.000e+00  12  sdss  6577  82N  2 
 1408  54058.149652  4  23.964  1.314  1.119  0.000  -6.573e+00   9.703e+00   8.558e+00   0.000e+00  15  sdss  6577  82N  2 
 1440  54058.148823  0  23.978  1.616  0.164  0.000   7.118e-01   2.302e+00   1.907e-01   0.000e+00  7  sdss  6577  82N  2 
 1312  54060.171950  1  22.128  0.180  0.060  0.000   5.001e+00   8.283e-01   2.791e-01   0.000e+00  10  sdss  6584  82N  2 
 1312  54060.168634  2  21.656  0.180  0.037  0.000   7.840e+00   1.291e+00   2.681e-01   0.000e+00  12  sdss  6584  82N  2 
 1312  54060.169463  3  21.138  0.160  0.019  0.000   1.250e+01   1.828e+00   2.223e-01   0.000e+00  12  sdss  6584  82N  2 
 1312  54060.171121  4  21.076  0.423  0.180  0.000   1.283e+01   5.095e+00   2.253e+00   0.000e+00  15  sdss  6584  82N  2 
 1280  54060.170292  0  23.081  0.986  0.171  0.000   2.142e+00   1.880e+00   3.741e-01   0.000e+00  7  sdss  6584  82N  2 
 1312  54063.140676  1  24.999  1.245  0.457  0.000   7.031e-02   9.060e-01   2.707e-01   0.000e+00  10  sdss  6600  82N  2 
 1280  54063.137360  2  26.088  1.037  0.244  0.000  -1.285e+00   1.350e+00   3.477e-01   0.000e+00  12  sdss  6600  82N  2 
 1320  54063.138189  3  23.546  1.110  0.630  0.000   1.060e+00   1.755e+00   9.635e-01   0.000e+00  12  sdss  6600  82N  2 
 1312  54063.139847  4  21.951  1.151  0.416  0.000   4.792e+00   7.662e+00   2.701e+00   0.000e+00  15  sdss  6600  82N  2 
 1416  54063.139018  0  22.647  0.720  0.536  0.000   3.293e+00   2.038e+00   1.695e+00   0.000e+00  7  sdss  6600  82N  2 
