# SDSS CID:  13881 IAU:          RA: 337.966187 DEC:   0.683009  (J2000)
# GALAXY_SB [ugriz] = [ 23.70 23.45 23.02 22.71 22.01 ] +/- [  0.23  0.06  0.05  0.05  0.08 ] (asinh mag/square arcsec)
# GALAXY_SB_FLUX [ugriz] = [  1.024E+00  1.411E+00  2.159E+00  2.800E+00  4.388E+00 ] +/- [  3.160E-01  8.472E-02  9.843E-02  1.349E-01  4.870E-01 ] (microJy per square arcsec)
#FLAG  MJD       FILT  MAG     MERR  MSKYERR MGALERR  FLUX       FLUXERR    SKYERR     GALERR    NPRE TELE   RUN  STRIP  IDCCD
    1  53989.253488  1  22.618  0.373  0.096  0.138   3.166e+00   1.066e+00   2.833e-01   4.086e-01  11  sdss  6314  82N  5 
   33  53989.250171  2  22.416  0.301  0.097  0.115   3.856e+00   1.069e+00   3.535e-01   4.184e-01  14  sdss  6314  82N  5 
    0  53989.251000  3  22.217  0.336  0.085  0.112   4.547e+00   1.420e+00   3.689e-01   4.851e-01  15  sdss  6314  82N  5 
   32  53989.252659  4  21.726  0.549  0.146  0.272   6.380e+00   4.067e+00   1.113e+00   2.067e+00  16  sdss  6314  82N  5 
    1  53989.251830  0  22.806  1.135  0.191  0.594   2.822e+00   2.529e+00   5.207e-01   1.623e+00  6  sdss  6314  82N  5 
    8  53995.242568  1  22.835  0.196  0.107  0.131   2.579e+00   4.735e-01   2.616e-01   3.196e-01  11  sdss  6360  82N  5 
   32  53995.239252  2  22.747  0.267  0.088  0.127   2.813e+00   7.100e-01   2.383e-01   3.452e-01  14  sdss  6360  82N  5 
   32  53995.240081  3  22.299  0.288  0.080  0.115   4.202e+00   1.141e+00   3.238e-01   4.661e-01  15  sdss  6360  82N  5 
   32  53995.241739  4  22.057  0.539  0.151  0.298   4.112e+00   3.322e+00   9.324e-01   1.838e+00  16  sdss  6360  82N  5 
    0  53995.240910  0  23.089  0.695  0.125  0.535   2.123e+00   1.381e+00   2.696e-01   1.151e+00  6  sdss  6360  82N  5 
    0  54000.228597  1  23.104  0.302  0.043  0.325   1.994e+00   5.672e-01   8.286e-02   6.246e-01  11  sdss  6383  82N  5 
   32  54000.225280  2  22.379  0.249  0.165  0.226   3.993e+00   9.217e-01   6.195e-01   8.492e-01  14  sdss  6383  82N  5 
   32  54000.226109  3  22.242  0.331  0.077  0.210   4.439e+00   1.367e+00   3.261e-01   8.894e-01  15  sdss  6383  82N  5 
   32  54000.227768  4  21.370  0.446  0.190  0.308   9.500e+00   4.307e+00   1.893e+00   3.074e+00  16  sdss  6383  82N  5 
    0  54000.226938  0  22.856  0.798  0.152  1.259   2.686e+00   1.855e+00   3.971e-01   3.295e+00  6  sdss  6383  82N  5 
    0  54007.278646  1  23.084  0.276  0.103  0.211   2.033e+00   5.302e-01   2.019e-01   4.122e-01  11  sdss  6414  82N  5 
   32  54007.275329  2  22.613  0.273  0.123  0.162   3.198e+00   8.169e-01   3.744e-01   4.951e-01  14  sdss  6414  82N  5 
   32  54007.276158  3  23.012  0.604  0.232  0.276   2.042e+00   1.274e+00   5.146e-01   6.113e-01  15  sdss  6414  82N  5 
   32  54007.277817  4  21.564  0.471  0.202  0.249   7.696e+00   3.925e+00   1.736e+00   2.130e+00  16  sdss  6414  82N  5 
    0  54007.276987  0  23.794  1.214  0.147  1.343   9.382e-01   1.619e+00   1.889e-01   1.730e+00  6  sdss  6414  82N  5 
    1  54009.202158  1  22.629  0.245  0.064  0.128   3.133e+00   7.079e-01   1.871e-01   3.755e-01  11  sdss  6421  82N  5 
    0  54009.198841  2  22.515  0.267  0.060  0.118   3.512e+00   8.739e-01   2.002e-01   3.915e-01  14  sdss  6421  82N  5 
   32  54009.199670  3  23.011  0.589  0.164  0.196   2.045e+00   1.246e+00   3.639e-01   4.352e-01  15  sdss  6421  82N  5 
   32  54009.201329  4  22.116  0.653  0.237  0.371   3.752e+00   3.929e+00   1.417e+00   2.214e+00  16  sdss  6421  82N  5 
    1  54009.200499  0  23.889  1.301  0.400  1.145   8.183e-01   1.720e+00   4.880e-01   1.396e+00  6  sdss  6421  82N  5 
    1  54011.266599  1  23.123  0.563  0.093  0.130   1.957e+00   9.906e-01   1.754e-01   2.452e-01  11  sdss  6430  82N  5 
   33  54011.263283  2  22.819  0.458  0.093  0.117   2.624e+00   1.111e+00   2.378e-01   2.966e-01  14  sdss  6430  82N  5 
   33  54011.264112  3  22.495  0.431  0.059  0.110   3.473e+00   1.406e+00   2.024e-01   3.759e-01  15  sdss  6430  82N  5 
   32  54011.265770  4  21.893  0.523  0.099  0.183   5.179e+00   3.512e+00   6.712e-01   1.244e+00  16  sdss  6430  82N  5 
    1  54011.264941  0  22.467  0.670  0.054  0.268   3.915e+00   2.220e+00   1.984e-01   9.848e-01  6  sdss  6430  82N  5 
    1  54019.216285  1  22.864  0.308  0.085  0.118   2.509e+00   7.142e-01   2.024e-01   2.796e-01  11  sdss  6441  82N  5 
   32  54019.212968  2  22.551  0.268  0.035  0.100   3.394e+00   8.480e-01   1.129e-01   3.221e-01  14  sdss  6441  82N  5 
   32  54019.213798  3  22.925  0.525  0.127  0.183   2.243e+00   1.195e+00   3.021e-01   4.352e-01  15  sdss  6441  82N  5 
   40  54019.215456  4  21.992  0.510  0.301  0.244   4.523e+00   3.245e+00   1.929e+00   1.558e+00  16  sdss  6441  82N  5 
    1  54019.214627  0  22.792  0.758  0.154  0.447   2.861e+00   1.872e+00   4.242e-01   1.235e+00  6  sdss  6441  82N  5 
    0  54025.264761  1  22.808  0.270  0.291  0.379   2.647e+00   6.617e-01   7.274e-01   9.473e-01  11  sdss  6461  82N  5 
   32  54025.261444  2  22.561  0.319  0.074  0.246   3.362e+00   9.943e-01   2.357e-01   7.873e-01  14  sdss  6461  82N  5 
   32  54025.262273  3  22.467  0.454  0.177  0.286   3.570e+00   1.511e+00   6.153e-01   9.984e-01  15  sdss  6461  82N  5 
   32  54025.263931  4  22.343  0.881  0.743  0.762   2.468e+00   5.059e+00   3.996e+00   4.094e+00  16  sdss  6461  82N  5 
    8  54025.263102  0  21.869  0.345  0.311  0.602   6.875e+00   2.102e+00   1.957e+00   3.791e+00  6  sdss  6461  82N  5 
    0  54029.194957  1  23.096  0.272  0.144  0.187   2.010e+00   5.164e-01   2.781e-01   3.622e-01  11  sdss  6474  82N  5 
   32  54029.191641  2  22.540  0.270  0.151  0.153   3.429e+00   8.639e-01   4.923e-01   4.978e-01  14  sdss  6474  82N  5 
   32  54029.192470  3  23.323  0.760  0.164  0.306   1.427e+00   1.300e+00   2.898e-01   5.414e-01  15  sdss  6474  82N  5 
   32  54029.194128  4  22.237  0.647  0.130  0.286   3.055e+00   3.719e+00   7.295e-01   1.608e+00  16  sdss  6474  82N  5 
    0  54029.193299  0  22.284  0.361  0.033  0.271   4.658e+00   1.509e+00   1.433e-01   1.170e+00  6  sdss  6474  82N  5 
    0  54031.181876  1  22.919  0.230  0.026  0.161   2.381e+00   5.139e-01   5.864e-02   3.637e-01  11  sdss  6484  82N  5 
   32  54031.178559  2  22.429  0.227  0.065  0.116   3.809e+00   8.049e-01   2.340e-01   4.158e-01  14  sdss  6484  82N  5 
   32  54031.179388  3  22.748  0.473  0.122  0.179   2.696e+00   1.245e+00   3.358e-01   4.902e-01  15  sdss  6484  82N  5 
   32  54031.181047  4  22.107  0.617  0.192  0.254   3.807e+00   3.723e+00   1.151e+00   1.520e+00  16  sdss  6484  82N  5 
    0  54031.180217  0  23.294  0.914  0.088  0.723   1.712e+00   1.523e+00   1.602e-01   1.320e+00  6  sdss  6484  82N  5 
    0  54036.186265  1  22.782  0.217  0.052  0.199   2.712e+00   5.475e-01   1.333e-01   5.077e-01  11  sdss  6504  82N  5 
   32  54036.182948  2  22.826  0.357  0.032  0.217   2.606e+00   8.770e-01   8.111e-02   5.474e-01  14  sdss  6504  82N  5 
   32  54036.183778  3  22.138  0.318  0.041  0.168   4.903e+00   1.442e+00   1.892e-01   7.820e-01  15  sdss  6504  82N  5 
   32  54036.185436  4  22.220  0.757  0.390  0.470   3.151e+00   4.423e+00   2.208e+00   2.663e+00  16  sdss  6504  82N  5 
  136  54036.184607  0  22.263  0.380  0.318  0.536   4.752e+00   1.616e+00   1.402e+00   2.363e+00  6  sdss  6504  82N  5 
    1  54039.183924  1  23.117  0.776  0.447  0.272   1.968e+00   1.300e+00   8.478e-01   5.159e-01  11  sdss  6513  82N  5 
   33  54039.180607  2  22.449  0.412  0.152  0.153   3.738e+00   1.393e+00   5.374e-01   5.396e-01  14  sdss  6513  82N  5 
   41  54039.181436  3  23.098  0.931  0.769  0.345   1.858e+00   1.790e+00   1.597e+00   7.164e-01  15  sdss  6513  82N  5 
   32  54039.183095  4  22.368  0.803  0.108  0.437   2.334e+00   4.522e+00   5.775e-01   2.328e+00  16  sdss  6513  82N  5 
    1  54039.182265  0  22.900  1.415  0.540  0.801   2.571e+00   2.822e+00   1.360e+00   2.018e+00  6  sdss  6513  82N  5 
    1  54048.177701  1  22.337  0.199  0.034  0.065   4.118e+00   7.539e-01   1.297e-01   2.486e-01  11  sdss  6533  82N  5 
    0  54048.174384  2  22.411  0.265  0.073  0.103   3.874e+00   9.525e-01   2.682e-01   3.780e-01  14  sdss  6533  82N  5 
    0  54048.175213  3  22.118  0.288  0.044  0.097   4.997e+00   1.339e+00   2.092e-01   4.581e-01  15  sdss  6533  82N  5 
    0  54048.176872  4  21.513  0.379  0.039  0.143   8.144e+00   3.309e+00   3.498e-01   1.276e+00  16  sdss  6533  82N  5 
  129  54048.176042  0  23.615  1.304  0.292  0.772   1.184e+00   1.862e+00   4.219e-01   1.115e+00  6  sdss  6533  82N  5 
    0  54052.181600  1  23.036  0.295  0.159  0.304   2.129e+00   5.886e-01   3.232e-01   6.195e-01  11  sdss  6552  82N  5 
   32  54052.178283  2  22.490  0.297  0.169  0.223   3.596e+00   9.897e-01   5.765e-01   7.594e-01  14  sdss  6552  82N  5 
   32  54052.179112  3  22.580  0.547  0.342  0.288   3.194e+00   1.628e+00   1.081e+00   9.108e-01  15  sdss  6552  82N  5 
   32  54052.180770  4  22.809  0.908  0.267  0.620   1.173e-01   4.967e+00   1.302e+00   3.024e+00  16  sdss  6552  82N  5 
    8  54052.179941  0  22.140  0.360  0.165  0.558   5.335e+00   1.713e+00   8.134e-01   2.745e+00  6  sdss  6552  82N  5 
   32  54054.200105  1  22.781  0.724  0.463  0.949   2.715e+00   1.640e+00   1.183e+00   2.427e+00  11  sdss  6559  82N  5 
    2  54054.197617  3  20.491  0.124  0.161  0.165   2.271e+01   2.588e+00   3.355e+00   3.443e+00  15  sdss  6559  82N  5 
  168  54054.199276  4  20.487  0.622  0.951  0.544   2.266e+01   1.210e+01   2.027e+01   1.160e+01  16  sdss  6559  82N  5 
    0  54055.177312  1  22.983  0.255  0.080  0.197   2.240e+00   5.368e-01   1.719e-01   4.199e-01  11  sdss  6564  82N  5 
   32  54055.173996  2  22.272  0.220  0.074  0.132   4.416e+00   9.004e-01   3.069e-01   5.451e-01  14  sdss  6564  82N  5 
   32  54055.174825  3  22.006  0.273  0.096  0.133   5.557e+00   1.404e+00   5.021e-01   6.985e-01  15  sdss  6564  82N  5 
   32  54055.176483  4  21.679  0.547  0.189  0.303   6.746e+00   4.178e+00   1.488e+00   2.387e+00  16  sdss  6564  82N  5 
  136  54055.175654  0  22.981  0.940  0.659  1.604   2.370e+00   1.925e+00   1.550e+00   3.774e+00  6  sdss  6564  82N  5 
    0  54058.175375  1  22.957  0.272  0.214  0.265   2.296e+00   5.833e-01   4.677e-01   5.787e-01  11  sdss  6577  82N  5 
   32  54058.172058  2  22.720  0.371  0.096  0.278   2.887e+00   9.957e-01   2.672e-01   7.722e-01  14  sdss  6577  82N  5 
   32  54058.172887  3  22.083  0.322  0.144  0.191   5.166e+00   1.534e+00   7.032e-01   9.352e-01  15  sdss  6577  82N  5 
   32  54058.174545  4  21.656  0.610  0.130  0.379   6.930e+00   4.709e+00   1.039e+00   3.034e+00  16  sdss  6577  82N  5 
    0  54058.173716  0  22.047  0.368  0.049  0.534   5.821e+00   1.900e+00   2.647e-01   2.860e+00  6  sdss  6577  82N  5 
    0  54060.197274  1  23.068  0.287  0.197  0.222   2.064e+00   5.567e-01   3.907e-01   4.408e-01  11  sdss  6584  82N  5 
   32  54060.193958  2  22.868  0.396  0.198  0.250   2.502e+00   9.323e-01   4.836e-01   6.084e-01  14  sdss  6584  82N  5 
   32  54060.194787  3  22.515  0.470  0.193  0.253   3.406e+00   1.499e+00   6.464e-01   8.448e-01  15  sdss  6584  82N  5 
    0  54060.196445  4  21.437  0.470  0.056  0.233   8.846e+00   4.296e+00   5.252e-01   2.207e+00  16  sdss  6584  82N  5 
    0  54060.195616  0  22.239  0.462  0.078  0.593   4.861e+00   1.972e+00   3.496e-01   2.670e+00  6  sdss  6584  82N  5 
    0  54063.165574  1  23.010  0.285  0.215  0.255   2.183e+00   5.824e-01   4.475e-01   5.314e-01  11  sdss  6600  82N  5 
   32  54063.162257  2  23.093  0.512  0.289  0.370   2.003e+00   9.761e-01   5.801e-01   7.433e-01  14  sdss  6600  82N  5 
   32  54063.163086  3  22.461  0.422  0.183  0.188   3.591e+00   1.422e+00   6.400e-01   6.570e-01  15  sdss  6600  82N  5 
   32  54063.164744  4  22.328  0.801  0.090  0.455   2.550e+00   4.556e+00   4.877e-01   2.462e+00  16  sdss  6600  82N  5 
   32  54063.163915  0  24.506  1.381  0.094  2.423   1.551e-01   1.733e+00   9.223e-02   2.372e+00  6  sdss  6600  82N  5 
