# SDSS CID:   1177 IAU:          RA:  14.718801 DEC:   1.038388  (J2000)
# GALAXY_SB [ugriz] = [ 22.40 21.28 20.62 20.38 20.26 ] +/- [  0.13  0.01  0.01  0.01  0.04 ] (asinh mag/square arcsec)
# GALAXY_SB_FLUX [ugriz] = [  4.069E+00  1.095E+01  2.044E+01  2.522E+01  2.788E+01 ] +/- [  5.030E-01  1.397E-01  1.932E-01  2.986E-01  9.290E-01 ] (microJy per square arcsec)
#FLAG  MJD       FILT  MAG     MERR  MSKYERR MGALERR  FLUX       FLUXERR    SKYERR     GALERR    NPRE TELE   RUN  STRIP  IDCCD
   32  53622.369076  1  22.172  0.178  0.166  0.319   4.800e+00   7.853e-01   7.384e-01   1.416e+00  11  sdss  5582  82S  6 
   32  53622.365759  2  21.686  0.178  0.054  0.319   7.625e+00   1.250e+00   3.824e-01   2.258e+00  11  sdss  5582  82S  6 
   32  53622.366588  3  21.064  0.152  0.125  0.242   1.337e+01   1.866e+00   1.546e+00   3.001e+00  10  sdss  5582  82S  6 
   32  53622.368247  4  20.740  0.339  0.274  0.450   1.781e+01   5.655e+00   4.701e+00   7.707e+00  10  sdss  5582  82S  6 
   32  53622.367418  0  24.103  1.569  1.067  6.460   5.702e-01   2.163e+00   1.165e+00   7.060e+00  7  sdss  5582  82S  6 
   33  53627.326220  1  22.548  0.303  0.135  0.273   3.380e+00   9.330e-01   4.251e-01   8.615e-01  11  sdss  5607  82S  6 
   32  53627.322903  2  21.865  0.199  0.069  0.199   6.458e+00   1.187e+00   4.131e-01   1.197e+00  11  sdss  5607  82S  6 
   32  53627.323732  3  21.704  0.237  0.082  0.247   7.376e+00   1.610e+00   5.657e-01   1.706e+00  10  sdss  5607  82S  6 
   32  53627.325391  4  21.739  0.617  0.313  0.650   6.283e+00   4.530e+00   2.374e+00   4.926e+00  10  sdss  5607  82S  6 
   41  53627.324562  0  22.788  0.874  0.671  1.277   2.871e+00   2.070e+00   1.827e+00   3.478e+00  7  sdss  5607  82S  6 
   33  53634.318966  1  22.646  0.597  0.241  0.389   3.083e+00   1.582e+00   6.965e-01   1.125e+00  11  sdss  5619  82S  6 
   33  53634.315649  2  22.138  0.344  0.123  0.264   5.007e+00   1.564e+00   5.779e-01   1.241e+00  11  sdss  5619  82S  6 
   33  53634.316478  3  21.565  0.292  0.198  0.361   8.398e+00   2.236e+00   1.553e+00   2.831e+00  10  sdss  5619  82S  6 
   32  53634.318137  4  21.260  0.551  0.284  0.763   1.065e+01   5.723e+00   3.118e+00   8.370e+00  10  sdss  5619  82S  6 
   33  53634.317308  0  22.243  1.183  0.240  1.132   4.842e+00   3.965e+00   1.057e+00   4.981e+00  7  sdss  5619  82S  6 
   33  53638.360436  1  22.248  0.179  0.077  0.176   4.473e+00   7.351e-01   3.204e-01   7.307e-01  11  sdss  5637  82S  6 
   32  53638.357119  2  21.476  0.123  0.050  0.112   9.262e+00   1.052e+00   4.254e-01   9.647e-01  11  sdss  5637  82S  6 
   32  53638.357948  3  21.567  0.186  0.062  0.178   8.383e+00   1.443e+00   4.846e-01   1.391e+00  10  sdss  5637  82S  6 
   32  53638.359607  4  21.196  0.403  0.100  0.375   1.136e+01   4.512e+00   1.158e+00   4.339e+00  10  sdss  5637  82S  6 
   33  53638.358778  0  22.285  0.494  0.161  0.730   4.654e+00   1.972e+00   6.845e-01   3.094e+00  7  sdss  5637  82S  6 
   32  53640.324448  1  21.939  0.125  0.080  0.151   5.959e+00   6.859e-01   4.386e-01   8.304e-01  11  sdss  5646  82S  6 
   32  53640.321131  2  22.256  0.227  0.086  0.221   4.484e+00   9.432e-01   3.625e-01   9.341e-01  11  sdss  5646  82S  6 
   32  53640.321960  3  21.518  0.181  0.088  0.200   8.775e+00   1.466e+00   7.228e-01   1.637e+00  10  sdss  5646  82S  6 
   32  53640.323619  4  21.323  0.459  0.337  0.515   9.975e+00   4.604e+00   3.507e+00   5.366e+00  10  sdss  5646  82S  6 
    0  53640.322789  0  22.062  0.393  0.082  0.713   5.741e+00   1.958e+00   4.264e-01   3.697e+00  7  sdss  5646  82S  6 
   33  53655.296458  1  22.050  0.172  0.085  0.199   5.377e+00   8.483e-01   4.244e-01   9.891e-01  11  sdss  5713  82S  6 
   32  53655.293141  2  21.991  0.227  0.054  0.246   5.743e+00   1.198e+00   2.919e-01   1.321e+00  11  sdss  5713  82S  6 
   32  53655.293971  3  22.370  0.531  0.171  0.596   3.922e+00   1.899e+00   6.514e-01   2.269e+00  10  sdss  5713  82S  6 
   32  53655.295629  4  21.531  0.650  0.165  0.694   7.982e+00   5.445e+00   1.454e+00   6.125e+00  10  sdss  5713  82S  6 
   33  53655.294800  0  22.863  0.903  0.256  1.428   2.667e+00   2.005e+00   6.548e-01   3.651e+00  7  sdss  5713  82S  6 
   33  53664.321489  1  21.839  0.223  0.161  0.170   6.537e+00   1.327e+00   9.678e-01   1.023e+00  11  sdss  5754  82S  6 
   33  53664.318172  2  21.727  0.205  0.103  0.184   7.341e+00   1.381e+00   7.001e-01   1.255e+00  11  sdss  5754  82S  6 
   32  53664.319001  3  21.592  0.237  0.190  0.215   8.189e+00   1.783e+00   1.450e+00   1.641e+00  10  sdss  5754  82S  6 
    0  53664.320659  4  20.604  0.290  0.295  0.297   2.028e+01   5.482e+00   5.703e+00   5.748e+00  10  sdss  5754  82S  6 
   33  53664.319830  0  23.002  1.628  0.419  1.593   2.321e+00   3.017e+00   9.539e-01   3.626e+00  7  sdss  5754  82S  6 
   32  53669.280427  1  21.772  0.094  0.037  0.088   6.955e+00   6.008e-01   2.392e-01   5.614e-01  11  sdss  5776  82S  6 
   32  53669.277110  2  21.517  0.106  0.042  0.080   8.917e+00   8.760e-01   3.489e-01   6.658e-01  11  sdss  5776  82S  6 
    0  53669.277939  3  21.610  0.180  0.061  0.147   8.054e+00   1.343e+00   4.611e-01   1.102e+00  10  sdss  5776  82S  6 
   32  53669.279598  4  21.442  0.439  0.169  0.362   8.795e+00   4.035e+00   1.603e+00   3.431e+00  10  sdss  5776  82S  6 
   40  53669.278769  0  22.762  0.554  0.319  0.712   2.944e+00   1.445e+00   8.881e-01   1.983e+00  7  sdss  5776  82S  6 
   32  53671.365048  1  22.048  0.147  0.069  0.136   5.387e+00   7.279e-01   3.435e-01   6.766e-01  11  sdss  5786  82S  6 
   32  53671.361731  2  21.842  0.180  0.075  0.169   6.598e+00   1.097e+00   4.612e-01   1.036e+00  11  sdss  5786  82S  6 
   32  53671.362561  3  21.762  0.228  0.067  0.203   6.987e+00   1.475e+00   4.371e-01   1.330e+00  10  sdss  5786  82S  6 
   32  53671.364219  4  21.413  0.546  0.151  0.485   9.072e+00   5.047e+00   1.466e+00   4.697e+00  10  sdss  5786  82S  6 
   32  53671.363390  0  22.416  0.612  0.150  0.834   4.110e+00   2.116e+00   5.669e-01   3.144e+00  7  sdss  5786  82S  6 
   32  53674.264694  1  21.859  0.124  0.030  0.213   6.417e+00   7.314e-01   1.780e-01   1.263e+00  11  sdss  5797  82S  6 
   32  53674.261377  2  21.755  0.164  0.102  0.222   7.152e+00   1.080e+00   6.813e-01   1.477e+00  11  sdss  5797  82S  6 
   32  53674.262206  3  21.528  0.192  0.089  0.262   8.693e+00   1.537e+00   7.203e-01   2.122e+00  10  sdss  5797  82S  6 
   32  53674.263865  4  21.440  0.532  0.152  0.740   8.814e+00   4.832e+00   1.442e+00   7.016e+00  10  sdss  5797  82S  6 
   32  53674.263036  0  22.757  0.794  0.236  1.672   2.959e+00   1.965e+00   6.597e-01   4.676e+00  7  sdss  5797  82S  6 
    0  53676.354028  1  21.677  0.094  0.044  0.086   7.594e+00   6.572e-01   3.060e-01   6.008e-01  11  sdss  5807  82S  6 
   32  53676.350711  2  21.486  0.126  0.061  0.122   9.177e+00   1.067e+00   5.187e-01   1.043e+00  11  sdss  5807  82S  6 
   32  53676.351540  3  21.376  0.154  0.038  0.143   1.001e+01   1.427e+00   3.567e-01   1.329e+00  10  sdss  5807  82S  6 
    0  53676.353199  4  21.044  0.322  0.185  0.286   1.324e+01   4.143e+00   2.429e+00   3.759e+00  10  sdss  5807  82S  6 
    0  53676.352369  0  22.286  0.481  0.066  0.654   4.650e+00   1.923e+00   2.802e-01   2.769e+00  7  sdss  5807  82S  6 
   32  53679.325714  1  21.808  0.119  0.068  0.190   6.728e+00   7.370e-01   4.230e-01   1.181e+00  11  sdss  5820  82S  6 
   32  53679.322397  2  21.540  0.159  0.064  0.222   8.729e+00   1.281e+00   5.150e-01   1.799e+00  11  sdss  5820  82S  6 
   32  53679.323226  3  21.417  0.204  0.071  0.273   9.639e+00   1.809e+00   6.414e-01   2.449e+00  10  sdss  5820  82S  6 
   32  53679.324885  4  21.364  0.558  0.209  0.623   9.556e+00   5.346e+00   2.110e+00   6.271e+00  10  sdss  5820  82S  6 
   40  53679.324055  0  22.845  0.897  1.174  1.978   2.716e+00   2.022e+00   3.050e+00   5.135e+00  7  sdss  5820  82S  6 
   12  53681.317082  1  21.625  0.112  0.102  0.069   7.967e+00   8.191e-01   7.501e-01   5.055e-01  11  sdss  5836  82S  6 
   60  53681.313765  2  21.477  0.204  0.664  0.103   9.254e+00   1.734e+00   5.696e+00   8.850e-01  11  sdss  5836  82S  6 
   36  53681.314595  3  21.593  0.354  0.268  0.163   8.182e+00   2.616e+00   2.043e+00   1.242e+00  10  sdss  5836  82S  6 
    4  53681.316253  4  21.137  0.519  0.091  0.253   1.206e+01   5.979e+00   1.111e+00   3.077e+00  10  sdss  5836  82S  6 
  164  53681.315424  0  24.028  1.805  0.618  2.088   6.544e-01   2.736e+00   6.977e-01   2.358e+00  7  sdss  5836  82S  6 
    1  53685.275845  1  21.416  0.183  0.084  0.094   9.663e+00   1.608e+00   7.423e-01   8.351e-01  11  sdss  5853  82S  6 
   33  53685.272529  2  22.021  0.429  0.161  0.313   5.586e+00   2.134e+00   8.411e-01   1.632e+00  11  sdss  5853  82S  6 
   33  53685.273358  3  21.738  0.372  0.176  0.338   7.146e+00   2.399e+00   1.179e+00   2.265e+00  10  sdss  5853  82S  6 
   32  53685.275016  4  22.465  0.977  0.268  1.150   1.826e+00   5.587e+00   1.385e+00   5.934e+00  10  sdss  5853  82S  6 
   33  53685.274187  0  22.139  1.159  0.183  1.022   5.340e+00   4.273e+00   8.859e-01   4.942e+00  7  sdss  5853  82S  6 
    0  53697.273107  1  21.774  0.122  0.054  0.097   6.942e+00   7.787e-01   3.423e-01   6.209e-01  11  sdss  5895  82S  6 
   32  53697.269791  2  21.720  0.152  0.063  0.123   7.389e+00   1.041e+00   4.334e-01   8.448e-01  11  sdss  5895  82S  6 
   40  53697.270620  3  21.309  0.175  0.157  0.133   1.066e+01   1.720e+00   1.554e+00   1.314e+00  10  sdss  5895  82S  6 
    0  53697.272278  4  21.146  0.372  0.081  0.327   1.195e+01   4.355e+00   9.814e-01   3.940e+00  10  sdss  5895  82S  6 
   32  53697.271449  0  23.225  1.191  0.180  1.359   1.842e+00   1.993e+00   3.424e-01   2.582e+00  7  sdss  5895  82S  6 
   32  53700.271777  1  21.647  0.119  0.123  0.231   7.806e+00   8.515e-01   8.829e-01   1.657e+00  11  sdss  5905  82S  6 
   32  53700.268460  2  21.499  0.151  0.111  0.227   9.067e+00   1.260e+00   9.343e-01   1.909e+00  11  sdss  5905  82S  6 
   32  53700.269289  3  21.337  0.188  0.101  0.269   1.038e+01   1.797e+00   9.785e-01   2.594e+00  10  sdss  5905  82S  6 
   32  53700.270948  4  20.870  0.456  0.220  0.736   1.571e+01   6.650e+00   3.358e+00   1.125e+01  10  sdss  5905  82S  6 
   34  53700.270118  0  22.971  1.218  0.462  3.027   2.394e+00   2.357e+00   1.078e+00   7.062e+00  7  sdss  5905  82S  6 
   32  53705.257825  1  21.539  0.089  0.049  0.115   8.626e+00   7.031e-01   3.903e-01   9.151e-01  11  sdss  5924  82S  6 
   32  53705.254508  2  21.350  0.105  0.070  0.119   1.040e+01   1.007e+00   6.741e-01   1.152e+00  11  sdss  5924  82S  6 
   32  53705.255338  3  21.277  0.144  0.079  0.181   1.098e+01   1.457e+00   8.060e-01   1.843e+00  10  sdss  5924  82S  6 
   32  53705.256996  4  21.329  0.403  0.279  0.462   9.912e+00   4.061e+00   2.891e+00   4.786e+00  10  sdss  5924  82S  6 
   32  53705.256167  0  22.413  0.524  0.064  0.942   4.121e+00   1.857e+00   2.406e-01   3.561e+00  7  sdss  5924  82S  6 
