# SDSS CID:  17464 IAU: 2007jb   RA:   6.640680 DEC:   0.041864  (J2000)
# GALAXY_SB [ugriz] = [ 23.95 23.95 23.60 23.39 22.44 ] +/- [  0.23  0.08  0.08  0.08  0.11 ] (asinh mag/square arcsec)
# GALAXY_SB_FLUX [ugriz] = [  7.036E-01  8.275E-01  1.172E+00  1.314E+00  1.904E+00 ] +/- [  2.651E-01  8.047E-02  1.122E-01  1.395E-01  5.774E-01 ] (microJy per square arcsec)
#FLAG  MJD       FILT  MAG     MERR  MSKYERR MGALERR  FLUX       FLUXERR    SKYERR     GALERR    NPRE TELE   RUN  STRIP  IDCCD
    0  54357.301981  1  21.123  0.047  0.026  0.030   1.267e+01   5.445e-01   3.081e-01   3.475e-01  9  sdss  6955  82S  4 
    0  54357.298664  2  20.837  0.051  0.014  0.026   1.671e+01   7.867e-01   2.139e-01   4.000e-01  8  sdss  6955  82S  4 
    0  54357.299493  3  20.713  0.070  0.027  0.029   1.850e+01   1.177e+00   4.518e-01   4.867e-01  10  sdss  6955  82S  4 
    0  54357.301152  4  20.804  0.218  0.035  0.113   1.675e+01   3.455e+00   5.628e-01   1.805e+00  9  sdss  6955  82S  4 
    4  54357.300323  0  23.008  0.708  0.053  0.532   2.306e+00   1.487e+00   1.219e-01   1.219e+00  8  sdss  6955  82S  4 
    0  54362.351798  1  21.210  0.054  0.040  0.040   1.168e+01   5.783e-01   4.337e-01   4.312e-01  9  sdss  6976  82S  4 
    0  54362.348480  2  20.906  0.061  0.040  0.035   1.569e+01   8.710e-01   5.830e-01   5.068e-01  8  sdss  6976  82S  4 
    0  54362.349310  3  20.731  0.081  0.040  0.039   1.819e+01   1.351e+00   6.678e-01   6.565e-01  10  sdss  6976  82S  4 
    0  54362.350968  4  21.755  0.599  0.271  0.341   6.164e+00   4.336e+00   2.014e+00   2.540e+00  9  sdss  6976  82S  4 
    4  54362.350139  0  22.790  0.660  0.071  0.586   2.867e+00   1.667e+00   1.961e-01   1.616e+00  8  sdss  6976  82S  4 
    4  54379.341940  1  22.876  0.535  0.641  0.415   2.480e+00   1.174e+00   1.508e+00   9.753e-01  9  sdss  7024  82S  4 
 1180  54379.338623  2  21.029  1.309  3.961  0.065   1.400e+01   1.171e+01   5.093e+01   8.306e-01  8  sdss  7024  82S  4 
    0  54379.339452  3  21.710  0.249  0.122  0.241   7.338e+00   1.663e+00   8.260e-01   1.641e+00  10  sdss  7024  82S  4 
  132  54379.341111  4  24.033  1.106  0.899  0.437  -7.122e+00   8.371e+00   7.302e+00   3.548e+00  9  sdss  7024  82S  4 
   12  54379.340281  0  25.920  1.198  0.992  1.104  -1.504e+00   1.839e+00   1.653e+00   1.840e+00  8  sdss  7024  82S  4 
    2  54382.332045  1  22.638  0.251  0.343  0.476   3.107e+00   7.194e-01   9.991e-01   1.386e+00  9  sdss  7038  82S  4 
    0  54382.328728  2  21.987  0.196  0.129  0.221   5.767e+00   1.038e+00   6.889e-01   1.181e+00  8  sdss  7038  82S  4 
    0  54382.329557  3  21.845  0.275  0.210  0.270   6.466e+00   1.620e+00   1.262e+00   1.624e+00  10  sdss  7038  82S  4 
    0  54382.331216  4  21.446  0.732  0.678  0.726   8.759e+00   6.386e+00   6.347e+00   6.800e+00  9  sdss  7038  82S  4 
    2  54382.330386  0  22.213  0.506  0.219  0.883   4.981e+00   2.180e+00   1.003e+00   4.057e+00  8  sdss  7038  82S  4 
    0  54385.349956  1  23.624  0.461  0.200  0.288   1.185e+00   5.491e-01   2.469e-01   3.563e-01  9  sdss  7051  82S  4 
    0  54385.346639  2  21.918  0.136  0.050  0.070   6.150e+00   7.691e-01   2.824e-01   3.987e-01  8  sdss  7051  82S  4 
    0  54385.347468  3  21.593  0.151  0.047  0.060   8.185e+00   1.134e+00   3.546e-01   4.512e-01  10  sdss  7051  82S  4 
    0  54385.349126  4  23.044  0.663  0.233  0.396  -1.036e+00   3.486e+00   1.157e+00   1.970e+00  9  sdss  7051  82S  4 
    8  54385.348297  0  22.922  0.690  0.380  0.581   2.514e+00   1.556e+00   9.373e-01   1.433e+00  8  sdss  7051  82S  4 
    0  54387.350314  1  23.246  0.388  0.336  0.507   1.736e+00   6.375e-01   5.704e-01   8.607e-01  9  sdss  7057  82S  4 
    0  54387.346997  2  22.380  0.255  0.229  0.220   3.991e+00   9.376e-01   8.573e-01   8.226e-01  8  sdss  7057  82S  4 
    0  54387.347826  3  22.040  0.289  0.255  0.232   5.379e+00   1.428e+00   1.286e+00   1.169e+00  10  sdss  7057  82S  4 
   32  54387.349485  4  22.297  0.864  0.869  0.885   2.720e+00   5.005e+00   4.755e+00   4.842e+00  9  sdss  7057  82S  4 
   32  54387.348655  0  23.623  1.657  0.424  2.222   1.172e+00   2.531e+00   6.075e-01   3.185e+00  8  sdss  7057  82S  4 
   32  54392.344808  1  24.281  0.886  1.010  1.253   5.432e-01   6.859e-01   7.796e-01   9.668e-01  9  sdss  7076  82S  4 
    0  54392.341491  2  22.630  0.356  0.319  0.314   3.149e+00   1.033e+00   9.560e-01   9.409e-01  8  sdss  7076  82S  4 
    0  54392.342320  3  21.565  0.204  0.187  0.164   8.402e+00   1.563e+00   1.447e+00   1.272e+00  10  sdss  7076  82S  4 
    0  54392.343978  4  23.268  1.072  1.155  1.284  -2.179e+00   6.333e+00   6.086e+00   6.762e+00  9  sdss  7076  82S  4 
    0  54392.343149  0  27.096  0.802  0.239  1.052  -4.877e+00   3.115e+00   1.074e+00   4.735e+00  8  sdss  7076  82S  4 
    1  54394.332693  1  23.602  0.658  0.664  0.477   1.213e+00   7.729e-01   8.350e-01   6.008e-01  9  sdss  7084  82S  4 
    0  54394.329376  2  22.418  0.364  0.302  0.278   3.850e+00   1.272e+00   1.091e+00   1.007e+00  8  sdss  7084  82S  4 
    0  54394.330205  3  21.831  0.276  0.186  0.181   6.551e+00   1.651e+00   1.131e+00   1.102e+00  10  sdss  7084  82S  4 
    0  54394.331864  4  23.437  0.830  0.661  0.663  -3.102e+00   4.875e+00   3.725e+00   3.741e+00  9  sdss  7084  82S  4 
   40  54394.331034  0  24.492  1.724  2.865  2.953   1.687e-01   2.472e+00   2.810e+00   2.896e+00  8  sdss  7084  82S  4 
    1  54402.342623  1  23.500  1.351  0.435  0.431   1.347e+00   1.525e+00   5.953e-01   5.897e-01  9  sdss  7101  82S  4 
    1  54402.339306  2  22.823  0.675  0.186  0.281   2.615e+00   1.549e+00   4.699e-01   7.089e-01  8  sdss  7101  82S  4 
    1  54402.340135  3  22.740  0.647  0.236  0.259   2.719e+00   1.652e+00   6.500e-01   7.115e-01  10  sdss  7101  82S  4 
    0  54402.341793  4  21.125  0.420  0.127  0.224   1.221e+01   4.931e+00   1.543e+00   2.729e+00  9  sdss  7101  82S  4 
    1  54402.340964  0  27.403  1.169  0.338  0.432  -6.504e+00   5.221e+00   2.007e+00   2.567e+00  8  sdss  7101  82S  4 
    0  54408.256754  1  23.951  0.539  0.315  0.442   8.270e-01   5.029e-01   3.022e-01   4.241e-01  9  sdss  7127  82S  4 
    0  54408.253437  2  22.944  0.371  0.140  0.206   2.323e+00   8.181e-01   3.180e-01   4.691e-01  8  sdss  7127  82S  4 
    0  54408.254267  3  22.596  0.419  0.136  0.188   3.144e+00   1.253e+00   4.228e-01   5.835e-01  10  sdss  7127  82S  4 
    0  54408.255925  4  21.574  0.527  0.091  0.298   7.608e+00   4.317e+00   7.750e-01   2.529e+00  9  sdss  7127  82S  4 
   32  54408.255096  0  23.511  1.072  0.223  1.031   1.341e+00   1.570e+00   3.450e-01   1.598e+00  8  sdss  7127  82S  4 
    0  54411.214599  1  24.051  0.516  0.236  0.274   7.348e-01   4.519e-01   2.109e-01   2.450e-01  9  sdss  7136  82S  4 
    0  54411.211282  2  23.162  0.451  0.198  0.221   1.868e+00   8.194e-01   3.748e-01   4.172e-01  8  sdss  7136  82S  4 
    0  54411.212111  3  22.454  0.351  0.110  0.128   3.617e+00   1.197e+00   3.857e-01   4.483e-01  10  sdss  7136  82S  4 
    0  54411.213770  4  22.087  0.559  0.164  0.257   3.933e+00   3.392e+00   9.911e-01   1.558e+00  9  sdss  7136  82S  4 
    4  54411.212940  0  25.913  0.930  0.268  0.753  -1.493e+00   1.436e+00   4.433e-01   1.249e+00  8  sdss  7136  82S  4 
   32  54413.254991  1  24.102  0.585  0.351  0.483   6.898e-01   4.948e-01   3.031e-01   4.175e-01  9  sdss  7145  82S  4 
   32  54413.251674  2  23.676  0.748  0.541  0.662   1.070e+00   9.065e-01   6.838e-01   8.380e-01  8  sdss  7145  82S  4 
    0  54413.252503  3  22.637  0.467  0.184  0.265   3.018e+00   1.339e+00   5.521e-01   7.949e-01  10  sdss  7145  82S  4 
   32  54413.254162  4  22.730  0.770  0.435  0.528   5.026e-01   4.087e+00   2.131e+00   2.586e+00  9  sdss  7145  82S  4 
   40  54413.253332  0  24.001  1.308  0.929  1.900   6.847e-01   1.692e+00   1.068e+00   2.182e+00  8  sdss  7145  82S  4 
    0  54417.256819  1  23.809  0.482  0.254  0.405   9.714e-01   4.985e-01   2.713e-01   4.326e-01  9  sdss  7158  82S  4 
    0  54417.253502  2  22.814  0.342  0.245  0.244   2.637e+00   8.462e-01   6.246e-01   6.213e-01  8  sdss  7158  82S  4 
    0  54417.254331  3  22.425  0.359  0.154  0.170   3.721e+00   1.254e+00   5.553e-01   6.126e-01  10  sdss  7158  82S  4 
   32  54417.255989  4  22.573  0.805  0.183  0.513   1.277e+00   4.371e+00   9.192e-01   2.575e+00  9  sdss  7158  82S  4 
    0  54417.255160  0  26.517  0.653  0.103  0.632  -2.798e+00   1.619e+00   2.787e-01   1.707e+00  8  sdss  7158  82S  4 
   32  54418.254725  1  24.261  0.653  0.343  0.590   5.587e-01   5.062e-01   2.678e-01   4.604e-01  9  sdss  7161  82S  4 
   32  54418.251408  2  23.560  0.600  0.418  0.363   1.224e+00   7.925e-01   5.750e-01   5.005e-01  8  sdss  7161  82S  4 
   32  54418.252238  3  23.773  0.881  0.583  0.530   7.320e-01   1.260e+00   7.921e-01   7.204e-01  10  sdss  7161  82S  4 
  128  54418.253896  4  23.692  0.618  0.463  0.405  -4.640e+00   3.964e+00   2.991e+00   2.616e+00  9  sdss  7161  82S  4 
   32  54418.253067  0  23.482  1.230  0.136  1.481   1.388e+00   1.833e+00   2.159e-01   2.342e+00  8  sdss  7161  82S  4 
    1  54422.259289  1  23.387  0.701  0.481  0.541   1.510e+00   9.627e-01   7.238e-01   8.136e-01  9  sdss  7173  82S  4 
    0  54422.255972  2  22.993  0.563  0.354  0.400   2.213e+00   1.151e+00   7.713e-01   8.719e-01  8  sdss  7173  82S  4 
   32  54422.256802  3  23.178  0.777  0.465  0.451   1.697e+00   1.437e+00   9.068e-01   8.787e-01  10  sdss  7173  82S  4 
    0  54422.258460  4  22.138  0.781  0.620  0.614   3.625e+00   4.698e+00   3.653e+00   3.616e+00  9  sdss  7173  82S  4 
   41  54422.257631  0  24.637  1.638  1.843  2.421   2.741e-02   2.260e+00   1.786e+00   2.346e+00  8  sdss  7173  82S  4 
