# SDSS CID:   1204 IAU:          RA:  33.081326 DEC:   0.977883  (J2000)
# GALAXY_SB [ugriz] = [ 21.40 20.93 20.46 20.10 19.79 ] +/- [  0.05  0.01  0.01  0.01  0.02 ] (asinh mag/square arcsec)
# GALAXY_SB_FLUX [ugriz] = [  1.034E+01  1.509E+01  2.356E+01  3.270E+01  4.314E+01 ] +/- [  5.140E-01  1.300E-01  1.748E-01  2.655E-01  9.838E-01 ] (microJy per square arcsec)
#FLAG  MJD       FILT  MAG     MERR  MSKYERR MGALERR  FLUX       FLUXERR    SKYERR     GALERR    NPRE TELE   RUN  STRIP  IDCCD
    0  53622.418998  1  20.558  0.040  0.012  0.034   2.132e+01   7.835e-01   2.354e-01   6.671e-01  16  sdss  5582  82S  6 
   32  53622.415680  2  20.775  0.060  0.009  0.055   1.770e+01   9.843e-01   1.493e-01   9.038e-01  16  sdss  5582  82S  6 
   32  53622.416509  3  20.864  0.097  0.020  0.076   1.609e+01   1.452e+00   2.970e-01   1.143e+00  17  sdss  5582  82S  6 
   32  53622.418168  4  20.845  0.277  0.137  0.273   1.609e+01   4.277e+00   2.159e+00   4.293e+00  14  sdss  5582  82S  6 
    0  53622.417339  0  20.825  0.117  0.007  0.177   1.807e+01   1.887e+00   1.187e-01   2.857e+00  7  sdss  5582  82S  6 
    0  53627.376262  1  20.599  0.042  0.024  0.047   2.052e+01   7.941e-01   4.557e-01   8.949e-01  16  sdss  5607  82S  6 
   32  53627.372945  2  20.752  0.067  0.024  0.102   1.807e+01   1.133e+00   4.019e-01   1.712e+00  16  sdss  5607  82S  6 
   32  53627.373774  3  20.886  0.115  0.077  0.176   1.577e+01   1.692e+00   1.140e+00   2.595e+00  17  sdss  5607  82S  6 
   32  53627.375433  4  20.402  0.201  0.199  0.319   2.454e+01   4.634e+00   4.651e+00   7.460e+00  14  sdss  5607  82S  6 
    0  53627.374603  0  20.578  0.104  0.017  0.231   2.269e+01   2.097e+00   3.497e-01   4.679e+00  7  sdss  5607  82S  6 
  129  53634.368779  1  20.805  0.107  0.021  0.049   1.697e+01   1.666e+00   3.295e-01   7.734e-01  16  sdss  5619  82S  6 
   33  53634.365461  2  20.992  0.132  0.013  0.088   1.448e+01   1.777e+00   1.754e-01   1.193e+00  16  sdss  5619  82S  6 
   33  53634.366291  3  20.764  0.141  0.041  0.130   1.765e+01   2.311e+00   6.743e-01   2.149e+00  17  sdss  5619  82S  6 
   32  53634.367949  4  20.330  0.233  0.133  0.340   2.627e+01   5.714e+00   3.306e+00   8.477e+00  14  sdss  5619  82S  6 
  129  53634.367120  0  20.686  0.264  0.164  0.326   2.054e+01   4.745e+00   3.010e+00   5.981e+00  7  sdss  5619  82S  6 
    1  53638.410356  1  20.657  0.045  0.003  0.027   1.945e+01   8.091e-01   5.466e-02   4.877e-01  16  sdss  5637  82S  6 
   32  53638.407039  2  20.980  0.074  0.007  0.052   1.465e+01   1.013e+00   1.010e-01   7.091e-01  16  sdss  5637  82S  6 
   32  53638.407868  3  20.924  0.108  0.027  0.078   1.522e+01   1.541e+00   3.807e-01   1.118e+00  17  sdss  5637  82S  6 
   32  53638.409527  4  20.603  0.242  0.046  0.208   2.030e+01   4.654e+00   9.034e-01   4.049e+00  14  sdss  5637  82S  6 
    9  53638.408697  0  20.793  0.120  0.065  0.138   1.861e+01   1.988e+00   1.079e+00   2.290e+00  7  sdss  5637  82S  6 
    0  53640.374422  1  20.656  0.045  0.022  0.046   1.947e+01   8.097e-01   3.907e-01   8.352e-01  16  sdss  5646  82S  6 
   32  53640.371104  2  20.983  0.077  0.034  0.070   1.461e+01   1.046e+00   4.565e-01   9.505e-01  16  sdss  5646  82S  6 
   32  53640.371934  3  21.049  0.122  0.048  0.121   1.356e+01   1.541e+00   6.118e-01   1.533e+00  17  sdss  5646  82S  6 
  160  53640.373593  4  20.864  0.310  0.292  0.444   1.580e+01   4.699e+00   4.519e+00   6.876e+00  14  sdss  5646  82S  6 
  128  53640.372763  0  20.745  0.123  0.032  0.186   1.944e+01   2.121e+00   5.508e-01   3.222e+00  7  sdss  5646  82S  6 
    0  53646.436347  1  20.604  0.050  0.035  0.046   2.043e+01   9.479e-01   6.681e-01   8.622e-01  16  sdss  5681  82S  6 
   32  53646.433030  2  20.817  0.071  0.029  0.053   1.703e+01   1.123e+00   4.558e-01   8.442e-01  16  sdss  5681  82S  6 
   44  53646.433859  3  20.755  0.106  0.071  0.078   1.779e+01   1.768e+00   1.185e+00   1.306e+00  17  sdss  5681  82S  6 
  164  53646.435518  4  20.621  0.358  0.187  0.267   1.995e+01   6.653e+00   3.589e+00   5.119e+00  14  sdss  5681  82S  6 
    4  53646.434688  0  20.549  0.129  0.025  0.162   2.330e+01   2.660e+00   5.098e-01   3.362e+00  7  sdss  5681  82S  6 
    0  53655.347272  1  20.550  0.040  0.013  0.031   2.147e+01   7.882e-01   2.568e-01   6.083e-01  16  sdss  5713  82S  6 
   40  53655.343954  2  20.779  0.064  0.038  0.069   1.763e+01   1.053e+00   6.278e-01   1.132e+00  16  sdss  5713  82S  6 
   32  53655.344784  3  20.928  0.114  0.047  0.119   1.517e+01   1.621e+00   6.685e-01   1.685e+00  17  sdss  5713  82S  6 
  160  53655.346442  4  20.279  0.189  0.033  0.201   2.758e+01   4.881e+00   8.726e-01   5.237e+00  14  sdss  5713  82S  6 
    8  53655.345613  0  20.587  0.096  0.074  0.174   2.250e+01   1.923e+00   1.492e+00   3.492e+00  7  sdss  5713  82S  6 
    1  53664.372153  1  20.547  0.113  0.123  0.037   2.153e+01   2.234e+00   2.447e+00   7.408e-01  16  sdss  5754  82S  6 
   41  53664.368836  2  21.012  0.176  0.284  0.070   1.423e+01   2.312e+00   3.766e+00   9.270e-01  16  sdss  5754  82S  6 
   61  53664.369665  3  20.576  0.161  0.636  0.068   2.099e+01   3.142e+00   1.249e+01   1.345e+00  17  sdss  5754  82S  6 
   61  53664.371324  4  20.992  0.785  1.456  0.339   1.394e+01   9.655e+00   2.019e+01   4.700e+00  14  sdss  5754  82S  6 
    5  53664.370495  0  20.410  0.193  0.070  0.123   2.648e+01   4.513e+00   1.660e+00   2.913e+00  7  sdss  5754  82S  6 
    1  53665.436913  1  20.691  0.064  0.011  0.032   1.885e+01   1.114e+00   1.872e-01   5.528e-01  16  sdss  5760  82S  6 
   33  53665.433595  2  20.860  0.083  0.014  0.046   1.636e+01   1.267e+00   2.138e-01   7.077e-01  16  sdss  5760  82S  6 
   33  53665.434425  3  20.861  0.113  0.037  0.065   1.614e+01   1.708e+00   5.528e-01   9.858e-01  17  sdss  5760  82S  6 
   33  53665.436084  4  20.874  0.340  0.139  0.218   1.564e+01   5.076e+00   2.128e+00   3.353e+00  14  sdss  5760  82S  6 
    1  53665.435254  0  20.656  0.168  0.008  0.129   2.111e+01   3.134e+00   1.534e-01   2.428e+00  7  sdss  5760  82S  6 
   32  53669.331653  1  20.679  0.050  0.019  0.072   1.906e+01   8.765e-01   3.413e-01   1.269e+00  16  sdss  5776  82S  6 
   32  53669.328335  2  21.034  0.088  0.016  0.115   1.394e+01   1.135e+00   2.091e-01   1.499e+00  16  sdss  5776  82S  6 
   32  53669.329165  3  20.763  0.105  0.028  0.132   1.767e+01   1.729e+00   4.596e-01   2.181e+00  17  sdss  5776  82S  6 
   32  53669.330823  4  21.274  0.481  0.056  0.709   1.050e+01   5.035e+00   6.165e-01   7.742e+00  14  sdss  5776  82S  6 
    8  53669.329994  0  20.747  0.126  0.087  0.244   1.941e+01   2.180e+00   1.498e+00   4.234e+00  7  sdss  5776  82S  6 
   32  53670.431567  1  20.624  0.061  0.029  0.084   2.005e+01   1.125e+00   5.342e-01   1.549e+00  16  sdss  5782  82S  6 
   32  53670.428250  2  20.920  0.094  0.044  0.118   1.548e+01   1.356e+00   6.311e-01   1.709e+00  16  sdss  5782  82S  6 
   32  53670.429079  3  21.230  0.181  0.109  0.253   1.147e+01   1.933e+00   1.169e+00   2.721e+00  17  sdss  5782  82S  6 
   32  53670.430738  4  20.150  0.220  0.154  0.326   3.112e+01   6.380e+00   4.526e+00   9.560e+00  14  sdss  5782  82S  6 
    2  53670.429908  0  20.706  0.191  0.060  0.472   2.016e+01   3.402e+00   1.076e+00   8.496e+00  7  sdss  5782  82S  6 
    0  53671.416336  1  20.698  0.053  0.023  0.040   1.873e+01   9.115e-01   3.996e-01   6.929e-01  16  sdss  5786  82S  6 
   32  53671.413019  2  20.855  0.078  0.027  0.056   1.644e+01   1.188e+00   4.171e-01   8.517e-01  16  sdss  5786  82S  6 
   32  53671.413848  3  21.015  0.132  0.025  0.127   1.400e+01   1.721e+00   3.343e-01   1.662e+00  17  sdss  5786  82S  6 
  160  53671.415506  4  21.157  0.417  0.063  0.417   1.183e+01   4.844e+00   7.567e-01   5.025e+00  14  sdss  5786  82S  6 
    0  53671.414677  0  20.555  0.119  0.034  0.159   2.317e+01   2.455e+00   7.044e-01   3.287e+00  7  sdss  5786  82S  6 
   32  53674.315647  1  20.568  0.047  0.026  0.063   2.112e+01   9.211e-01   5.054e-01   1.223e+00  16  sdss  5797  82S  6 
   40  53674.312330  2  20.836  0.070  0.052  0.093   1.673e+01   1.094e+00   8.150e-01   1.458e+00  16  sdss  5797  82S  6 
   32  53674.313159  3  20.710  0.097  0.018  0.132   1.855e+01   1.688e+00   3.077e-01   2.295e+00  17  sdss  5797  82S  6 
   32  53674.314818  4  20.794  0.370  0.393  0.725   1.690e+01   5.895e+00   6.476e+00   1.194e+01  14  sdss  5797  82S  6 
    0  53674.313989  0  20.693  0.126  0.048  0.304   2.040e+01   2.289e+00   8.787e-01   5.529e+00  7  sdss  5797  82S  6 
    0  53676.405041  1  20.513  0.040  0.022  0.030   2.221e+01   8.108e-01   4.429e-01   6.212e-01  16  sdss  5807  82S  6 
   32  53676.401724  2  20.851  0.070  0.012  0.046   1.650e+01   1.082e+00   1.901e-01   7.066e-01  16  sdss  5807  82S  6 
   32  53676.402554  3  20.803  0.097  0.009  0.061   1.702e+01   1.546e+00   1.430e-01   9.773e-01  17  sdss  5807  82S  6 
   32  53676.404212  4  20.573  0.228  0.031  0.191   2.088e+01   4.503e+00   6.258e-01   3.828e+00  14  sdss  5807  82S  6 
    0  53676.403383  0  20.444  0.100  0.018  0.096   2.567e+01   2.279e+00   4.144e-01   2.198e+00  7  sdss  5807  82S  6 
    0  53679.376812  1  20.453  0.037  0.006  0.053   2.348e+01   8.095e-01   1.355e-01   1.141e+00  16  sdss  5820  82S  6 
   32  53679.373495  2  20.880  0.085  0.022  0.116   1.607e+01   1.275e+00   3.364e-01   1.737e+00  16  sdss  5820  82S  6 
  160  53679.374324  3  21.088  0.156  0.060  0.205   1.308e+01   1.896e+00   7.343e-01   2.520e+00  17  sdss  5820  82S  6 
   32  53679.375983  4  20.670  0.312  0.200  0.387   1.904e+01   5.587e+00   3.678e+00   7.118e+00  14  sdss  5820  82S  6 
    0  53679.375153  0  20.820  0.148  0.051  0.351   1.815e+01   2.389e+00   8.235e-01   5.691e+00  7  sdss  5820  82S  6 
    0  53681.368653  1  20.632  0.040  0.003  0.032   1.991e+01   7.415e-01   6.311e-02   5.910e-01  16  sdss  5836  82S  6 
   32  53681.365336  2  20.808  0.064  0.009  0.053   1.716e+01   1.018e+00   1.436e-01   8.548e-01  16  sdss  5836  82S  6 
   32  53681.366165  3  20.894  0.100  0.024  0.076   1.565e+01   1.462e+00   3.474e-01   1.108e+00  17  sdss  5836  82S  6 
   32  53681.367824  4  20.682  0.239  0.138  0.234   1.882e+01   4.290e+00   2.510e+00   4.245e+00  14  sdss  5836  82S  6 
    0  53681.366995  0  20.582  0.105  0.022  0.150   2.261e+01   2.108e+00   4.369e-01   3.016e+00  7  sdss  5836  82S  6 
    9  53687.270970  1  20.478  0.084  0.132  0.030   2.294e+01   1.771e+00   2.802e+00   6.280e-01  16  sdss  5871  82S  6 
 1081  53687.267653  2  20.757  0.106  0.568  0.052   1.800e+01   1.769e+00   9.527e+00   8.761e-01  16  sdss  5871  82S  6 
   41  53687.268482  3  20.601  0.123  0.145  0.077   2.052e+01   2.348e+00   2.774e+00   1.475e+00  17  sdss  5871  82S  6 
   41  53687.270141  4  20.626  0.299  0.333  0.239   1.986e+01   5.587e+00   6.358e+00   4.560e+00  14  sdss  5871  82S  6 
    1  53687.269312  0  20.265  0.156  0.048  0.118   3.028e+01   4.179e+00   1.300e+00   3.190e+00  7  sdss  5871  82S  6 
    1  53697.324675  1  20.422  0.046  0.015  0.029   2.416e+01   1.037e+00   3.428e-01   6.436e-01  16  sdss  5895  82S  6 
   40  53697.321358  2  20.496  0.057  0.056  0.043   2.289e+01   1.221e+00   1.195e+00   9.074e-01  16  sdss  5895  82S  6 
   32  53697.322187  3  20.863  0.113  0.025  0.084   1.611e+01   1.706e+00   3.796e-01   1.261e+00  17  sdss  5895  82S  6 
   32  53697.323846  4  20.566  0.245  0.057  0.228   2.102e+01   4.860e+00   1.142e+00   4.596e+00  14  sdss  5895  82S  6 
  129  53697.323017  0  20.266  0.102  0.012  0.105   3.024e+01   2.749e+00   3.198e-01   2.839e+00  7  sdss  5895  82S  6 
    0  53700.323836  1  20.436  0.046  0.022  0.056   2.385e+01   1.005e+00   4.770e-01   1.243e+00  16  sdss  5905  82S  6 
   32  53700.320520  2  20.646  0.068  0.049  0.094   1.993e+01   1.260e+00   9.126e-01   1.749e+00  16  sdss  5905  82S  6 
   32  53700.321349  3  20.590  0.098  0.039  0.123   2.072e+01   1.890e+00   7.468e-01   2.377e+00  17  sdss  5905  82S  6 
   32  53700.323007  4  20.436  0.270  0.077  0.353   2.377e+01   5.999e+00   1.744e+00   7.992e+00  14  sdss  5905  82S  6 
    0  53700.322178  0  20.451  0.111  0.018  0.253   2.550e+01   2.519e+00   4.035e-01   5.765e+00  7  sdss  5905  82S  6 
    0  53705.309998  1  20.464  0.044  0.004  0.069   2.324e+01   9.416e-01   9.557e-02   1.472e+00  16  sdss  5924  82S  6 
   32  53705.306681  2  20.884  0.079  0.040  0.106   1.601e+01   1.176e+00   5.964e-01   1.579e+00  16  sdss  5924  82S  6 
  168  53705.307510  3  20.610  0.108  0.128  0.166   2.035e+01   2.050e+00   2.442e+00   3.157e+00  17  sdss  5924  82S  6 
 1184  53705.309168  4  20.178  0.214  0.166  0.310   3.032e+01   6.042e+00   4.759e+00   8.883e+00  14  sdss  5924  82S  6 
    0  53705.308339  0  20.368  0.102  0.014  0.227   2.754e+01   2.486e+00   3.438e-01   5.569e+00  7  sdss  5924  82S  6 
