# SDSS CID:   4786 IAU:          RA:  21.097902 DEC:   0.358853  (J2000)
# GALAXY_SB [ugriz] = [ 23.76 23.59 22.99 22.50 21.97 ] +/- [  0.23  0.06  0.04  0.04  0.09 ] (asinh mag/square arcsec)
# GALAXY_SB_FLUX [ugriz] = [  9.451E-01  1.218E+00  2.220E+00  3.455E+00  4.640E+00 ] +/- [  3.059E-01  7.180E-02  9.624E-02  1.336E-01  5.523E-01 ] (microJy per square arcsec)
#FLAG  MJD       FILT  MAG     MERR  MSKYERR MGALERR  FLUX       FLUXERR    SKYERR     GALERR    NPRE TELE   RUN  STRIP  IDCCD
   32  53616.372631  1  23.911  0.661  0.712  0.791   8.665e-01   6.264e-01   7.061e-01   7.845e-01  20  sdss  5566  82N  4 
    0  53616.369314  2  22.649  0.325  0.131  0.275   3.091e+00   9.343e-01   3.867e-01   8.115e-01  18  sdss  5566  82N  4 
   32  53616.370143  3  22.520  0.451  0.117  0.329   3.390e+00   1.440e+00   3.911e-01   1.097e+00  16  sdss  5566  82N  4 
   32  53616.371802  4  22.360  0.884  0.263  0.792   2.377e+00   5.056e+00   1.404e+00   4.227e+00  17  sdss  5566  82N  4 
  132  53616.370973  0  22.650  0.724  0.194  1.087   3.283e+00   2.027e+00   6.071e-01   3.400e+00  11  sdss  5566  82N  4 
 1184  53626.349763  1  23.680  0.576  0.515  0.577   1.117e+00   6.479e-01   6.109e-01   6.837e-01  20  sdss  5603  82N  4 
    0  53626.346446  2  22.595  0.249  0.017  0.127   3.256e+00   7.584e-01   5.360e-02   3.939e-01  18  sdss  5603  82N  4 
 1152  53626.347275  3  24.441  1.196  0.839  0.522  -9.398e-02   1.721e+00   9.957e-01   6.200e-01  16  sdss  5603  82N  4 
   32  53626.348934  4  22.379  0.798  0.610  0.741   2.279e+00   4.480e+00   3.233e+00   3.929e+00  17  sdss  5603  82N  4 
 1156  53626.348104  0  22.976  1.154  0.082  1.182   2.382e+00   2.279e+00   1.946e-01   2.794e+00  11  sdss  5603  82N  4 
   33  53628.334835  1  23.749  1.242  0.391  0.489   1.038e+00   1.237e+00   4.383e-01   5.481e-01  20  sdss  5610  82N  4 
   33  53628.331517  2  22.915  0.570  0.095  0.252   2.390e+00   1.244e+00   2.223e-01   5.887e-01  18  sdss  5610  82N  4 
    0  53628.332346  3  22.306  0.394  0.084  0.184   4.175e+00   1.526e+00   3.362e-01   7.414e-01  16  sdss  5610  82N  4 
    0  53628.334005  4  21.197  0.452  0.288  0.304   1.136e+01   4.963e+00   3.290e+00   3.470e+00  17  sdss  5610  82N  4 
    9  53628.333176  0  26.578  1.367  0.558  0.881  -2.972e+00   3.014e+00   1.595e+00   2.521e+00  11  sdss  5610  82N  4 
   33  53635.343477  1  24.758  1.243  0.322  0.418   2.157e-01   9.200e-01   1.999e-01   2.600e-01  20  sdss  5622  82N  4 
   33  53635.340159  2  23.514  0.835  0.118  0.273   1.288e+00   1.109e+00   1.686e-01   3.893e-01  18  sdss  5622  82N  4 
    0  53635.340989  3  22.326  0.372  0.118  0.135   4.096e+00   1.420e+00   4.646e-01   5.328e-01  16  sdss  5622  82N  4 
    0  53635.342647  4  21.900  0.589  0.161  0.284   5.132e+00   3.920e+00   1.089e+00   1.920e+00  17  sdss  5622  82N  4 
 1153  53635.341818  0  26.066  1.717  0.221  1.056  -1.765e+00   2.922e+00   4.129e-01   1.974e+00  11  sdss  5622  82N  4 
   33  53637.336484  1  23.403  0.647  0.228  0.330   1.485e+00   8.895e-01   3.385e-01   4.915e-01  20  sdss  5633  82N  4 
    0  53637.333167  2  22.604  0.362  0.077  0.184   3.228e+00   1.078e+00   2.351e-01   5.651e-01  18  sdss  5633  82N  4 
    0  53637.333996  3  22.182  0.339  0.139  0.166   4.703e+00   1.476e+00   6.235e-01   7.425e-01  16  sdss  5633  82N  4 
    0  53637.335655  4  23.541  0.807  0.401  0.482  -3.707e+00   4.887e+00   2.376e+00   2.858e+00  17  sdss  5633  82N  4 
   41  53637.334826  0  23.613  1.648  0.837  1.674   1.187e+00   2.519e+00   1.211e+00   2.422e+00  11  sdss  5633  82N  4 
   32  53639.381877  1  23.735  0.512  0.209  0.296   1.053e+00   5.584e-01   2.373e-01   3.362e-01  20  sdss  5642  82N  4 
    0  53639.378560  2  22.703  0.275  0.082  0.130   2.936e+00   7.601e-01   2.302e-01   3.666e-01  18  sdss  5642  82N  4 
   32  53639.379389  3  23.061  0.527  0.090  0.201   1.937e+00   1.086e+00   1.930e-01   4.300e-01  16  sdss  5642  82N  4 
   32  53639.381048  4  22.329  0.581  0.161  0.312   2.545e+00   3.213e+00   8.701e-01   1.683e+00  17  sdss  5642  82N  4 
   32  53639.380219  0  23.908  1.262  0.083  1.216   7.951e-01   1.648e+00   9.993e-02   1.468e+00  11  sdss  5642  82N  4 
   32  53641.381100  1  23.988  0.546  0.287  0.328   7.923e-01   4.974e-01   2.690e-01   3.075e-01  20  sdss  5658  82N  4 
    0  53641.377783  2  22.831  0.304  0.109  0.157   2.594e+00   7.475e-01   2.737e-01   3.939e-01  18  sdss  5658  82N  4 
    0  53641.378612  3  22.258  0.279  0.101  0.115   4.372e+00   1.146e+00   4.218e-01   4.804e-01  16  sdss  5658  82N  4 
    0  53641.380271  4  21.857  0.522  0.061  0.274   5.422e+00   3.569e+00   4.268e-01   1.898e+00  17  sdss  5658  82N  4 
   40  53641.379442  0  24.276  1.216  0.419  1.302   3.860e-01   1.472e+00   4.320e-01   1.341e+00  11  sdss  5658  82N  4 
   32  53644.329299  1  24.208  0.589  0.275  0.398   6.008e-01   4.699e-01   2.223e-01   3.213e-01  20  sdss  5670  82N  4 
    0  53644.325982  2  22.689  0.270  0.088  0.167   2.975e+00   7.568e-01   2.512e-01   4.763e-01  18  sdss  5670  82N  4 
   32  53644.326811  3  22.799  0.439  0.088  0.204   2.561e+00   1.116e+00   2.318e-01   5.379e-01  16  sdss  5670  82N  4 
    0  53644.328469  4  23.822  0.473  0.063  0.290  -5.522e+00   3.268e+00   4.415e-01   2.031e+00  17  sdss  5670  82N  4 
    0  53644.327640  0  24.760  1.266  0.191  1.970  -9.208e-02   1.526e+00   1.855e-01   1.915e+00  11  sdss  5670  82N  4 
   32  53654.364129  1  23.688  0.426  0.219  0.248   1.108e+00   4.873e-01   2.575e-01   2.915e-01  20  sdss  5709  82N  4 
    0  53654.360812  2  23.062  0.400  0.043  0.174   2.066e+00   7.972e-01   8.924e-02   3.583e-01  18  sdss  5709  82N  4 
    0  53654.361641  3  22.002  0.242  0.056  0.079   5.579e+00   1.255e+00   2.973e-01   4.176e-01  16  sdss  5709  82N  4 
    0  53654.363300  4  21.643  0.558  0.155  0.228   7.033e+00   4.347e+00   1.245e+00   1.831e+00  17  sdss  5709  82N  4 
   32  53654.362471  0  24.456  1.305  0.202  1.510   2.039e-01   1.601e+00   1.993e-01   1.490e+00  11  sdss  5709  82N  4 
    1  53663.324974  1  23.209  0.588  0.097  0.118   1.801e+00   9.598e-01   1.700e-01   2.078e-01  20  sdss  5744  82N  4 
    1  53663.321656  2  22.992  0.449  0.096  0.103   2.215e+00   9.405e-01   2.103e-01   2.250e-01  18  sdss  5744  82N  4 
  128  53663.322486  3  22.212  0.302  0.075  0.073   4.569e+00   1.290e+00   3.273e-01   3.167e-01  16  sdss  5744  82N  4 
    0  53663.324144  4  21.537  0.416  0.151  0.138   7.930e+00   3.542e+00   1.319e+00   1.203e+00  17  sdss  5744  82N  4 
    1  53663.323315  0  25.887  1.644  0.113  0.608  -1.449e+00   2.618e+00   1.839e-01   9.915e-01  11  sdss  5744  82N  4 
   33  53666.395047  1  24.917  1.175  0.446  0.597   1.194e-01   8.404e-01   2.672e-01   3.574e-01  20  sdss  5765  82N  4 
    0  53666.391730  2  22.538  0.301  0.113  0.115   3.437e+00   9.587e-01   3.687e-01   3.759e-01  18  sdss  5765  82N  4 
   32  53666.392560  3  22.869  0.542  0.122  0.198   2.380e+00   1.284e+00   3.047e-01   4.930e-01  16  sdss  5765  82N  4 
    0  53666.394218  4  21.508  0.452  0.216  0.202   8.190e+00   3.911e+00   1.920e+00   1.796e+00  17  sdss  5765  82N  4 
    9  53666.393389  0  22.705  1.074  0.407  0.495   3.115e+00   2.620e+00   1.214e+00   1.477e+00  11  sdss  5765  82N  4 
   32  53668.314360  1  24.061  0.783  0.355  0.589   7.255e-01   6.724e-01   3.160e-01   5.241e-01  20  sdss  5770  82N  4 
   32  53668.311043  2  23.755  0.813  0.077  0.525   9.720e-01   9.416e-01   9.245e-02   6.295e-01  18  sdss  5770  82N  4 
   32  53668.311872  3  22.911  0.735  0.113  0.418   2.277e+00   1.637e+00   2.722e-01   1.007e+00  16  sdss  5770  82N  4 
    0  53668.313531  4  21.312  0.445  0.312  0.287   1.009e+01   4.465e+00   3.248e+00   2.982e+00  17  sdss  5770  82N  4 
 1184  53668.312702  0  24.513  1.456  0.318  2.624   1.480e-01   1.877e+00   3.108e-01   2.566e+00  11  sdss  5770  82N  4 
  160  53670.318946  1  23.939  0.626  0.190  0.668   8.390e-01   5.850e-01   1.845e-01   6.484e-01  20  sdss  5781  82N  4 
    0  53670.315629  2  22.701  0.340  0.244  0.278   2.941e+00   9.307e-01   6.874e-01   7.841e-01  18  sdss  5781  82N  4 
   32  53670.316459  3  22.441  0.426  0.254  0.329   3.663e+00   1.460e+00   9.078e-01   1.176e+00  16  sdss  5781  82N  4 
  128  53670.318117  4  23.903  0.761  0.192  0.707  -6.105e+00   5.432e+00   1.416e+00   5.226e+00  17  sdss  5781  82N  4 
   32  53670.317288  0  24.469  1.442  0.158  3.233   1.918e-01   1.852e+00   1.554e-01   3.182e+00  11  sdss  5781  82N  4 
   32  53673.286972  1  23.857  0.475  0.120  0.322   9.212e-01   4.766e-01   1.238e-01   3.321e-01  20  sdss  5792  82N  4 
   32  53673.283655  2  23.222  0.431  0.069  0.199   1.758e+00   7.504e-01   1.251e-01   3.582e-01  18  sdss  5792  82N  4 
    0  53673.284484  3  22.450  0.331  0.080  0.131   3.631e+00   1.145e+00   2.850e-01   4.627e-01  16  sdss  5792  82N  4 
   32  53673.286143  4  22.703  0.703  0.292  0.425   6.329e-01   3.688e+00   1.434e+00   2.088e+00  17  sdss  5792  82N  4 
    0  53673.285314  0  26.327  0.703  0.082  0.660  -2.315e+00   1.488e+00   1.892e-01   1.523e+00  11  sdss  5792  82N  4 
   32  53675.283681  1  24.589  0.734  0.434  0.634   3.239e-01   5.031e-01   2.867e-01   4.184e-01  20  sdss  5800  82N  4 
  128  53675.280364  2  22.797  0.380  0.044  0.256   2.681e+00   9.518e-01   1.136e-01   6.625e-01  18  sdss  5800  82N  4 
   40  53675.281194  3  22.970  0.581  0.384  0.275   2.139e+00   1.269e+00   8.807e-01   6.320e-01  16  sdss  5800  82N  4 
   32  53675.282852  4  22.490  0.803  0.557  0.491   1.700e+00   4.412e+00   2.850e+00   2.514e+00  17  sdss  5800  82N  4 
   40  53675.282023  0  24.492  1.240  0.563  1.772   1.688e-01   1.485e+00   5.523e-01   1.738e+00  11  sdss  5800  82N  4 
  160  53677.304780  1  23.710  0.433  0.206  0.317   1.082e+00   4.862e-01   2.387e-01   3.667e-01  20  sdss  5813  82N  4 
    0  53677.301463  2  23.009  0.353  0.072  0.160   2.178e+00   7.410e-01   1.548e-01   3.454e-01  18  sdss  5813  82N  4 
    0  53677.302292  3  22.553  0.359  0.139  0.138   3.281e+00   1.132e+00   4.511e-01   4.477e-01  16  sdss  5813  82N  4 
    0  53677.303950  4  21.964  0.513  0.046  0.258   4.703e+00   3.303e+00   3.003e-01   1.674e+00  17  sdss  5813  82N  4 
    0  53677.303121  0  26.297  0.677  0.089  0.556  -2.245e+00   1.408e+00   1.995e-01   1.253e+00  11  sdss  5813  82N  4 
   32  53680.291163  1  23.809  0.478  0.233  0.329   9.717e-01   4.959e-01   2.499e-01   3.524e-01  20  sdss  5823  82N  4 
    0  53680.287846  2  22.934  0.356  0.143  0.195   2.346e+00   7.952e-01   3.278e-01   4.490e-01  18  sdss  5823  82N  4 
    0  53680.288676  3  22.166  0.256  0.054  0.097   4.775e+00   1.144e+00   2.443e-01   4.424e-01  16  sdss  5823  82N  4 
   32  53680.290334  4  22.409  0.674  0.120  0.447   2.119e+00   3.690e+00   6.319e-01   2.344e+00  17  sdss  5823  82N  4 
    0  53680.289505  0  25.584  1.109  0.139  1.148  -9.992e-01   1.479e+00   1.844e-01   1.522e+00  11  sdss  5823  82N  4 
    1  53686.290369  1  25.510  1.852  0.837  0.966  -2.358e-01   1.717e+00   5.249e-01   6.065e-01  20  sdss  5866  82N  4 
    1  53686.287052  2  22.635  0.631  0.231  0.214   3.133e+00   1.722e+00   6.896e-01   6.403e-01  18  sdss  5866  82N  4 
   33  53686.287881  3  22.594  0.703  0.317  0.300   3.150e+00   2.002e+00   9.921e-01   9.386e-01  16  sdss  5866  82N  4 
    0  53686.289540  4  21.363  0.614  0.457  0.412   9.563e+00   5.780e+00   4.562e+00   4.112e+00  17  sdss  5866  82N  4 
    1  53686.288710  0  27.508  0.846  0.306  0.507  -7.172e+00   4.689e+00   2.005e+00   3.330e+00  11  sdss  5866  82N  4 
    1  53693.292729  1  23.293  0.825  0.269  0.257   1.657e+00   1.189e+00   4.400e-01   4.208e-01  20  sdss  5878  82N  4 
   33  53693.289412  2  23.235  0.677  0.229  0.241   1.735e+00   1.118e+00   4.081e-01   4.293e-01  18  sdss  5878  82N  4 
   32  53693.290241  3  23.090  0.683  0.227  0.246   1.876e+00   1.355e+00   4.743e-01   5.144e-01  16  sdss  5878  82N  4 
   32  53693.291900  4  22.304  0.768  0.186  0.457   2.682e+00   4.374e+00   1.013e+00   2.490e+00  17  sdss  5878  82N  4 
    9  53693.291070  0  27.688  0.477  0.174  0.260  -8.478e+00   3.476e+00   1.348e+00   2.015e+00  11  sdss  5878  82N  4 
   32  53698.289801  1  24.576  0.755  0.289  0.628   3.325e-01   5.213e-01   1.919e-01   4.170e-01  20  sdss  5898  82N  4 
   32  53698.286485  2  23.237  0.501  0.171  0.305   1.730e+00   8.520e-01   3.049e-01   5.425e-01  18  sdss  5898  82N  4 
   32  53698.287314  3  23.106  0.627  0.156  0.304   1.842e+00   1.238e+00   3.222e-01   6.283e-01  16  sdss  5898  82N  4 
    0  53698.288972  4  22.000  0.627  0.138  0.354   4.469e+00   3.962e+00   8.762e-01   2.246e+00  17  sdss  5898  82N  4 
    8  53698.288143  0  24.763  1.337  0.719  2.200  -9.405e-02   1.651e+00   6.992e-01   2.140e+00  11  sdss  5898  82N  4 
   32  53704.275249  1  24.760  0.870  0.951  1.104   2.145e-01   5.864e-01   5.906e-01   6.855e-01  20  sdss  5918  82N  4 
    0  53704.271932  2  22.646  0.286  0.106  0.173   3.100e+00   8.300e-01   3.148e-01   5.132e-01  18  sdss  5918  82N  4 
    0  53704.272761  3  22.393  0.360  0.169  0.195   3.838e+00   1.300e+00   6.282e-01   7.271e-01  16  sdss  5918  82N  4 
  168  53704.274420  4  21.876  0.663  0.569  0.432   5.297e+00   4.466e+00   3.900e+00   2.965e+00  17  sdss  5918  82N  4 
    0  53704.273590  0  26.087  0.986  0.245  1.152  -1.805e+00   1.681e+00   4.659e-01   2.189e+00  11  sdss  5918  82N  4 
