# SDSS CID:  11574 IAU:          RA: 303.073181 DEC:  -0.081843  (J2000)
# GALAXY_SB [ugriz] = [ 21.46 21.25 20.72 20.20 19.91 ] +/- [  0.06  0.02  0.01  0.01  0.02 ] (asinh mag/square arcsec)
# GALAXY_SB_FLUX [ugriz] = [  9.763E+00  1.127E+01  1.865E+01  2.977E+01  3.885E+01 ] +/- [  5.833E-01  2.030E-01  2.204E-01  2.850E-01  7.993E-01 ] (microJy per square arcsec)
#FLAG  MJD       FILT  MAG     MERR  MSKYERR MGALERR  FLUX       FLUXERR    SKYERR     GALERR    NPRE TELE   RUN  STRIP  IDCCD
   32  53623.146348  1  22.230  0.230  0.109  0.248   4.549e+00   9.538e-01   4.592e-01   1.045e+00  1  sdss  5590  82N  3 
    0  53623.143020  2  26.457  0.677  0.361  0.558  -1.897e+00   1.197e+00   6.925e-01   1.071e+00  2  sdss  5590  82N  3 
   32  53623.143849  3  21.300  0.177  0.087  0.109   1.075e+01   1.746e+00   8.621e-01   1.083e+00  3  sdss  5590  82N  3 
   32  53623.145518  4  20.476  0.229  0.107  0.143   2.290e+01   4.884e+00   2.319e+00   3.103e+00  3  sdss  5590  82N  3 
   32  53623.144678  0  22.900  1.170  0.165  1.231   2.571e+00   2.411e+00   4.133e-01   3.084e+00  1  sdss  5590  82N  3 
   33  53628.117381  1  21.745  0.270  0.088  0.228   7.132e+00   1.740e+00   5.800e-01   1.500e+00  1  sdss  5610  82N  3 
   33  53628.114064  2  22.687  0.594  0.361  0.424   2.980e+00   1.566e+00   1.030e+00   1.212e+00  2  sdss  5610  82N  3 
   33  53628.114893  3  21.635  0.287  0.187  0.222   7.871e+00   2.062e+00   1.376e+00   1.626e+00  3  sdss  5610  82N  3 
   32  53628.116552  4  20.465  0.304  0.146  0.211   2.314e+01   6.495e+00   3.192e+00   4.621e+00  3  sdss  5610  82N  3 
   33  53628.115723  0  21.993  0.900  0.353  0.968   6.119e+00   4.173e+00   1.969e+00   5.404e+00  1  sdss  5610  82N  3 
   32  53635.125249  1  23.251  0.540  0.186  0.541   1.728e+00   8.586e-01   3.146e-01   9.144e-01  1  sdss  5622  82N  3 
   32  53635.121932  2  21.221  0.101  0.038  0.054   1.172e+01   1.090e+00   4.164e-01   5.885e-01  2  sdss  5622  82N  3 
   32  53635.122761  3  21.014  0.123  0.041  0.052   1.401e+01   1.582e+00   5.278e-01   6.781e-01  3  sdss  5622  82N  3 
   32  53635.124420  4  20.522  0.227  0.037  0.120   2.193e+01   4.659e+00   7.753e-01   2.485e+00  3  sdss  5622  82N  3 
  128  53635.123591  0  26.004  0.951  0.120  1.509  -1.652e+00   1.542e+00   2.126e-01   2.674e+00  1  sdss  5622  82N  3 
   32  53637.118029  1  22.345  0.237  0.115  0.331   4.088e+00   8.852e-01   4.379e-01   1.258e+00  1  sdss  5633  82N  3 
    0  53637.114712  2  26.953  0.423  0.263  0.438  -3.084e+00   1.194e+00   7.738e-01   1.291e+00  2  sdss  5633  82N  3 
    0  53637.115542  3  25.862  0.818  0.562  0.753  -2.399e+00   1.859e+00   1.407e+00   1.886e+00  3  sdss  5633  82N  3 
   32  53637.117200  4  20.524  0.261  0.138  0.187   2.189e+01   5.325e+00   2.866e+00   3.879e+00  3  sdss  5633  82N  3 
   32  53637.116371  0  22.005  0.493  0.210  0.917   6.050e+00   2.558e+00   1.162e+00   5.064e+00  1  sdss  5633  82N  3 
   32  53641.114902  1  23.525  0.712  0.148  0.491   1.313e+00   8.769e-01   1.990e-01   6.585e-01  1  sdss  5654  82N  3 
   32  53641.111585  2  21.499  0.145  0.054  0.085   9.065e+00   1.211e+00   4.507e-01   7.084e-01  2  sdss  5654  82N  3 
   32  53641.112414  3  21.333  0.178  0.057  0.097   1.042e+01   1.707e+00   5.489e-01   9.366e-01  3  sdss  5654  82N  3 
   32  53641.114072  4  21.229  0.399  0.086  0.199   1.099e+01   4.344e+00   9.678e-01   2.239e+00  3  sdss  5654  82N  3 
   32  53641.113243  0  21.876  0.385  0.071  0.389   6.825e+00   2.299e+00   4.429e-01   2.415e+00  1  sdss  5654  82N  3 
   33  53656.091119  1  20.895  0.117  0.067  0.123   1.563e+01   1.670e+00   9.561e-01   1.760e+00  1  sdss  5719  82N  3 
   33  53656.087802  2  21.099  0.148  0.104  0.153   1.312e+01   1.781e+00   1.261e+00   1.855e+00  2  sdss  5719  82N  3 
   32  53656.088632  3  21.001  0.184  0.175  0.209   1.418e+01   2.384e+00   2.293e+00   2.736e+00  3  sdss  5719  82N  3 
   32  53656.090290  4  19.953  0.188  0.118  0.154   3.738e+01   6.454e+00   4.086e+00   5.357e+00  3  sdss  5719  82N  3 
   35  53656.089461  0  21.462  0.543  0.557  0.896   1.003e+01   4.553e+00   5.049e+00   8.117e+00  1  sdss  5719  82N  3 
   32  53673.065369  1  21.489  0.121  0.038  0.112   9.036e+00   1.004e+00   3.118e-01   9.316e-01  1  sdss  5792  82N  3 
   32  53673.062052  2  20.809  0.082  0.036  0.053   1.714e+01   1.290e+00   5.674e-01   8.406e-01  2  sdss  5792  82N  3 
   32  53673.062881  3  20.491  0.082  0.032  0.046   2.271e+01   1.713e+00   6.778e-01   9.672e-01  3  sdss  5792  82N  3 
   32  53673.064540  4  20.300  0.205  0.089  0.115   2.703e+01   5.135e+00   2.262e+00   2.917e+00  3  sdss  5792  82N  3 
   40  53673.063711  0  21.333  0.189  0.096  0.305   1.130e+01   1.910e+00   9.802e-01   3.107e+00  1  sdss  5792  82N  3 
   32  53677.082940  1  20.671  0.052  0.027  0.062   1.921e+01   9.099e-01   4.770e-01   1.089e+00  1  sdss  5813  82N  3 
  160  53677.079623  2  20.844  0.081  0.057  0.079   1.660e+01   1.242e+00   8.656e-01   1.215e+00  2  sdss  5813  82N  3 
  160  53677.080452  3  20.504  0.093  0.046  0.068   2.244e+01   1.916e+00   9.432e-01   1.408e+00  3  sdss  5813  82N  3 
   32  53677.082110  4  19.923  0.151  0.058  0.088   3.843e+01   5.363e+00   2.077e+00   3.128e+00  3  sdss  5813  82N  3 
   40  53677.081281  0  20.688  0.117  0.080  0.272   2.050e+01   2.145e+00   1.483e+00   5.012e+00  1  sdss  5813  82N  3 
   32  53680.069161  1  20.516  0.047  0.013  0.032   2.217e+01   9.551e-01   2.617e-01   6.524e-01  1  sdss  5823  82N  3 
   32  53680.065837  2  20.360  0.053  0.017  0.023   2.593e+01   1.255e+00   3.983e-01   5.564e-01  2  sdss  5823  82N  3 
   32  53680.066666  3  20.414  0.079  0.023  0.028   2.438e+01   1.768e+00   5.228e-01   6.279e-01  3  sdss  5823  82N  3 
   32  53680.068325  4  20.064  0.147  0.041  0.062   3.371e+01   4.596e+00   1.300e+00   1.934e+00  3  sdss  5823  82N  3 
   32  53680.067496  0  20.745  0.140  0.033  0.123   1.945e+01   2.439e+00   5.804e-01   2.151e+00  1  sdss  5823  82N  3 
   32  53693.069810  1  20.450  0.047  0.024  0.059   2.355e+01   1.008e+00   5.281e-01   1.282e+00  1  sdss  5878  82N  3 
 1184  53693.066493  2  21.483  0.167  0.094  0.126   9.200e+00   1.406e+00   8.013e-01   1.071e+00  2  sdss  5878  82N  3 
   32  53693.067322  3  20.090  0.064  0.026  0.042   3.287e+01   1.924e+00   7.835e-01   1.279e+00  3  sdss  5878  82N  3 
   32  53693.068980  4  19.925  0.149  0.049  0.103   3.836e+01   5.287e+00   1.734e+00   3.655e+00  3  sdss  5878  82N  3 
   32  53693.068151  0  20.645  0.140  0.018  0.218   2.132e+01   2.677e+00   3.401e-01   4.179e+00  1  sdss  5878  82N  3 
   36  53698.066779  1  20.699  0.098  0.095  0.070   1.872e+01   1.683e+00   1.637e+00   1.195e+00  1  sdss  5898  82N  3 
   36  53698.063462  2  20.819  0.112  0.119  0.064   1.698e+01   1.751e+00   1.855e+00   9.944e-01  2  sdss  5898  82N  3 
   36  53698.064291  3  20.686  0.146  0.053  0.055   1.897e+01   2.543e+00   9.332e-01   9.603e-01  3  sdss  5898  82N  3 
   36  53698.065950  4  20.389  0.408  0.102  0.117   2.486e+01   9.149e+00   2.394e+00   2.728e+00  3  sdss  5898  82N  3 
   36  53698.065120  0  20.839  0.212  0.024  0.238   1.784e+01   3.356e+00   3.783e-01   3.821e+00  1  sdss  5898  82N  3 
   32  53699.090192  1  20.704  0.058  0.042  0.087   1.864e+01   9.983e-01   7.210e-01   1.488e+00  1  sdss  5902  82N  3 
   32  53699.086875  2  21.053  0.113  0.051  0.076   1.369e+01   1.420e+00   6.462e-01   9.616e-01  2  sdss  5902  82N  3 
   32  53699.087704  3  21.281  0.193  0.094  0.130   1.094e+01   1.940e+00   9.557e-01   1.315e+00  3  sdss  5902  82N  3 
   32  53699.089362  4  19.757  0.147  0.065  0.095   4.484e+01   6.064e+00   2.697e+00   3.960e+00  3  sdss  5902  82N  3 
   32  53699.088533  0  20.852  0.176  0.032  0.288   1.762e+01   2.760e+00   5.139e-01   4.571e+00  1  sdss  5902  82N  3 
   34  53702.064806  1  20.566  0.063  0.100  0.220   2.116e+01   1.231e+00   1.939e+00   4.275e+00  1  sdss  5909  82N  3 
   34  53702.061488  2  20.837  0.109  0.197  0.252   1.670e+01   1.666e+00   3.028e+00   3.885e+00  2  sdss  5909  82N  3 
   34  53702.062318  3  20.520  0.109  0.157  0.210   2.211e+01   2.208e+00   3.195e+00   4.289e+00  3  sdss  5909  82N  3 
   34  53702.063976  4  19.966  0.249  0.249  0.376   3.693e+01   8.411e+00   8.533e+00   1.290e+01  3  sdss  5909  82N  3 
   42  53702.063147  0  21.245  0.275  0.342  1.061   1.226e+01   2.977e+00   3.776e+00   1.173e+01  1  sdss  5909  82N  3 
   34  53703.074107  1  20.616  0.055  0.068  0.160   2.021e+01   1.021e+00   1.263e+00   2.975e+00  1  sdss  5915  82N  3 
  160  53703.070790  2  20.831  0.094  0.104  0.160   1.680e+01   1.455e+00   1.607e+00   2.485e+00  2  sdss  5915  82N  3 
   32  53703.071619  3  20.459  0.099  0.098  0.148   2.339e+01   2.118e+00   2.102e+00   3.197e+00  3  sdss  5915  82N  3 
   32  53703.073278  4  20.029  0.232  0.207  0.293   3.483e+01   7.398e+00   6.694e+00   9.503e+00  3  sdss  5915  82N  3 
   34  53703.072448  0  20.804  0.171  0.158  0.514   1.842e+01   2.808e+00   2.614e+00   8.519e+00  1  sdss  5915  82N  3 
