# SDSS CID:   3589 IAU:          RA:  16.524530 DEC:   0.650421  (J2000)
# GALAXY_SB [ugriz] = [ 22.31 22.23 21.88 21.85 21.76 ] +/- [  0.07  0.02  0.02  0.03  0.07 ] (asinh mag/square arcsec)
# GALAXY_SB_FLUX [ugriz] = [  4.416E+00  4.544E+00  6.376E+00  6.409E+00  6.088E+00 ] +/- [  2.789E-01  9.443E-02  1.193E-01  1.518E-01  5.022E-01 ] (microJy per square arcsec)
#FLAG  MJD       FILT  MAG     MERR  MSKYERR MGALERR  FLUX       FLUXERR    SKYERR     GALERR    NPRE TELE   RUN  STRIP  IDCCD
   32  53616.360452  1  24.272  0.869  1.112  1.252   5.502e-01   6.748e-01   8.630e-01   9.716e-01  17  sdss  5566  82N  5 
   32  53616.357135  2  23.382  0.657  0.280  0.694   1.487e+00   9.816e-01   4.460e-01   1.103e+00  19  sdss  5566  82N  5 
   32  53616.357964  3  22.359  0.436  0.135  0.382   3.965e+00   1.599e+00   5.186e-01   1.464e+00  19  sdss  5566  82N  5 
    0  53616.359623  4  23.920  0.671  0.421  0.568  -6.234e+00   4.890e+00   3.168e+00   4.275e+00  17  sdss  5566  82N  5 
 1186  53616.358793  0  24.069  1.634  1.516  4.049   6.073e-01   2.318e+00   1.693e+00   4.522e+00  14  sdss  5566  82N  5 
   32  53626.337118  1  22.989  0.279  0.132  0.235   2.227e+00   5.818e-01   2.816e-01   5.007e-01  17  sdss  5603  82N  5 
   32  53626.333801  2  23.048  0.394  0.179  0.251   2.096e+00   7.989e-01   3.752e-01   5.264e-01  19  sdss  5603  82N  5 
   32  53626.334631  3  23.279  0.698  0.288  0.337   1.506e+00   1.229e+00   5.243e-01   6.143e-01  19  sdss  5603  82N  5 
  160  53626.336289  4  22.393  0.650  0.218  0.422   2.205e+00   3.564e+00   1.154e+00   2.227e+00  17  sdss  5603  82N  5 
   32  53626.335460  0  23.865  1.192  0.688  1.228   8.475e-01   1.555e+00   8.536e-01   1.524e+00  14  sdss  5603  82N  5 
   33  53628.322178  1  22.524  0.431  0.216  0.211   3.457e+00   1.328e+00   6.990e-01   6.824e-01  17  sdss  5610  82N  5 
   33  53628.318861  2  23.436  0.882  0.337  0.437   1.404e+00   1.228e+00   5.132e-01   6.663e-01  19  sdss  5610  82N  5 
   32  53628.319690  3  22.934  0.717  0.262  0.335   2.222e+00   1.575e+00   6.200e-01   7.921e-01  19  sdss  5610  82N  5 
    0  53628.321349  4  23.434  0.713  0.339  0.447  -3.084e+00   4.138e+00   1.914e+00   2.525e+00  17  sdss  5610  82N  5 
   33  53628.320519  0  24.378  1.865  0.951  1.903   2.819e-01   2.847e+00   9.531e-01   1.908e+00  14  sdss  5610  82N  5 
   33  53635.330775  1  22.764  0.393  0.097  0.136   2.758e+00   9.842e-01   2.518e-01   3.531e-01  17  sdss  5622  82N  5 
   33  53635.327458  2  22.845  0.400  0.114  0.125   2.559e+00   9.632e-01   2.839e-01   3.120e-01  19  sdss  5622  82N  5 
   32  53635.328287  3  22.168  0.305  0.048  0.094   4.764e+00   1.354e+00   2.168e-01   4.268e-01  19  sdss  5622  82N  5 
    0  53635.329946  4  23.342  0.641  0.220  0.309  -2.575e+00   3.582e+00   1.191e+00   1.674e+00  17  sdss  5622  82N  5 
  129  53635.329116  0  21.869  0.360  0.072  0.151   6.874e+00   2.213e+00   4.576e-01   9.627e-01  14  sdss  5622  82N  5 
   33  53637.324179  1  24.144  1.216  0.818  1.025   6.539e-01   1.022e+00   6.879e-01   8.625e-01  17  sdss  5633  82N  5 
   32  53637.320862  2  22.568  0.383  0.251  0.287   3.339e+00   1.178e+00   7.998e-01   9.155e-01  19  sdss  5633  82N  5 
  160  53637.321691  3  23.248  0.926  0.577  0.564   1.563e+00   1.640e+00   1.075e+00   1.051e+00  19  sdss  5633  82N  5 
   32  53637.323350  4  21.422  0.552  0.264  0.361   8.989e+00   5.067e+00   2.532e+00   3.469e+00  17  sdss  5633  82N  5 
    1  53637.322520  0  25.408  1.637  0.628  1.856  -7.769e-01   2.364e+00   7.548e-01   2.230e+00  14  sdss  5633  82N  5 
   32  53639.369558  1  22.945  0.277  0.122  0.172   2.322e+00   6.011e-01   2.692e-01   3.816e-01  17  sdss  5642  82N  5 
   32  53639.366241  2  22.982  0.365  0.140  0.195   2.237e+00   7.871e-01   3.112e-01   4.330e-01  19  sdss  5642  82N  5 
   32  53639.367070  3  22.245  0.285  0.107  0.118   4.426e+00   1.184e+00   4.528e-01   5.023e-01  19  sdss  5642  82N  5 
   32  53639.368729  4  22.380  0.566  0.199  0.279   2.274e+00   3.087e+00   1.058e+00   1.480e+00  17  sdss  5642  82N  5 
   32  53639.367900  0  22.812  0.617  0.167  0.406   2.805e+00   1.564e+00   4.568e-01   1.114e+00  14  sdss  5642  82N  5 
   32  53641.368768  1  22.790  0.218  0.105  0.141   2.691e+00   5.477e-01   2.673e-01   3.584e-01  17  sdss  5658  82N  5 
   32  53641.365451  2  22.664  0.278  0.062  0.166   3.047e+00   7.994e-01   1.806e-01   4.847e-01  19  sdss  5658  82N  5 
   32  53641.366280  3  22.914  0.518  0.210  0.227   2.269e+00   1.191e+00   5.032e-01   5.448e-01  19  sdss  5658  82N  5 
   32  53641.367938  4  22.464  0.617  0.157  0.343   1.834e+00   3.310e+00   8.093e-01   1.770e+00  17  sdss  5658  82N  5 
  160  53641.367109  0  22.843  0.629  0.212  0.497   2.720e+00   1.552e+00   5.654e-01   1.328e+00  14  sdss  5658  82N  5 
   32  53644.316536  1  23.509  0.472  0.439  0.598   1.334e+00   6.161e-01   5.963e-01   8.137e-01  17  sdss  5670  82N  5 
   32  53644.313219  2  22.747  0.319  0.216  0.273   2.813e+00   8.465e-01   5.873e-01   7.429e-01  19  sdss  5670  82N  5 
   32  53644.314048  3  22.505  0.393  0.217  0.244   3.439e+00   1.283e+00   7.346e-01   8.244e-01  19  sdss  5670  82N  5 
   32  53644.315707  4  22.502  0.683  0.437  0.591   1.639e+00   3.669e+00   2.229e+00   3.020e+00  17  sdss  5670  82N  5 
   32  53644.314877  0  22.757  0.619  0.305  0.685   2.960e+00   1.642e+00   8.776e-01   1.969e+00  14  sdss  5670  82N  5 
   32  53654.351294  1  23.125  0.289  0.140  0.179   1.953e+00   5.356e-01   2.648e-01   3.378e-01  17  sdss  5709  82N  5 
   32  53654.347977  2  22.794  0.327  0.059  0.171   2.689e+00   8.330e-01   1.540e-01   4.462e-01  19  sdss  5709  82N  5 
   32  53654.348807  3  22.557  0.426  0.136  0.167   3.266e+00   1.324e+00   4.393e-01   5.390e-01  19  sdss  5709  82N  5 
  128  53654.350465  4  21.378  0.388  0.100  0.146   9.420e+00   3.768e+00   9.972e-01   1.454e+00  17  sdss  5709  82N  5 
   32  53654.349636  0  23.065  0.794  0.260  0.512   2.176e+00   1.588e+00   5.763e-01   1.133e+00  14  sdss  5709  82N  5 
   33  53663.312075  1  22.314  0.267  0.053  0.079   4.206e+00   1.025e+00   2.088e-01   3.071e-01  17  sdss  5744  82N  5 
 1185  53663.308758  2  23.081  0.599  0.148  0.216   2.028e+00   1.138e+00   3.021e-01   4.395e-01  19  sdss  5744  82N  5 
   32  53663.309587  3  22.060  0.314  0.059  0.118   5.279e+00   1.529e+00   2.936e-01   5.900e-01  19  sdss  5744  82N  5 
   32  53663.311246  4  22.055  0.583  0.102  0.245   4.127e+00   3.602e+00   6.319e-01   1.513e+00  17  sdss  5744  82N  5 
   33  53663.310416  0  22.715  1.041  0.247  0.325   3.084e+00   2.561e+00   7.367e-01   9.698e-01  14  sdss  5744  82N  5 
   33  53666.382127  1  23.239  0.535  0.235  0.235   1.748e+00   8.606e-01   4.024e-01   4.017e-01  17  sdss  5765  82N  5 
   32  53666.378810  2  23.101  0.539  0.185  0.265   1.987e+00   1.021e+00   3.697e-01   5.315e-01  19  sdss  5765  82N  5 
   32  53666.379639  3  24.027  0.980  0.394  0.474   4.032e-01   1.356e+00   4.893e-01   5.876e-01  19  sdss  5765  82N  5 
    0  53666.381297  4  22.976  0.686  0.275  0.328  -6.999e-01   3.596e+00   1.352e+00   1.613e+00  17  sdss  5765  82N  5 
   33  53666.380468  0  23.731  1.678  0.781  1.044   1.022e+00   2.532e+00   1.052e+00   1.406e+00  14  sdss  5765  82N  5 
   32  53668.301425  1  22.861  0.310  0.144  0.289   2.515e+00   7.209e-01   3.439e-01   6.901e-01  17  sdss  5770  82N  5 
   32  53668.298108  2  22.890  0.441  0.224  0.379   2.450e+00   1.015e+00   5.382e-01   9.097e-01  19  sdss  5770  82N  5 
   32  53668.298938  3  22.247  0.351  0.116  0.211   4.418e+00   1.442e+00   4.932e-01   8.920e-01  19  sdss  5770  82N  5 
   32  53668.300596  4  22.111  0.749  0.245  0.560   3.786e+00   4.553e+00   1.468e+00   3.355e+00  17  sdss  5770  82N  5 
    0  53668.299767  0  25.921  1.221  0.612  1.382  -1.506e+00   1.888e+00   1.031e+00   2.327e+00  14  sdss  5770  82N  5 
   32  53670.306416  1  23.370  0.426  0.371  0.427   1.535e+00   6.264e-01   5.672e-01   6.530e-01  17  sdss  5781  82N  5 
   32  53670.303099  2  23.385  0.711  0.708  0.622   1.482e+00   1.050e+00   1.124e+00   9.865e-01  19  sdss  5781  82N  5 
   32  53670.303928  3  23.256  0.950  0.686  0.759   1.548e+00   1.675e+00   1.270e+00   1.405e+00  19  sdss  5781  82N  5 
    0  53670.305587  4  23.329  0.788  0.360  0.558  -2.505e+00   4.468e+00   1.944e+00   3.008e+00  17  sdss  5781  82N  5 
  160  53670.304757  0  24.095  1.507  2.542  3.335   5.782e-01   2.039e+00   2.806e+00   3.681e+00  14  sdss  5781  82N  5 
   32  53673.274422  1  22.844  0.226  0.109  0.174   2.557e+00   5.411e-01   2.643e-01   4.224e-01  17  sdss  5792  82N  5 
   32  53673.271105  2  23.990  0.783  0.286  0.488   7.114e-01   8.113e-01   2.961e-01   5.046e-01  19  sdss  5792  82N  5 
   32  53673.271934  3  23.913  0.904  0.159  0.505   5.473e-01   1.254e+00   2.044e-01   6.495e-01  19  sdss  5792  82N  5 
  160  53673.273593  4  22.810  0.680  0.318  0.439   1.118e-01   3.540e+00   1.550e+00   2.143e+00  17  sdss  5792  82N  5 
   32  53673.272763  0  22.897  0.656  0.174  0.514   2.578e+00   1.540e+00   4.441e-01   1.311e+00  14  sdss  5792  82N  5 
  160  53675.271118  1  23.379  0.381  0.282  0.369   1.521e+00   5.603e-01   4.276e-01   5.596e-01  17  sdss  5800  82N  5 
  160  53675.267801  2  24.767  1.024  0.409  1.037   2.789e-02   9.453e-01   3.268e-01   8.288e-01  19  sdss  5800  82N  5 
   32  53675.268630  3  22.932  0.632  0.235  0.347   2.226e+00   1.408e+00   5.557e-01   8.218e-01  19  sdss  5800  82N  5 
   32  53675.270289  4  22.705  0.767  0.560  0.517   6.254e-01   4.077e+00   2.750e+00   2.540e+00  17  sdss  5800  82N  5 
   32  53675.269459  0  22.270  0.372  0.222  0.369   4.721e+00   1.588e+00   9.843e-01   1.633e+00  14  sdss  5800  82N  5 
   32  53677.291782  1  23.590  0.431  0.161  0.305   1.227e+00   5.300e-01   2.049e-01   3.880e-01  17  sdss  5813  82N  5 
   32  53677.288465  2  23.098  0.383  0.126  0.182   1.993e+00   7.466e-01   2.539e-01   3.650e-01  19  sdss  5813  82N  5 
   32  53677.289295  3  22.904  0.494  0.126  0.181   2.293e+00   1.149e+00   3.048e-01   4.375e-01  19  sdss  5813  82N  5 
   32  53677.290953  4  22.620  0.612  0.239  0.327   1.045e+00   3.190e+00   1.189e+00   1.626e+00  17  sdss  5813  82N  5 
   32  53677.290124  0  23.598  1.023  0.446  0.704   1.209e+00   1.447e+00   6.559e-01   1.035e+00  14  sdss  5813  82N  5 
   32  53680.278567  1  23.400  0.381  0.166  0.320   1.490e+00   5.504e-01   2.468e-01   4.764e-01  17  sdss  5823  82N  5 
   32  53680.275250  2  23.343  0.550  0.335  0.380   1.550e+00   8.592e-01   5.501e-01   6.234e-01  19  sdss  5823  82N  5 
   32  53680.276079  3  23.262  0.710  0.288  0.386   1.537e+00   1.262e+00   5.318e-01   7.110e-01  19  sdss  5823  82N  5 
   32  53680.277738  4  22.649  0.669  0.298  0.441   9.014e-01   3.509e+00   1.473e+00   2.181e+00  17  sdss  5823  82N  5 
   32  53680.276909  0  24.178  1.294  0.601  1.679   4.886e-01   1.623e+00   6.409e-01   1.791e+00  14  sdss  5823  82N  5 
   33  53693.279632  1  24.059  1.303  0.397  0.510   7.277e-01   1.139e+00   3.538e-01   4.546e-01  17  sdss  5878  82N  5 
    1  53693.276315  2  26.273  0.759  0.205  0.345  -1.570e+00   1.156e+00   3.394e-01   5.712e-01  19  sdss  5878  82N  5 
   32  53693.277144  3  22.714  0.571  0.137  0.250   2.792e+00   1.520e+00   3.886e-01   7.083e-01  19  sdss  5878  82N  5 
    0  53693.278802  4  23.523  0.658  0.244  0.378  -3.597e+00   3.929e+00   1.439e+00   2.231e+00  17  sdss  5878  82N  5 
   33  53693.277973  0  22.485  1.007  0.170  0.394   3.849e+00   3.006e+00   6.195e-01   1.439e+00  14  sdss  5878  82N  5 
   32  53698.276676  1  24.361  0.766  0.692  0.752   4.827e-01   5.699e-01   5.100e-01   5.546e-01  17  sdss  5898  82N  5 
   32  53698.273360  2  24.028  0.873  0.312  0.714   6.726e-01   8.959e-01   3.159e-01   7.232e-01  19  sdss  5898  82N  5 
   32  53698.274189  3  23.396  0.853  0.444  0.524   1.300e+00   1.405e+00   7.464e-01   8.822e-01  19  sdss  5898  82N  5 
   32  53698.275847  4  21.998  0.617  0.287  0.361   4.485e+00   3.921e+00   1.833e+00   2.307e+00  17  sdss  5898  82N  5 
   40  53698.275018  0  23.224  0.999  0.916  1.101   1.845e+00   1.733e+00   1.783e+00   2.143e+00  14  sdss  5898  82N  5 
   32  53699.300099  1  24.201  0.708  0.466  0.569   6.068e-01   5.659e-01   3.779e-01   4.617e-01  17  sdss  5902  82N  5 
   32  53699.296783  2  24.135  0.863  0.349  0.601   5.668e-01   8.516e-01   3.335e-01   5.741e-01  19  sdss  5902  82N  5 
   32  53699.297612  3  24.118  0.971  0.635  0.575   2.914e-01   1.325e+00   7.707e-01   6.979e-01  19  sdss  5902  82N  5 
    0  53699.299270  4  23.204  0.676  0.228  0.317  -1.845e+00   3.657e+00   1.177e+00   1.639e+00  17  sdss  5902  82N  5 
    0  53699.298441  0  25.261  1.372  0.861  1.482  -6.058e-01   1.787e+00   9.606e-01   1.654e+00  14  sdss  5902  82N  5 
 1152  53704.262093  1  26.084  0.766  0.963  1.015  -6.466e-01   6.270e-01   8.048e-01   8.491e-01  17  sdss  5918  82N  5 
    0  53704.258776  2  25.557  1.016  0.677  1.326  -6.525e-01   1.051e+00   6.777e-01   1.327e+00  19  sdss  5918  82N  5 
   32  53704.259605  3  22.909  0.715  0.437  0.525   2.281e+00   1.600e+00   1.052e+00   1.264e+00  19  sdss  5918  82N  5 
    8  53704.261263  4  23.752  0.680  0.784  0.459  -5.037e+00   4.509e+00   5.277e+00   3.088e+00  17  sdss  5918  82N  5 
    0  53704.260434  0  26.021  1.147  0.492  1.505  -1.682e+00   1.867e+00   8.956e-01   2.738e+00  14  sdss  5918  82N  5 
