# SDSS CID:  13183 IAU:          RA: 359.793854 DEC:   0.901457  (J2000)
# GALAXY_SB [ugriz] = [ 23.70 23.47 23.23 22.62 22.37 ] +/- [  0.29  0.07  0.09  0.09  0.20 ] (asinh mag/square arcsec)
# GALAXY_SB_FLUX [ugriz] = [  1.016E+00  1.389E+00  1.748E+00  3.075E+00  2.300E+00 ] +/- [  3.848E-01  1.037E-01  1.532E-01  2.703E-01  1.048E+00 ] (microJy per square arcsec)
#FLAG  MJD       FILT  MAG     MERR  MSKYERR MGALERR  FLUX       FLUXERR    SKYERR     GALERR    NPRE TELE   RUN  STRIP  IDCCD
    0  53975.303668  1  22.516  0.175  0.136  0.245   3.483e+00   5.664e-01   4.432e-01   8.029e-01  10  sdss  6287  82S  6 
    0  53975.300350  2  22.585  0.328  0.277  0.476   3.285e+00   1.005e+00   8.707e-01   1.498e+00  11  sdss  6287  82S  6 
    0  53975.301179  3  22.625  0.518  0.345  0.717   3.055e+00   1.507e+00   1.061e+00   2.202e+00  10  sdss  6287  82S  6 
    0  53975.302838  4  23.004  0.883  0.366  1.500  -8.383e-01   4.831e+00   1.806e+00   7.405e+00  9  sdss  6287  82S  6 
  136  53975.302009  0  22.324  0.460  0.475  0.847   4.486e+00   1.816e+00   1.974e+00   3.520e+00  5  sdss  6287  82S  6 
    1  53993.372047  1  22.539  0.256  0.114  0.170   3.409e+00   8.058e-01   3.637e-01   5.435e-01  10  sdss  6348  82S  6 
   24  53993.368730  2  22.545  0.421  0.750  0.286   3.412e+00   1.313e+00   2.447e+00   9.339e-01  11  sdss  6348  82S  6 
   24  53993.369559  3  22.421  0.382  1.463  0.401   3.734e+00   1.353e+00   5.357e+00   1.468e+00  10  sdss  6348  82S  6 
  156  53993.371217  4  23.291  0.912  2.803  1.070  -2.300e+00   5.233e+00   1.492e+01   5.693e+00  9  sdss  6348  82S  6 
    0  53993.370388  0  22.093  0.393  0.066  0.449   5.576e+00   1.934e+00   3.372e-01   2.295e+00  5  sdss  6348  82S  6 
    0  53994.327138  1  22.860  0.225  0.051  0.223   2.518e+00   5.324e-01   1.226e-01   5.357e-01  10  sdss  6355  82S  6 
    0  53994.323821  2  22.532  0.264  0.136  0.294   3.454e+00   8.555e-01   4.496e-01   9.700e-01  11  sdss  6355  82S  6 
   32  53994.324650  3  22.906  0.587  0.303  0.603   2.289e+00   1.352e+00   7.364e-01   1.467e+00  10  sdss  6355  82S  6 
    0  53994.326309  4  21.572  0.547  0.248  0.659   7.630e+00   4.524e+00   2.126e+00   5.658e+00  9  sdss  6355  82S  6 
    0  53994.325480  0  23.110  0.812  0.116  0.936   2.079e+00   1.551e+00   2.439e-01   1.974e+00  5  sdss  6355  82S  6 
    0  53996.310957  1  22.851  0.230  0.090  0.305   2.540e+00   5.484e-01   2.178e-01   7.373e-01  10  sdss  6367  82S  6 
    0  53996.307640  2  23.444  0.595  0.365  0.727   1.392e+00   8.587e-01   5.541e-01   1.103e+00  11  sdss  6367  82S  6 
   32  53996.308469  3  23.316  0.772  0.378  0.925   1.439e+00   1.332e+00   6.739e-01   1.650e+00  10  sdss  6367  82S  6 
    0  53996.310128  4  21.362  0.489  0.254  0.793   9.577e+00   4.757e+00   2.571e+00   8.031e+00  9  sdss  6367  82S  6 
    0  53996.309298  0  22.916  0.758  0.212  1.184   2.529e+00   1.692e+00   5.263e-01   2.933e+00  5  sdss  6367  82S  6 
 1156  53998.279452  1  22.124  0.631  0.459  0.109   5.019e+00   2.666e+00   2.145e+00   5.093e-01  10  sdss  6377  82S  6 
 1164  53998.276135  2  22.483  0.369  0.527  0.193   3.619e+00   1.228e+00   1.818e+00   6.645e-01  11  sdss  6377  82S  6 
   36  53998.276965  3  22.898  1.130  0.700  0.498   2.308e+00   2.411e+00   1.714e+00   1.218e+00  10  sdss  6377  82S  6 
 1028  53998.278623  4  19.563  2.168  1.047  0.107   5.368e+01   5.543e+01   5.227e+01   5.339e+00  9  sdss  6377  82S  6 
 1156  53998.277794  0  21.921  2.565  0.666  0.305   6.549e+00   8.383e+00   3.982e+00   1.825e+00  5  sdss  6377  82S  6 
    0  54005.309817  1  22.704  0.183  0.016  0.154   2.919e+00   4.999e-01   4.404e-02   4.256e-01  10  sdss  6402  82S  6 
    0  54005.306500  2  23.496  0.973  0.243  0.456   1.315e+00   1.295e+00   3.540e-01   6.647e-01  11  sdss  6402  82S  6 
    0  54005.307329  3  22.113  0.271  0.088  0.267   5.020e+00   1.277e+00   4.207e-01   1.283e+00  10  sdss  6402  82S  6 
    0  54005.308988  4  22.144  0.679  0.046  0.784   3.589e+00   4.063e+00   2.693e-01   4.627e+00  9  sdss  6402  82S  6 
    0  54005.308159  0  22.281  0.359  0.075  0.352   4.672e+00   1.502e+00   3.226e-01   1.519e+00  5  sdss  6402  82S  6 
    0  54008.270358  1  22.825  0.229  0.149  0.273   2.603e+00   5.606e-01   3.697e-01   6.759e-01  10  sdss  6417  82S  6 
    0  54008.267041  2  22.778  0.331  0.228  0.371   2.730e+00   8.562e-01   6.047e-01   9.840e-01  11  sdss  6417  82S  6 
    0  54008.267870  3  22.512  0.430  0.258  0.543   3.416e+00   1.397e+00   8.725e-01   1.836e+00  10  sdss  6417  82S  6 
  128  54008.269529  4  22.143  0.779  0.591  1.258   3.594e+00   4.695e+00   3.491e+00   7.427e+00  9  sdss  6417  82S  6 
    0  54008.268699  0  22.539  0.558  0.162  0.804   3.654e+00   1.782e+00   5.560e-01   2.758e+00  5  sdss  6417  82S  6 
    1  54010.265136  1  23.072  0.401  0.114  0.228   2.056e+00   7.681e-01   2.257e-01   4.537e-01  10  sdss  6425  82S  6 
    0  54010.261819  2  23.177  0.525  0.141  0.353   1.841e+00   9.384e-01   2.659e-01   6.652e-01  11  sdss  6425  82S  6 
    0  54010.262649  3  22.117  0.296  0.106  0.277   5.001e+00   1.385e+00   5.068e-01   1.326e+00  10  sdss  6425  82S  6 
    0  54010.264307  4  21.636  0.531  0.347  0.634   7.096e+00   4.208e+00   2.840e+00   5.185e+00  9  sdss  6425  82S  6 
    9  54010.263478  0  25.122  1.428  1.094  1.711  -4.556e-01   1.859e+00   1.151e+00   1.800e+00  5  sdss  6425  82S  6 
    1  54012.257830  1  22.431  0.418  0.277  0.114   3.771e+00   1.411e+00   9.799e-01   4.012e-01  10  sdss  6433  82S  6 
    1  54012.254513  2  23.874  1.262  0.366  0.510   8.355e-01   1.428e+00   4.070e-01   5.669e-01  11  sdss  6433  82S  6 
    1  54012.255343  3  22.906  0.791  0.147  0.422   2.289e+00   1.761e+00   3.565e-01   1.027e+00  10  sdss  6433  82S  6 
    0  54012.257001  4  22.990  0.867  0.445  0.892  -7.695e-01   4.723e+00   2.195e+00   4.399e+00  9  sdss  6433  82S  6 
    1  54012.256172  0  25.727  1.890  0.660  1.023  -1.200e+00   3.109e+00   9.580e-01   1.485e+00  5  sdss  6433  82S  6 
 1213  54020.263687  1  23.900  2.292 75.890  0.976   8.771e-01   2.737e+00   7.600e+01   9.780e-01  10  sdss  6447  82S  6 
    0  54020.260370  2  22.745  0.702  0.386  0.526   2.818e+00   1.722e+00   1.056e+00   1.437e+00  11  sdss  6447  82S  6 
    0  54020.261199  3  22.409  0.506  0.248  0.636   3.779e+00   1.769e+00   9.189e-01   2.352e+00  10  sdss  6447  82S  6 
   24  54020.262858  4  21.077  0.541  1.542  0.743   1.281e+01   6.539e+00   1.978e+01   9.534e+00  9  sdss  6447  82S  6 
  137  54020.262029  0  22.463  0.873  0.889  1.279   3.930e+00   2.728e+00   3.263e+00   4.697e+00  5  sdss  6447  82S  6 
    0  54024.345199  1  22.821  0.281  0.265  0.512   2.613e+00   6.854e-01   6.595e-01   1.271e+00  10  sdss  6458  82S  6 
   34  54024.341882  2  23.166  0.614  0.288  0.918   1.861e+00   1.089e+00   5.465e-01   1.744e+00  11  sdss  6458  82S  6 
   32  54024.342712  3  23.965  1.174  0.510  2.371   4.806e-01   1.721e+00   6.453e-01   3.001e+00  10  sdss  6458  82S  6 
    0  54024.344370  4  21.384  0.591  0.221  0.929   9.358e+00   5.566e+00   2.202e+00   9.237e+00  9  sdss  6458  82S  6 
   10  54024.343541  0  22.012  0.432  0.696  0.937   6.016e+00   2.268e+00   3.828e+00   5.160e+00  5  sdss  6458  82S  6 
    0  54028.253712  1  22.781  0.217  0.183  0.266   2.714e+00   5.523e-01   4.709e-01   6.854e-01  10  sdss  6468  82S  6 
    0  54028.250395  2  22.876  0.398  0.235  0.423   2.482e+00   9.358e-01   5.711e-01   1.031e+00  11  sdss  6468  82S  6 
    0  54028.251224  3  22.630  0.517  0.158  0.594   3.039e+00   1.498e+00   4.843e-01   1.817e+00  10  sdss  6468  82S  6 
    0  54028.252883  4  22.191  0.792  0.309  1.054   3.316e+00   4.700e+00   1.779e+00   6.076e+00  9  sdss  6468  82S  6 
   32  54028.252053  0  24.539  1.381  0.231  2.591   1.227e-01   1.733e+00   2.251e-01   2.527e+00  5  sdss  6468  82S  6 
    0  54030.256714  1  22.749  0.189  0.105  0.146   2.798e+00   4.968e-01   2.795e-01   3.878e-01  10  sdss  6479  82S  6 
    0  54030.253397  2  23.108  0.429  0.100  0.348   1.973e+00   8.240e-01   1.999e-01   6.944e-01  11  sdss  6479  82S  6 
  128  54030.254226  3  22.437  0.377  0.161  0.332   3.676e+00   1.316e+00   5.811e-01   1.199e+00  10  sdss  6479  82S  6 
    0  54030.255885  4  22.316  0.802  0.409  0.800   2.614e+00   4.582e+00   2.227e+00   4.357e+00  9  sdss  6479  82S  6 
    0  54030.255055  0  23.067  0.776  0.193  0.654   2.173e+00   1.540e+00   4.223e-01   1.428e+00  5  sdss  6479  82S  6 
  130  54035.332174  1  23.376  0.585  0.572  1.117   1.526e+00   8.351e-01   8.733e-01   1.707e+00  10  sdss  6501  82S  6 
    0  54035.328857  2  22.046  0.242  0.179  0.305   5.459e+00   1.218e+00   9.191e-01   1.562e+00  11  sdss  6501  82S  6 
   32  54035.329686  3  24.212  1.261  1.756  2.413   1.779e-01   1.859e+00   2.099e+00   2.885e+00  10  sdss  6501  82S  6 
    0  54035.331344  4  23.043  1.040  0.831  1.869  -1.030e+00   5.931e+00   4.129e+00   9.289e+00  9  sdss  6501  82S  6 
    8  54035.330515  0  22.900  1.160  0.918  1.709   2.570e+00   2.400e+00   2.306e+00   4.292e+00  5  sdss  6501  82S  6 
    0  54037.237614  1  22.749  0.214  0.038  0.210   2.798e+00   5.605e-01   1.016e-01   5.577e-01  10  sdss  6508  82S  6 
    0  54037.234298  2  22.841  0.423  0.415  0.349   2.568e+00   1.018e+00   1.042e+00   8.766e-01  11  sdss  6508  82S  6 
    0  54037.235127  3  22.394  0.418  0.139  0.397   3.833e+00   1.505e+00   5.228e-01   1.489e+00  10  sdss  6508  82S  6 
    0  54037.236785  4  21.970  0.744  0.056  0.871   4.667e+00   4.813e+00   3.678e-01   5.675e+00  9  sdss  6508  82S  6 
    4  54037.235956  0  23.199  0.949  0.218  1.074   1.894e+00   1.668e+00   4.272e-01   2.107e+00  5  sdss  6508  82S  6 
    1  54040.251773  1  23.138  0.829  0.170  0.271   1.929e+00   1.356e+00   3.190e-01   5.094e-01  10  sdss  6518  82S  6 
    1  54040.248456  2  25.545  1.431  0.910  0.893  -6.411e-01   1.605e+00   9.057e-01   8.886e-01  11  sdss  6518  82S  6 
    1  54040.249285  3  22.131  0.455  0.146  0.337   4.935e+00   2.045e+00   6.882e-01   1.592e+00  10  sdss  6518  82S  6 
    0  54040.250944  4  23.242  0.921  0.435  0.982  -2.042e+00   5.243e+00   2.276e+00   5.138e+00  9  sdss  6518  82S  6 
    1  54040.250114  0  22.143  0.723  0.211  0.433   5.320e+00   3.124e+00   1.033e+00   2.118e+00  5  sdss  6518  82S  6 
   11  54047.281982  1  22.746  1.138  3.002  0.728   2.806e+00   2.339e+00   7.980e+00   1.936e+00  10  sdss  6530  82S  6 
    3  54047.278665  2  27.215  0.603  0.248  0.644  -3.954e+00   2.070e+00   9.303e-01   2.415e+00  11  sdss  6530  82S  6 
  130  54047.279494  3  22.420  0.883  0.805  1.400   3.738e+00   2.783e+00   2.951e+00   5.130e+00  10  sdss  6530  82S  6 
  162  54047.281152  4  22.113  1.211  1.231  2.771   3.772e+00   7.827e+00   7.385e+00   1.663e+01  9  sdss  6530  82S  6 
  131  54047.280323  0  21.645  1.099  0.090  1.001   8.459e+00   6.468e+00   6.909e-01   7.689e+00  5  sdss  6530  82S  6 
   33  54049.277836  1  23.645  1.258  0.500  0.880   1.160e+00   1.324e+00   6.116e-01   1.076e+00  10  sdss  6537  82S  6 
    3  54049.274519  2  26.250  1.089  0.447  1.200  -1.532e+00   1.559e+00   7.276e-01   1.955e+00  11  sdss  6537  82S  6 
    2  54049.275348  3  25.218  1.276  0.678  2.110  -1.122e+00   2.102e+00   1.070e+00   3.326e+00  10  sdss  6537  82S  6 
   32  54049.277007  4  22.098  0.971  0.824  1.618   3.861e+00   6.063e+00   4.980e+00   9.785e+00  9  sdss  6537  82S  6 
    3  54049.276178  0  21.322  0.398  0.329  0.490   1.142e+01   3.942e+00   3.400e+00   5.064e+00  5  sdss  6537  82S  6 
    0  54053.241909  1  23.437  0.409  0.398  0.571   1.436e+00   5.741e-01   5.778e-01   8.295e-01  10  sdss  6555  82S  6 
    0  54053.238592  2  22.818  0.349  0.210  0.402   2.626e+00   8.681e-01   5.374e-01   1.031e+00  11  sdss  6555  82S  6 
   32  54053.239421  3  23.373  0.834  0.519  1.127   1.340e+00   1.394e+00   8.907e-01   1.935e+00  10  sdss  6555  82S  6 
    0  54053.241080  4  21.900  0.623  0.464  0.887   5.130e+00   4.176e+00   3.160e+00   6.042e+00  9  sdss  6555  82S  6 
    0  54053.240250  0  23.079  0.907  0.167  1.401   2.146e+00   1.740e+00   3.616e-01   3.031e+00  5  sdss  6555  82S  6 
    0  54056.243270  1  22.456  0.192  0.201  0.306   3.684e+00   6.572e-01   6.929e-01   1.056e+00  10  sdss  6568  82S  6 
   34  54056.239953  2  23.678  1.004  0.854  1.580   1.068e+00   1.208e+00   1.086e+00   2.008e+00  11  sdss  6568  82S  6 
   32  54056.240782  3  23.522  1.123  0.606  1.798   1.098e+00   1.798e+00   9.464e-01   2.808e+00  10  sdss  6568  82S  6 
  128  54056.242441  4  21.458  0.714  0.553  1.150   8.647e+00   6.251e+00   5.184e+00   1.078e+01  9  sdss  6568  82S  6 
  130  54056.241612  0  22.377  0.855  0.208  1.899   4.265e+00   2.891e+00   8.228e-01   7.528e+00  5  sdss  6568  82S  6 
 1154  54059.237276  1  22.976  0.418  0.353  1.046   2.255e+00   8.675e-01   7.647e-01   2.264e+00  10  sdss  6580  82S  6 
 1152  54059.233959  2  22.097  0.693  0.720  1.119   5.205e+00   3.012e+00   3.520e+00   5.471e+00  11  sdss  6580  82S  6 
  162  54059.234788  3  23.517  1.450  2.093  4.606   1.106e+00   2.474e+00   3.278e+00   7.216e+00  10  sdss  6580  82S  6 
    2  54059.236447  4  23.481  1.384  1.908  5.482  -3.351e+00   9.194e+00   1.103e+01   3.169e+01  9  sdss  6580  82S  6 
    0  54062.241874  1  23.261  0.441  0.213  0.807   1.711e+00   7.135e-01   3.594e-01   1.362e+00  10  sdss  6596  82S  6 
   32  54062.238557  2  23.442  0.880  0.703  1.270   1.395e+00   1.223e+00   1.069e+00   1.929e+00  11  sdss  6596  82S  6 
   32  54062.239386  3  23.083  1.045  0.854  1.619   1.890e+00   2.019e+00   1.808e+00   3.427e+00  10  sdss  6596  82S  6 
  160  54062.241045  4  22.365  1.192  1.355  2.508   2.351e+00   7.299e+00   7.238e+00   1.340e+01  9  sdss  6596  82S  6 
   34  54062.240215  0  23.586  1.617  0.328  4.007   1.227e+00   2.465e+00   4.828e-01   5.891e+00  5  sdss  6596  82S  6 
   33  54068.221970  1  23.705  1.575  0.960  0.806   1.089e+00   1.619e+00   1.118e+00   9.395e-01  10  sdss  6618  82S  6 
    1  54068.218652  2  22.728  0.741  0.934  0.443   2.865e+00   1.825e+00   2.588e+00   1.227e+00  11  sdss  6618  82S  6 
    1  54068.219482  3  25.972  0.950  0.907  0.787  -2.686e+00   2.291e+00   2.502e+00   2.171e+00  10  sdss  6618  82S  6 
    0  54068.221140  4  23.013  0.977  0.953  1.336  -8.824e-01   5.470e+00   4.712e+00   6.606e+00  9  sdss  6618  82S  6 
    1  54068.220311  0  22.174  1.024  0.469  0.794   5.167e+00   3.897e+00   2.232e+00   3.775e+00  5  sdss  6618  82S  6 
