# SDSS CID:  15099 IAU:          RA:  49.315174 DEC:  -0.855313  (J2000)
# GALAXY_SB [ugriz] = [ 23.81 23.23 22.67 22.29 21.60 ] +/- [  0.23  0.04  0.03  0.03  0.06 ] (asinh mag/square arcsec)
# GALAXY_SB_FLUX [ugriz] = [  8.769E-01  1.755E+00  3.040E+00  4.236E+00  7.376E+00 ] +/- [  2.958E-01  6.707E-02  8.469E-02  1.188E-01  5.064E-01 ] (microJy per square arcsec)
#FLAG  MJD       FILT  MAG     MERR  MSKYERR MGALERR  FLUX       FLUXERR    SKYERR     GALERR    NPRE TELE   RUN  STRIP  IDCCD
    1  53989.448557  1  22.872  0.599  0.115  0.106   2.490e+00   1.286e+00   2.696e-01   2.472e-01  22  sdss  6314  82N  1 
   33  53989.445239  2  23.046  0.638  0.100  0.124   2.100e+00   1.233e+00   2.096e-01   2.604e-01  23  sdss  6314  82N  1 
   33  53989.446069  3  23.608  0.964  0.316  0.234   9.667e-01   1.469e+00   4.689e-01   3.471e-01  24  sdss  6314  82N  1 
    0  53989.447727  4  21.699  0.493  0.229  0.219   6.591e+00   3.750e+00   1.783e+00   1.703e+00  25  sdss  6314  82N  1 
    1  53989.446898  0  23.095  1.966  0.400  0.603   2.112e+00   3.654e+00   8.284e-01   1.251e+00  15  sdss  6314  82N  1 
   32  53997.472485  1  23.369  0.321  0.097  0.186   1.537e+00   4.755e-01   1.467e-01   2.815e-01  22  sdss  6374  82N  1 
   32  53997.469167  2  22.917  0.309  0.103  0.134   2.385e+00   7.069e-01   2.409e-01   3.144e-01  23  sdss  6374  82N  1 
    0  53997.469997  3  22.432  0.300  0.055  0.093   3.694e+00   1.060e+00   1.981e-01   3.347e-01  24  sdss  6374  82N  1 
   32  53997.471655  4  22.696  0.610  0.134  0.379   6.694e-01   3.154e+00   6.605e-01   1.862e+00  25  sdss  6374  82N  1 
   40  53997.470826  0  23.479  0.904  0.513  1.048   1.392e+00   1.327e+00   7.946e-01   1.624e+00  15  sdss  6374  82N  1 
   32  54000.424749  1  23.504  0.430  0.435  0.494   1.341e+00   5.612e-01   5.885e-01   6.683e-01  22  sdss  6383  82N  1 
   32  54000.421432  2  22.852  0.373  0.249  0.345   2.542e+00   8.948e-01   6.152e-01   8.522e-01  23  sdss  6383  82N  1 
    0  54000.422261  3  25.080  0.907  0.548  0.765  -9.130e-01   1.356e+00   7.957e-01   1.111e+00  24  sdss  6383  82N  1 
    0  54000.423920  4  22.890  0.848  0.870  1.085  -2.785e-01   4.575e+00   4.247e+00   5.301e+00  25  sdss  6383  82N  1 
    0  54000.423091  0  25.237  1.401  0.365  3.190  -5.799e-01   1.828e+00   3.982e-01   3.483e+00  15  sdss  6383  82N  1 
   32  54007.475520  1  23.739  0.460  0.265  0.307   1.049e+00   4.983e-01   2.961e-01   3.437e-01  22  sdss  6414  82N  1 
   32  54007.472203  2  23.422  0.490  0.242  0.193   1.424e+00   7.262e-01   3.719e-01   2.961e-01  23  sdss  6414  82N  1 
   32  54007.473032  3  23.834  0.834  0.399  0.322   6.507e-01   1.166e+00   5.293e-01   4.275e-01  24  sdss  6414  82N  1 
    0  54007.474691  4  21.488  0.426  0.192  0.219   8.369e+00   3.784e+00   1.751e+00   1.994e+00  25  sdss  6414  82N  1 
   32  54007.473861  0  23.815  1.140  0.356  1.422   9.105e-01   1.479e+00   4.444e-01   1.778e+00  15  sdss  6414  82N  1 
   32  54009.399241  1  23.401  0.312  0.056  0.151   1.489e+00   4.509e-01   8.275e-02   2.225e-01  22  sdss  6421  82N  1 
   32  54009.395924  2  23.319  0.424  0.163  0.159   1.589e+00   6.854e-01   2.717e-01   2.657e-01  23  sdss  6421  82N  1 
   32  54009.396753  3  23.420  0.648  0.165  0.194   1.261e+00   1.058e+00   2.745e-01   3.222e-01  24  sdss  6421  82N  1 
   32  54009.398412  4  22.471  0.596  0.260  0.325   1.798e+00   3.182e+00   1.340e+00   1.672e+00  25  sdss  6421  82N  1 
    0  54009.397582  0  24.861  1.129  0.251  1.414  -1.904e-01   1.309e+00   2.469e-01   1.389e+00  15  sdss  6421  82N  1 
   32  54011.463896  1  23.424  0.324  0.104  0.167   1.455e+00   4.587e-01   1.511e-01   2.410e-01  22  sdss  6430  82N  1 
   32  54011.460578  2  23.016  0.318  0.103  0.099   2.163e+00   6.674e-01   2.207e-01   2.133e-01  23  sdss  6430  82N  1 
   32  54011.461408  3  23.369  0.606  0.185  0.153   1.347e+00   1.018e+00   3.171e-01   2.631e-01  24  sdss  6430  82N  1 
    0  54011.463067  4  21.737  0.400  0.217  0.204   6.299e+00   2.983e+00   1.648e+00   1.545e+00  25  sdss  6430  82N  1 
   40  54011.462237  0  23.608  0.929  0.648  0.977   1.194e+00   1.280e+00   9.189e-01   1.386e+00  15  sdss  6430  82N  1 
   32  54012.476563  1  24.265  0.716  0.597  0.643   5.557e-01   5.522e-01   4.631e-01   4.986e-01  22  sdss  6435  82N  1 
   32  54012.473246  2  23.077  0.468  0.294  0.295   2.036e+00   9.126e-01   5.989e-01   6.022e-01  23  sdss  6435  82N  1 
   32  54012.474075  3  22.482  0.396  0.234  0.200   3.518e+00   1.322e+00   8.064e-01   6.911e-01  24  sdss  6435  82N  1 
   32  54012.475734  4  22.120  0.725  0.412  0.565   3.731e+00   4.383e+00   2.460e+00   3.370e+00  25  sdss  6435  82N  1 
  160  54012.474905  0  24.648  1.390  1.150  3.498   1.715e-02   1.746e+00   1.114e+00   3.390e+00  15  sdss  6435  82N  1 
   33  54019.459159  1  23.746  1.153  0.159  0.298   1.041e+00   1.146e+00   1.774e-01   3.317e-01  22  sdss  6444  82N  1 
   25  54019.455841  2  25.853  1.566  6.593  0.291  -9.770e-01   1.940e+00   7.933e+00   3.503e-01  23  sdss  6444  82N  1 
 1081  54019.456671  3  23.752  1.089 10.971  0.294   7.614e-01   1.624e+00   1.510e+01   4.047e-01  24  sdss  6444  82N  1 
   32  54019.458329  4  22.570  0.813  0.587  0.467   1.295e+00   4.426e+00   2.946e+00   2.345e+00  25  sdss  6444  82N  1 
    1  54019.457500  0  25.636  1.885  0.662  1.577  -1.071e+00   3.043e+00   8.893e-01   2.117e+00  15  sdss  6444  82N  1 
   33  54021.468169  1  23.326  0.580  0.212  0.261   1.603e+00   8.510e-01   3.322e-01   4.099e-01  22  sdss  6450  82N  1 
   32  54021.464852  2  23.823  0.805  0.350  0.310   8.926e-01   9.006e-01   4.008e-01   3.554e-01  23  sdss  6450  82N  1 
   32  54021.465681  3  24.106  0.944  0.444  0.405   3.054e-01   1.283e+00   5.403e-01   4.929e-01  24  sdss  6450  82N  1 
    0  54021.467340  4  23.090  0.815  0.584  0.632  -1.266e+00   4.435e+00   2.930e+00   3.171e+00  25  sdss  6450  82N  1 
    1  54021.466510  0  22.902  1.367  0.129  0.910   2.567e+00   2.672e+00   3.144e-01   2.210e+00  15  sdss  6450  82N  1 
   32  54025.463531  1  23.154  0.358  0.169  0.307   1.899e+00   6.320e-01   3.078e-01   5.596e-01  22  sdss  6461  82N  1 
    0  54025.460214  2  25.742  0.856  0.482  0.480  -8.484e-01   9.409e-01   5.382e-01   5.359e-01  23  sdss  6461  82N  1 
   32  54025.461043  3  24.047  0.960  0.600  0.529   3.777e-01   1.319e+00   7.403e-01   6.525e-01  24  sdss  6461  82N  1 
    0  54025.462702  4  23.746  0.630  0.476  0.470  -4.996e+00   4.167e+00   3.192e+00   3.152e+00  25  sdss  6461  82N  1 
    0  54025.461873  0  25.178  1.405  0.462  2.456  -5.147e-01   1.823e+00   4.933e-01   2.620e+00  15  sdss  6461  82N  1 
   32  54029.473374  1  23.898  0.575  0.104  0.410   8.790e-01   5.497e-01   1.027e-01   4.068e-01  22  sdss  6476  82N  1 
   32  54029.470056  2  23.338  0.580  0.209  0.237   1.558e+00   9.024e-01   3.432e-01   3.900e-01  23  sdss  6476  82N  1 
   32  54029.470886  3  23.773  0.892  0.348  0.338   7.326e-01   1.280e+00   4.739e-01   4.606e-01  24  sdss  6476  82N  1 
   32  54029.472544  4  21.904  0.666  0.206  0.355   5.103e+00   4.440e+00   1.393e+00   2.404e+00  25  sdss  6476  82N  1 
    0  54029.471715  0  24.842  1.400  0.285  2.225  -1.717e-01   1.770e+00   2.791e-01   2.181e+00  15  sdss  6476  82N  1 
   32  54031.380836  1  23.339  0.313  0.116  0.184   1.583e+00   4.749e-01   1.796e-01   2.854e-01  22  sdss  6484  82N  1 
   32  54031.377519  2  23.080  0.410  0.191  0.173   2.030e+00   8.050e-01   3.875e-01   3.510e-01  23  sdss  6484  82N  1 
   32  54031.378348  3  23.126  0.616  0.187  0.205   1.801e+00   1.203e+00   3.807e-01   4.178e-01  24  sdss  6484  82N  1 
   32  54031.380007  4  22.746  0.719  0.338  0.430   4.243e-01   3.776e+00   1.655e+00   2.104e+00  25  sdss  6484  82N  1 
    0  54031.379178  0  26.263  0.752  0.326  0.980  -2.169e+00   1.458e+00   6.890e-01   2.075e+00  15  sdss  6484  82N  1 
   32  54036.385727  1  23.892  0.654  0.751  0.814   8.851e-01   6.225e-01   7.473e-01   8.107e-01  22  sdss  6504  82N  1 
   32  54036.382410  2  22.974  0.607  0.257  0.456   2.255e+00   1.253e+00   5.729e-01   1.015e+00  23  sdss  6504  82N  1 
   32  54036.383239  3  22.602  0.504  0.209  0.295   3.124e+00   1.491e+00   6.503e-01   9.171e-01  24  sdss  6504  82N  1 
    0  54036.384898  4  23.775  0.812  0.642  0.727  -5.192e+00   5.446e+00   4.386e+00   4.968e+00  25  sdss  6504  82N  1 
   34  54036.384068  0  24.058  1.421  0.533  4.038   6.200e-01   1.875e+00   5.906e-01   4.475e+00  15  sdss  6504  82N  1 
   32  54039.384099  1  23.256  0.317  0.184  0.232   1.718e+00   5.168e-01   3.069e-01   3.859e-01  22  sdss  6513  82N  1 
   32  54039.380782  2  23.463  0.555  0.216  0.254   1.362e+00   7.911e-01   3.216e-01   3.783e-01  23  sdss  6513  82N  1 
    0  54039.381612  3  22.335  0.314  0.062  0.120   4.058e+00   1.204e+00   2.423e-01   4.721e-01  24  sdss  6513  82N  1 
   32  54039.383270  4  21.984  0.608  0.139  0.371   4.574e+00   3.895e+00   8.977e-01   2.394e+00  25  sdss  6513  82N  1 
    0  54039.382441  0  25.139  1.309  0.727  1.967  -4.731e-01   1.642e+00   7.653e-01   2.069e+00  15  sdss  6513  82N  1 
   33  54041.354841  1  23.326  0.797  0.310  0.212   1.603e+00   1.113e+00   4.862e-01   3.323e-01  22  sdss  6524  82N  1 
  129  54041.351524  2  22.470  0.332  0.228  0.082   3.665e+00   1.119e+00   7.901e-01   2.859e-01  23  sdss  6524  82N  1 
    0  54041.352353  3  22.703  0.497  0.118  0.126   2.823e+00   1.356e+00   3.369e-01   3.591e-01  24  sdss  6524  82N  1 
   32  54041.354011  4  22.318  0.775  0.439  0.444   2.607e+00   4.407e+00   2.388e+00   2.415e+00  25  sdss  6524  82N  1 
   33  54041.353182  0  23.494  1.713  0.143  1.030   1.368e+00   2.710e+00   2.190e-01   1.578e+00  15  sdss  6524  82N  1 
   33  54048.405409  1  23.359  0.831  0.160  0.215   1.553e+00   1.124e+00   2.447e-01   3.276e-01  22  sdss  6534  82N  1 
   33  54048.402091  2  23.056  0.572  0.113  0.167   2.079e+00   1.112e+00   2.341e-01   3.464e-01  23  sdss  6534  82N  1 
   32  54048.402921  3  23.827  0.892  0.292  0.263   6.600e-01   1.261e+00   3.882e-01   3.497e-01  24  sdss  6534  82N  1 
   32  54048.404579  4  21.918  0.554  0.047  0.265   5.008e+00   3.674e+00   3.149e-01   1.780e+00  25  sdss  6534  82N  1 
  129  54048.403750  0  22.557  1.192  0.217  0.542   3.592e+00   3.048e+00   7.067e-01   1.770e+00  15  sdss  6534  82N  1 
   33  54052.382548  1  24.176  1.078  0.748  0.939   6.268e-01   8.792e-01   6.119e-01   7.690e-01  22  sdss  6552  82N  1 
    0  54052.379231  2  25.744  1.065  0.585  0.879  -8.506e-01   1.183e+00   6.542e-01   9.832e-01  23  sdss  6552  82N  1 
   32  54052.380061  3  22.748  0.620  0.461  0.406   2.697e+00   1.594e+00   1.269e+00   1.118e+00  24  sdss  6552  82N  1 
    0  54052.381719  4  21.026  0.438  0.480  0.403   1.348e+01   5.609e+00   6.404e+00   5.380e+00  25  sdss  6552  82N  1 
  128  54052.380890  0  22.231  0.584  0.343  0.800   4.896e+00   2.343e+00   1.495e+00   3.485e+00  15  sdss  6552  82N  1 
   32  54055.394174  1  23.382  0.398  0.340  0.325   1.518e+00   5.764e-01   5.086e-01   4.871e-01  22  sdss  6565  82N  1 
   32  54055.390857  2  23.712  0.808  0.340  0.522   1.025e+00   9.587e-01   4.200e-01   6.453e-01  23  sdss  6565  82N  1 
   32  54055.391687  3  22.637  0.534  0.200  0.330   3.017e+00   1.527e+00   6.043e-01   9.987e-01  24  sdss  6565  82N  1 
   32  54055.393345  4  21.866  0.674  0.380  0.452   5.363e+00   4.582e+00   2.641e+00   3.135e+00  25  sdss  6565  82N  1 
  128  54055.392516  0  22.849  1.013  0.446  1.466   2.704e+00   2.180e+00   1.134e+00   3.722e+00  15  sdss  6565  82N  1 
   32  54058.377238  1  23.281  0.408  0.152  0.447   1.676e+00   6.414e-01   2.473e-01   7.292e-01  22  sdss  6577  82N  1 
   32  54058.373922  2  23.672  0.913  0.642  0.518   1.075e+00   1.103e+00   8.168e-01   6.587e-01  23  sdss  6577  82N  1 
   32  54058.374751  3  22.990  0.686  0.517  0.352   2.093e+00   1.458e+00   1.170e+00   7.977e-01  24  sdss  6577  82N  1 
    0  54058.376409  4  23.018  0.971  0.853  0.856  -9.069e-01   5.430e+00   4.218e+00   4.236e+00  25  sdss  6577  82N  1 
    0  54058.375580  0  25.093  1.502  0.673  3.508  -4.253e-01   1.998e+00   6.977e-01   3.637e+00  15  sdss  6577  82N  1 
   34  54060.398868  1  23.606  0.616  0.415  0.776   1.207e+00   7.208e-01   5.164e-01   9.652e-01  22  sdss  6584  82N  1 
    2  54060.395551  2  25.709  1.801  4.130  2.868  -8.119e-01   2.322e+00   4.522e+00   3.138e+00  23  sdss  6584  82N  1 
   32  54060.396380  3  22.200  0.421  0.446  0.328   4.621e+00   1.785e+00   1.971e+00   1.450e+00  24  sdss  6584  82N  1 
   32  54060.398038  4  21.754  0.759  0.643  0.605   6.171e+00   5.474e+00   4.816e+00   4.528e+00  25  sdss  6584  82N  1 
  162  54060.397209  0  23.437  1.569  1.069  3.119   1.461e+00   2.442e+00   1.707e+00   4.977e+00  15  sdss  6584  82N  1 
   32  54065.375596  1  24.000  0.636  0.474  0.543   7.810e-01   5.671e-01   4.365e-01   5.004e-01  22  sdss  6609  82N  1 
   32  54065.372279  2  23.216  0.469  0.262  0.217   1.768e+00   8.164e-01   4.764e-01   3.931e-01  23  sdss  6609  82N  1 
    0  54065.373109  3  24.616  0.968  0.853  0.461  -3.034e-01   1.322e+00   1.037e+00   5.609e-01  24  sdss  6609  82N  1 
   32  54065.374767  4  22.694  0.856  0.515  0.572   6.793e-01   4.642e+00   2.532e+00   2.815e+00  25  sdss  6609  82N  1 
   32  54065.373938  0  23.444  1.202  0.327  1.683   1.450e+00   1.793e+00   5.184e-01   2.672e+00  15  sdss  6609  82N  1 
