# SDSS CID:  17695 IAU:          RA:  41.989838 DEC:   0.589505  (J2000)
# GALAXY_SB [ugriz] = [ 24.22 23.47 23.03 22.73 22.06 ] +/- [  0.27  0.06  0.05  0.05  0.09 ] (asinh mag/square arcsec)
# GALAXY_SB_FLUX [ugriz] = [  4.139E-01  1.381E+00  2.128E+00  2.743E+00  4.065E+00 ] +/- [  2.797E-01  8.048E-02  1.016E-01  1.457E-01  5.608E-01 ] (microJy per square arcsec)
#FLAG  MJD       FILT  MAG     MERR  MSKYERR MGALERR  FLUX       FLUXERR    SKYERR     GALERR    NPRE TELE   RUN  STRIP  IDCCD
   33  54347.422340  1  23.937  0.950  0.411  0.436   8.414e-01   8.693e-01   4.013e-01   4.257e-01  13  sdss  6930  82S  5 
   32  54347.419022  2  24.797  1.120  0.504  0.753   4.006e-03   1.062e+00   4.026e-01   6.019e-01  14  sdss  6930  82S  5 
   32  54347.419852  3  24.210  0.970  0.420  0.532   1.804e-01   1.315e+00   5.018e-01   6.363e-01  14  sdss  6930  82S  5 
   32  54347.421510  4  22.361  0.613  0.130  0.487   2.376e+00   3.382e+00   6.970e-01   2.608e+00  13  sdss  6930  82S  5 
   33  54347.420681  0  24.496  1.601  0.228  1.761   1.655e-01   2.183e+00   2.240e-01   1.727e+00  7  sdss  6930  82S  5 
    0  54357.397970  1  21.492  0.063  0.020  0.039   9.009e+00   5.283e-01   1.710e-01   3.275e-01  13  sdss  6955  82S  5 
    0  54357.394653  2  21.174  0.064  0.003  0.027   1.224e+01   7.233e-01   3.384e-02   3.052e-01  14  sdss  6955  82S  5 
    0  54357.395482  3  21.250  0.107  0.025  0.044   1.125e+01   1.125e+00   2.576e-01   4.624e-01  14  sdss  6955  82S  5 
    0  54357.397141  4  21.613  0.369  0.038  0.216   7.281e+00   3.023e+00   3.203e-01   1.803e+00  13  sdss  6955  82S  5 
    8  54357.396312  0  22.309  0.308  0.147  0.213   4.549e+00   1.284e+00   6.266e-01   9.079e-01  7  sdss  6955  82S  5 
    0  54362.448031  1  21.316  0.053  0.013  0.026   1.060e+01   5.231e-01   1.276e-01   2.600e-01  13  sdss  6976  82S  5 
    0  54362.444713  2  20.901  0.053  0.012  0.023   1.575e+01   7.766e-01   1.788e-01   3.330e-01  14  sdss  6976  82S  5 
    0  54362.445542  3  20.944  0.086  0.024  0.031   1.495e+01   1.192e+00   3.384e-01   4.291e-01  14  sdss  6976  82S  5 
    0  54362.447201  4  21.266  0.309  0.059  0.145   1.058e+01   3.326e+00   6.497e-01   1.591e+00  13  sdss  6976  82S  5 
    8  54362.446372  0  23.249  0.743  0.174  0.523   1.796e+00   1.313e+00   3.312e-01   9.961e-01  7  sdss  6976  82S  5 
    1  54376.443890  1  22.420  0.182  0.017  0.079   3.811e+00   6.441e-01   5.963e-02   2.815e-01  13  sdss  7016  82S  5 
    0  54376.440573  2  21.148  0.075  0.013  0.032   1.254e+01   8.753e-01   1.514e-01   3.742e-01  14  sdss  7016  82S  5 
    0  54376.441403  3  20.976  0.097  0.030  0.035   1.451e+01   1.303e+00   4.075e-01   4.741e-01  14  sdss  7016  82S  5 
    0  54376.443061  4  20.776  0.226  0.086  0.104   1.720e+01   3.729e+00   1.428e+00   1.735e+00  13  sdss  7016  82S  5 
    1  54376.442232  0  24.530  1.374  0.169  1.158   1.319e-01   1.719e+00   1.653e-01   1.130e+00  7  sdss  7016  82S  5 
   32  54382.429334  1  22.667  0.225  0.214  0.307   3.023e+00   6.353e-01   6.109e-01   8.770e-01  13  sdss  7038  82S  5 
    0  54382.426016  2  21.560  0.123  0.019  0.116   8.571e+00   9.817e-01   1.502e-01   9.275e-01  14  sdss  7038  82S  5 
    0  54382.426846  3  21.049  0.124  0.098  0.101   1.357e+01   1.566e+00   1.233e+00   1.283e+00  14  sdss  7038  82S  5 
    0  54382.428504  4  20.697  0.258  0.160  0.221   1.856e+01   4.546e+00   2.863e+00   3.962e+00  13  sdss  7038  82S  5 
    0  54382.427675  0  22.819  0.753  0.167  1.195   2.787e+00   1.837e+00   4.542e-01   3.256e+00  7  sdss  7038  82S  5 
    0  54385.447409  1  22.874  0.226  0.097  0.175   2.486e+00   5.293e-01   2.310e-01   4.150e-01  13  sdss  7051  82S  5 
    0  54385.444092  2  21.766  0.121  0.020  0.071   7.082e+00   7.994e-01   1.327e-01   4.717e-01  14  sdss  7051  82S  5 
    0  54385.444921  3  21.484  0.146  0.064  0.076   9.057e+00   1.232e+00   5.432e-01   6.449e-01  14  sdss  7051  82S  5 
    0  54385.446580  4  21.960  0.522  0.177  0.324   4.731e+00   3.396e+00   1.162e+00   2.126e+00  13  sdss  7051  82S  5 
    8  54385.445751  0  24.222  1.307  0.646  1.434   4.413e-01   1.636e+00   6.777e-01   1.504e+00  7  sdss  7051  82S  5 
   32  54387.447882  1  23.212  0.387  0.138  0.473   1.794e+00   6.597e-01   2.439e-01   8.339e-01  13  sdss  7057  82S  5 
    2  54387.444564  2  21.628  0.156  0.162  0.198   8.048e+00   1.161e+00   1.215e+00   1.483e+00  14  sdss  7057  82S  5 
    2  54387.445394  3  21.203  0.189  0.202  0.261   1.175e+01   2.049e+00   2.217e+00   2.860e+00  14  sdss  7057  82S  5 
    0  54387.447052  4  23.344  0.823  0.236  0.915  -2.586e+00   4.715e+00   1.285e+00   4.975e+00  13  sdss  7057  82S  5 
    2  54387.446223  0  25.557  1.546  0.399  3.059  -9.639e-01   2.228e+00   5.233e-01   4.005e+00  7  sdss  7057  82S  5 
 1210  54390.440265  1  23.953  1.155  4.413  1.556   8.250e-01   1.045e+00   4.258e+00   1.501e+00  13  sdss  7071  82S  5 
 1182  54390.436947  2  21.392  0.333  6.434  0.185   1.001e+01   3.006e+00   5.993e+01   1.726e+00  14  sdss  7071  82S  5 
 1190  54390.437777  3  21.980  0.847  1.348  0.482   5.692e+00   3.903e+00   7.293e+00   2.606e+00  14  sdss  7071  82S  5 
    4  54390.439436  4  23.832  1.974  3.233  1.066  -5.594e+00   1.676e+01   2.303e+01   7.592e+00  13  sdss  7071  82S  5 
  160  54391.445616  2  21.755  0.453  0.378  0.473   7.154e+00   2.864e+00   2.522e+00   3.159e+00  14  sdss  7074  82S  5 
   34  54391.446445  3  22.081  0.561  0.633  0.779   5.174e+00   2.571e+00   3.130e+00   3.850e+00  14  sdss  7074  82S  5 
   34  54391.448104  4  21.508  0.894  0.968  1.219   8.184e+00   7.414e+00   8.737e+00   1.101e+01  13  sdss  7074  82S  5 
    8  54391.447275  0  26.258  2.347  2.692  3.508  -2.159e+00   4.966e+00   5.913e+00   7.707e+00  7  sdss  7074  82S  5 
   34  54394.430658  1  24.229  1.027  1.160  1.742   5.842e-01   8.223e-01   9.277e-01   1.393e+00  13  sdss  7084  82S  5 
   32  54394.427341  2  22.253  0.303  0.286  0.291   4.498e+00   1.255e+00   1.215e+00   1.237e+00  14  sdss  7084  82S  5 
    0  54394.428170  3  21.431  0.211  0.150  0.179   9.513e+00   1.854e+00   1.333e+00   1.595e+00  14  sdss  7084  82S  5 
    0  54394.429829  4  24.068  0.820  0.481  0.942  -7.407e+00   6.483e+00   4.057e+00   7.940e+00  13  sdss  7084  82S  5 
   10  54394.428999  0  22.741  1.136  0.775  1.866   3.006e+00   2.671e+00   2.256e+00   5.431e+00  7  sdss  7084  82S  5 
   34  54396.450785  1  22.973  0.389  0.188  0.547   2.259e+00   8.149e-01   4.084e-01   1.189e+00  13  sdss  7096  82S  5 
   32  54396.447468  2  22.425  0.362  0.300  0.326   3.826e+00   1.274e+00   1.089e+00   1.183e+00  14  sdss  7096  82S  5 
    0  54396.448298  3  21.616  0.266  0.195  0.229   8.009e+00   1.961e+00   1.466e+00   1.721e+00  14  sdss  7096  82S  5 
   32  54396.449956  4  21.741  0.882  0.819  0.870   6.271e+00   6.402e+00   6.218e+00   6.611e+00  13  sdss  7096  82S  5 
   34  54396.449127  0  23.728  1.762  0.754  3.345   1.026e+00   2.730e+00   1.017e+00   4.510e+00  7  sdss  7096  82S  5 
   33  54402.441453  1  24.660  1.877  0.653  0.848   2.778e-01   1.764e+00   4.198e-01   5.447e-01  13  sdss  7101  82S  5 
   33  54402.438136  2  22.864  0.677  0.140  0.216   2.511e+00   1.514e+00   3.453e-01   5.322e-01  14  sdss  7101  82S  5 
    1  54402.438965  3  22.178  0.417  0.119  0.152   4.718e+00   1.812e+00   5.418e-01   6.897e-01  14  sdss  7101  82S  5 
    0  54402.440624  4  22.084  0.777  0.318  0.459   3.947e+00   4.793e+00   1.939e+00   2.798e+00  13  sdss  7101  82S  5 
    1  54402.439795  0  26.896  2.420  0.163  0.650  -4.034e+00   6.215e+00   6.221e-01   2.475e+00  7  sdss  7101  82S  5 
   32  54408.355491  1  24.474  0.639  0.299  0.327   4.020e-01   4.519e-01   2.084e-01   2.281e-01  13  sdss  7127  82S  5 
    0  54408.352174  2  22.615  0.239  0.034  0.094   3.195e+00   7.233e-01   1.048e-01   2.897e-01  14  sdss  7127  82S  5 
    0  54408.353003  3  22.387  0.307  0.060  0.091   3.859e+00   1.132e+00   2.253e-01   3.440e-01  14  sdss  7127  82S  5 
    0  54408.354662  4  22.034  0.515  0.180  0.213   4.254e+00   3.224e+00   1.131e+00   1.337e+00  13  sdss  7127  82S  5 
    0  54408.353832  0  23.893  1.102  0.057  0.769   8.128e-01   1.404e+00   6.931e-02   9.388e-01  7  sdss  7127  82S  5 
   32  54411.313497  1  24.123  0.572  0.124  0.349   6.714e-01   4.804e-01   1.059e-01   2.990e-01  13  sdss  7136  82S  5 
    8  54411.310180  2  22.716  0.249  0.110  0.107   2.900e+00   6.874e-01   3.083e-01   2.990e-01  14  sdss  7136  82S  5 
    0  54411.311009  3  22.678  0.386  0.060  0.132   2.895e+00   1.098e+00   1.746e-01   3.876e-01  14  sdss  7136  82S  5 
   32  54411.312668  4  22.417  0.585  0.271  0.343   2.077e+00   3.165e+00   1.421e+00   1.798e+00  13  sdss  7136  82S  5 
    0  54411.311838  0  25.198  1.150  0.188  1.041  -5.367e-01   1.399e+00   2.036e-01   1.130e+00  7  sdss  7136  82S  5 
  160  54413.354002  1  23.634  1.576  2.024  2.168   1.172e+00   1.667e+00   2.499e+00   2.678e+00  13  sdss  7145  82S  5 
   34  54413.350684  2  22.389  0.324  0.054  0.429   3.958e+00   1.186e+00   2.023e-01   1.609e+00  14  sdss  7145  82S  5 
   32  54413.351514  3  22.097  0.411  0.355  0.469   5.096e+00   1.919e+00   1.732e+00   2.286e+00  14  sdss  7145  82S  5 
   34  54413.353172  4  22.116  1.044  0.204  1.624   3.755e+00   6.549e+00   1.224e+00   9.739e+00  13  sdss  7145  82S  5 
    2  54413.352343  0  22.826  1.153  0.145  2.231   2.768e+00   2.540e+00   3.930e-01   6.041e+00  7  sdss  7145  82S  5 
   32  54415.365855  1  23.959  0.492  0.158  0.258   8.193e-01   4.606e-01   1.523e-01   2.481e-01  13  sdss  7152  82S  5 
    0  54415.362538  2  22.786  0.280  0.047  0.128   2.711e+00   7.248e-01   1.234e-01   3.372e-01  14  sdss  7152  82S  5 
    0  54415.363367  3  22.026  0.222  0.043  0.081   5.451e+00   1.136e+00   2.216e-01   4.207e-01  14  sdss  7152  82S  5 
    0  54415.365026  4  23.013  0.595  0.210  0.297  -8.849e-01   3.083e+00   1.038e+00   1.471e+00  13  sdss  7152  82S  5 
    8  54415.364196  0  23.740  0.988  0.375  0.738   1.009e+00   1.312e+00   5.019e-01   9.871e-01  7  sdss  7152  82S  5 
   32  54417.356033  1  23.937  0.507  0.327  0.336   8.414e-01   4.817e-01   3.195e-01   3.286e-01  13  sdss  7158  82S  5 
    0  54417.352715  2  22.394  0.208  0.087  0.115   3.939e+00   7.695e-01   3.257e-01   4.308e-01  14  sdss  7158  82S  5 
    0  54417.353545  3  22.119  0.285  0.128  0.157   4.990e+00   1.334e+00   6.114e-01   7.521e-01  14  sdss  7158  82S  5 
    0  54417.355203  4  23.166  0.664  0.272  0.392  -1.651e+00   3.559e+00   1.393e+00   2.005e+00  13  sdss  7158  82S  5 
    0  54417.354374  0  23.710  1.193  0.152  1.407   1.051e+00   1.633e+00   2.079e-01   1.919e+00  7  sdss  7158  82S  5 
   32  54418.353996  1  24.836  0.891  0.891  1.196   1.679e-01   5.964e-01   5.423e-01   7.281e-01  13  sdss  7161  82S  5 
   32  54418.350678  2  22.366  0.274  0.103  0.284   4.045e+00   1.029e+00   3.943e-01   1.089e+00  14  sdss  7161  82S  5 
   32  54418.351508  3  23.434  0.940  0.513  0.740   1.238e+00   1.530e+00   8.453e-01   1.220e+00  14  sdss  7161  82S  5 
   32  54418.353166  4  22.302  0.757  0.335  0.647   2.694e+00   4.323e+00   1.837e+00   3.547e+00  13  sdss  7161  82S  5 
    0  54418.352337  0  25.423  1.364  0.250  2.366  -7.952e-01   1.826e+00   3.029e-01   2.865e+00  7  sdss  7161  82S  5 
    0  54422.358754  1  25.395  0.953  0.325  1.398  -1.650e-01   6.467e-01   1.980e-01   8.503e-01  13  sdss  7173  82S  5 
   32  54422.355437  2  22.659  0.404  0.250  0.454   3.063e+00   1.146e+00   7.362e-01   1.339e+00  14  sdss  7173  82S  5 
   32  54422.356267  3  23.358  0.989  0.725  0.871   1.367e+00   1.668e+00   1.257e+00   1.511e+00  14  sdss  7173  82S  5 
    0  54422.357925  4  21.685  0.673  0.257  0.625   6.701e+00   5.106e+00   2.034e+00   4.945e+00  13  sdss  7173  82S  5 
    2  54422.357096  0  25.233  1.651  0.161  3.368  -5.753e-01   2.349e+00   1.772e-01   3.712e+00  7  sdss  7173  82S  5 
   33  54424.294699  1  24.630  1.233  0.400  0.523   2.971e-01   9.246e-01   2.602e-01   3.402e-01  13  sdss  7183  82S  5 
    1  54424.291382  2  22.708  0.360  0.131  0.147   2.923e+00   9.845e-01   3.694e-01   4.142e-01  14  sdss  7183  82S  5 
   32  54424.292211  3  22.916  0.557  0.123  0.202   2.267e+00   1.280e+00   2.962e-01   4.864e-01  14  sdss  7183  82S  5 
   32  54424.293869  4  22.338  0.605  0.267  0.376   2.499e+00   3.357e+00   1.443e+00   2.030e+00  13  sdss  7183  82S  5 
    1  54424.293040  0  23.743  1.441  0.166  0.788   1.006e+00   2.038e+00   2.211e-01   1.052e+00  7  sdss  7183  82S  5 
