# SDSS CID:  20379 IAU:          RA: 343.893677 DEC:  -0.562446  (J2000)
# GALAXY_SB [ugriz] = [ 23.28 23.03 23.00 22.78 22.18 ] +/- [  0.26  0.06  0.06  0.05  0.10 ] (asinh mag/square arcsec)
# GALAXY_SB_FLUX [ugriz] = [  1.676E+00  2.140E+00  2.202E+00  2.603E+00  3.320E+00 ] +/- [  4.727E-01  1.303E-01  1.254E-01  1.216E-01  5.673E-01 ] (microJy per square arcsec)
#FLAG  MJD       FILT  MAG     MERR  MSKYERR MGALERR  FLUX       FLUXERR    SKYERR     GALERR    NPRE TELE   RUN  STRIP  IDCCD
   33  54346.250465  1  22.541  0.299  0.066  0.337   3.403e+00   9.300e-01   2.101e-01   1.073e+00  11  sdss  6920  82N  2 
    0  54346.247147  2  22.730  0.368  0.192  0.256   2.861e+00   9.731e-01   5.241e-01   6.993e-01  13  sdss  6920  82N  2 
   32  54346.247977  3  22.778  0.561  0.309  0.318   2.614e+00   1.410e+00   8.207e-01   8.452e-01  15  sdss  6920  82N  2 
   32  54346.249635  4  21.658  0.612  0.360  0.440   6.917e+00   4.644e+00   2.830e+00   3.459e+00  15  sdss  6920  82N  2 
   32  54346.248806  0  23.285  1.590  0.277  3.184   1.728e+00   2.628e+00   5.049e-01   5.806e+00  11  sdss  6920  82N  2 
   32  54358.236664  1  23.538  0.553  0.544  1.121   1.296e+00   6.957e-01   7.220e-01   1.488e+00  11  sdss  6958  82N  2 
   32  54358.233347  2  22.933  0.434  0.364  0.490   2.349e+00   9.543e-01   8.342e-01   1.123e+00  13  sdss  6958  82N  2 
   32  54358.234177  3  22.977  0.633  0.245  0.433   2.122e+00   1.357e+00   5.557e-01   9.815e-01  15  sdss  6958  82N  2 
    0  54358.235835  4  23.104  0.852  0.241  0.814  -1.339e+00   4.674e+00   1.212e+00   4.086e+00  15  sdss  6958  82N  2 
   44  54358.235006  0  23.650  1.492  2.011  4.080   1.134e+00   2.173e+00   2.819e+00   5.720e+00  11  sdss  6958  82N  2 
  164  54359.202378  1  23.293  0.646  0.626  0.823   1.658e+00   9.699e-01   1.022e+00   1.343e+00  11  sdss  6962  82N  2 
    4  54359.199061  2  22.300  0.345  0.277  0.225   4.304e+00   1.341e+00   1.111e+00   9.048e-01  13  sdss  6962  82N  2 
    4  54359.199890  3  24.567  1.270  1.335  0.659  -2.437e-01   1.881e+00   1.608e+00   7.944e-01  15  sdss  6962  82N  2 
  164  54359.201549  4  21.721  1.115  0.523  0.679   6.424e+00   8.037e+00   3.932e+00   5.111e+00  15  sdss  6962  82N  2 
   36  54359.200719  0  22.659  1.359  0.520  2.050   3.257e+00   3.169e+00   1.596e+00   6.289e+00  11  sdss  6962  82N  2 
   33  54365.269666  1  23.341  0.584  0.265  0.349   1.580e+00   8.541e-01   4.145e-01   5.465e-01  11  sdss  6982  82N  2 
   33  54365.266349  2  23.003  0.432  0.105  0.174   2.191e+00   8.953e-01   2.256e-01   3.757e-01  13  sdss  6982  82N  2 
   32  54365.267179  3  22.777  0.494  0.162  0.140   2.617e+00   1.258e+00   4.311e-01   3.735e-01  15  sdss  6982  82N  2 
   32  54365.268837  4  22.573  0.772  0.317  0.375   1.281e+00   4.160e+00   1.590e+00   1.881e+00  15  sdss  6982  82N  2 
    1  54365.268008  0  24.904  1.527  0.999  2.445  -2.327e-01   2.028e+00   9.903e-01   2.423e+00  11  sdss  6982  82N  2 
  161  54373.343354  1  22.596  0.799  0.245  0.494   3.232e+00   2.085e+00   7.402e-01   1.493e+00  11  sdss  7006  82N  2 
  161  54373.340037  2  22.895  0.908  0.390  0.503   2.437e+00   1.842e+00   9.231e-01   1.189e+00  13  sdss  7006  82N  2 
   33  54373.340866  3  23.471  1.069  0.741  0.514   1.177e+00   1.721e+00   1.184e+00   8.213e-01  15  sdss  7006  82N  2 
   32  54373.342524  4  22.291  1.025  0.657  0.973   2.755e+00   6.102e+00   3.585e+00   5.314e+00  15  sdss  7006  82N  2 
    3  54373.341695  0  25.990  2.642  2.402  4.499  -1.626e+00   6.147e+00   4.196e+00   7.860e+00  11  sdss  7006  82N  2 
   34  54382.278069  1  23.246  0.473  0.262  1.366   1.736e+00   7.664e-01   4.447e-01   2.321e+00  11  sdss  7037  82N  2 
   32  54382.274752  2  23.424  0.729  0.559  0.921   1.422e+00   1.037e+00   8.519e-01   1.404e+00  13  sdss  7037  82N  2 
   32  54382.275581  3  22.808  0.592  0.554  0.471   2.537e+00   1.447e+00   1.437e+00   1.223e+00  15  sdss  7037  82N  2 
   32  54382.277240  4  21.680  0.821  0.953  0.975   6.739e+00   6.061e+00   7.374e+00   7.541e+00  15  sdss  7037  82N  2 
  130  54382.276411  0  26.628  1.005  0.124  2.973  -3.118e+00   2.472e+00   3.649e-01   8.773e+00  11  sdss  7037  82N  2 
   32  54386.280623  1  23.010  0.262  0.107  0.314   2.182e+00   5.378e-01   2.240e-01   6.551e-01  11  sdss  7054  82N  2 
   32  54386.277306  2  23.211  0.478  0.167  0.272   1.777e+00   8.293e-01   3.017e-01   4.926e-01  13  sdss  7054  82N  2 
   32  54386.278135  3  23.526  0.707  0.218  0.260   1.091e+00   1.089e+00   3.370e-01   4.021e-01  15  sdss  7054  82N  2 
    0  54386.279794  4  22.871  0.697  0.245  0.464  -1.869e-01   3.642e+00   1.198e+00   2.265e+00  15  sdss  7054  82N  2 
   40  54386.278965  0  23.355  1.034  0.919  1.987   1.601e+00   1.634e+00   1.588e+00   3.436e+00  11  sdss  7054  82N  2 
   32  54388.284592  1  23.114  0.317  0.242  0.446   1.975e+00   5.911e-01   4.606e-01   8.502e-01  11  sdss  7060  82N  2 
   32  54388.281275  2  23.634  0.697  0.324  0.477   1.124e+00   8.686e-01   4.218e-01   6.208e-01  13  sdss  7060  82N  2 
   32  54388.282104  3  23.495  0.748  0.590  0.298   1.140e+00   1.169e+00   9.282e-01   4.686e-01  15  sdss  7060  82N  2 
    0  54388.283763  4  23.110  0.770  0.358  0.560  -1.365e+00   4.158e+00   1.798e+00   2.814e+00  15  sdss  7060  82N  2 
   32  54388.282933  0  23.434  1.264  0.124  2.421   1.465e+00   1.918e+00   2.014e-01   3.944e+00  11  sdss  7060  82N  2 
   33  54393.270137  1  23.057  0.347  0.150  0.224   2.086e+00   6.753e-01   3.009e-01   4.481e-01  11  sdss  7080  82N  2 
  128  54393.266821  2  22.766  0.415  0.074  0.104   2.763e+00   1.056e+00   1.950e-01   2.742e-01  13  sdss  7080  82N  2 
   32  54393.267650  3  24.337  0.816  0.207  0.179   2.975e-02   1.059e+00   2.457e-01   2.114e-01  15  sdss  7080  82N  2 
   32  54393.269308  4  22.815  0.665  0.250  0.320   8.527e-02   3.449e+00   1.221e+00   1.561e+00  15  sdss  7080  82N  2 
   32  54393.268479  0  24.521  1.388  1.002  1.975   1.409e-01   1.746e+00   9.790e-01   1.929e+00  11  sdss  7080  82N  2 
   33  54403.197187  1  23.661  0.971  0.315  0.796   1.139e+00   1.040e+00   3.790e-01   9.557e-01  11  sdss  7106  82N  2 
    0  54403.193870  2  22.512  0.423  0.173  0.211   3.523e+00   1.342e+00   5.750e-01   6.999e-01  13  sdss  7106  82N  2 
   32  54403.194699  3  22.662  0.481  0.234  0.208   2.942e+00   1.346e+00   6.860e-01   6.077e-01  15  sdss  7106  82N  2 
    0  54403.196358  4  23.864  0.667  0.432  0.501  -5.820e+00   4.635e+00   3.077e+00   3.569e+00  15  sdss  7106  82N  2 
   33  54403.195529  0  22.439  0.843  0.380  1.274   4.020e+00   2.693e+00   1.416e+00   4.740e+00  11  sdss  7106  82N  2 
    1  54404.204061  1  22.845  0.256  0.110  0.211   2.555e+00   6.097e-01   2.660e-01   5.107e-01  11  sdss  7111  82N  2 
    0  54404.200744  2  22.480  0.255  0.072  0.116   3.632e+00   8.554e-01   2.458e-01   3.960e-01  13  sdss  7111  82N  2 
   32  54404.201574  3  22.945  0.511  0.134  0.164   2.196e+00   1.141e+00   3.117e-01   3.807e-01  15  sdss  7111  82N  2 
   32  54404.203232  4  22.294  0.647  0.137  0.390   2.738e+00   3.635e+00   7.449e-01   2.126e+00  15  sdss  7111  82N  2 
   32  54404.202403  0  23.320  1.045  0.185  1.467   1.663e+00   1.683e+00   3.282e-01   2.603e+00  11  sdss  7111  82N  2 
   32  54406.191103  1  22.795  0.237  0.157  0.279   2.678e+00   5.912e-01   3.981e-01   7.047e-01  11  sdss  7121  82N  2 
   32  54406.187787  2  22.838  0.379  0.172  0.234   2.577e+00   9.123e-01   4.279e-01   5.823e-01  13  sdss  7121  82N  2 
   32  54406.188616  3  23.019  0.639  0.360  0.237   2.027e+00   1.329e+00   7.889e-01   5.199e-01  15  sdss  7121  82N  2 
   32  54406.190274  4  21.541  0.563  0.306  0.376   7.899e+00   4.641e+00   2.625e+00   3.219e+00  15  sdss  7121  82N  2 
   36  54406.189445  0  24.595  1.465  0.581  4.827   6.863e-02   1.891e+00   5.639e-01   4.686e+00  11  sdss  7121  82N  2 
   32  54412.193214  1  22.794  0.219  0.122  0.261   2.682e+00   5.484e-01   3.093e-01   6.607e-01  11  sdss  7140  82N  2 
    0  54412.189897  2  22.882  0.348  0.083  0.209   2.469e+00   8.106e-01   1.978e-01   5.002e-01  13  sdss  7140  82N  2 
   32  54412.190726  3  22.907  0.481  0.138  0.188   2.287e+00   1.109e+00   3.298e-01   4.507e-01  15  sdss  7140  82N  2 
   32  54412.192385  4  21.914  0.571  0.096  0.384   5.038e+00   3.743e+00   6.376e-01   2.547e+00  15  sdss  7140  82N  2 
   40  54412.191556  0  22.864  0.737  0.655  1.472   2.665e+00   1.711e+00   1.683e+00   3.786e+00  11  sdss  7140  82N  2 
   32  54416.189001  1  22.977  0.257  0.136  0.318   2.252e+00   5.442e-01   2.934e-01   6.845e-01  11  sdss  7155  82N  2 
   32  54416.185684  2  23.023  0.389  0.157  0.224   2.148e+00   7.976e-01   3.324e-01   4.757e-01  13  sdss  7155  82N  2 
    0  54416.186513  3  22.471  0.356  0.128  0.131   3.557e+00   1.192e+00   4.411e-01   4.503e-01  15  sdss  7155  82N  2 
   32  54416.188171  4  21.888  0.618  0.288  0.346   5.211e+00   4.104e+00   1.941e+00   2.331e+00  15  sdss  7155  82N  2 
  168  54416.187342  0  24.291  1.299  1.538  3.757   3.700e-01   1.609e+00   1.575e+00   3.846e+00  11  sdss  7155  82N  2 
   32  54420.216384  1  22.996  0.289  0.162  0.315   2.212e+00   5.985e-01   3.432e-01   6.653e-01  11  sdss  7167  82N  2 
   32  54420.213067  2  23.679  0.909  0.180  0.349   1.065e+00   1.089e+00   2.273e-01   4.398e-01  13  sdss  7167  82N  2 
    0  54420.213897  3  22.554  0.375  0.197  0.114   3.277e+00   1.168e+00   6.310e-01   3.669e-01  15  sdss  7167  82N  2 
   32  54420.215555  4  22.613  0.774  0.475  0.491   1.080e+00   4.152e+00   2.362e+00   2.439e+00  15  sdss  7167  82N  2 
    4  54420.214726  0  22.102  0.428  0.066  0.800   5.528e+00   2.057e+00   3.317e-01   4.029e+00  11  sdss  7167  82N  2 
   33  54421.194317  1  22.971  0.478  0.298  0.330   2.265e+00   9.797e-01   6.450e-01   7.147e-01  11  sdss  7170  82N  2 
   33  54421.191000  2  23.018  0.628  0.171  0.287   2.159e+00   1.236e+00   3.650e-01   6.118e-01  13  sdss  7170  82N  2 
   32  54421.191829  3  23.248  0.751  0.330  0.251   1.563e+00   1.334e+00   6.110e-01   4.645e-01  15  sdss  7170  82N  2 
    0  54421.193488  4  22.941  0.794  0.434  0.513  -5.304e-01   4.236e+00   2.127e+00   2.512e+00  15  sdss  7170  82N  2 
    0  54421.192658  0  25.870  1.563  0.638  2.392  -1.421e+00   2.429e+00   1.018e+00   3.822e+00  11  sdss  7170  82N  2 
    1  54431.197355  1  21.800  0.512  1.022  0.274   6.778e+00   2.989e+00   6.386e+00   1.715e+00  11  sdss  7195  82N  2 
   57  54431.194038  2  22.878  1.135  3.119  0.668   2.479e+00   2.202e+00   7.492e+00   1.604e+00  13  sdss  7195  82N  2 
   57  54431.194867  3  22.580  0.885  5.948  0.407   3.193e+00   2.421e+00   1.867e+01   1.278e+00  15  sdss  7195  82N  2 
   41  54431.196525  4  21.292  0.959  1.512  0.570   1.030e+01   8.834e+00   1.572e+01   5.927e+00  15  sdss  7195  82N  2 
   33  54433.192573  1  23.118  0.612  0.552  0.444   1.967e+00   1.071e+00   1.049e+00   8.429e-01  11  sdss  7202  82N  2 
   32  54433.189256  2  22.875  0.402  0.207  0.243   2.486e+00   9.325e-01   4.984e-01   5.851e-01  13  sdss  7202  82N  2 
   32  54433.190086  3  22.847  0.516  0.225  0.179   2.436e+00   1.239e+00   5.661e-01   4.489e-01  15  sdss  7202  82N  2 
  128  54433.191744  4  21.241  0.513  0.435  0.266   1.086e+01   5.307e+00   4.716e+00   2.878e+00  15  sdss  7202  82N  2 
   40  54433.190915  0  23.489  1.393  1.423  2.583   1.377e+00   2.094e+00   2.228e+00   4.044e+00  11  sdss  7202  82N  2 
