# SDSS CID:   2162 IAU:          RA:  15.442416 DEC:  -0.133681  (J2000)
# GALAXY_SB [ugriz] = [ 23.99 23.33 22.15 21.66 21.22 ] +/- [  0.25  0.07  0.02  0.02  0.05 ] (asinh mag/square arcsec)
# GALAXY_SB_FLUX [ugriz] = [  6.676E-01  1.599E+00  4.952E+00  7.718E+00  1.098E+01 ] +/- [  2.848E-01  1.087E-01  9.379E-02  1.238E-01  5.337E-01 ] (microJy per square arcsec)
#FLAG  MJD       FILT  MAG     MERR  MSKYERR MGALERR  FLUX       FLUXERR    SKYERR     GALERR    NPRE TELE   RUN  STRIP  IDCCD
    0  53616.357620  1  22.148  0.180  0.022  0.266   4.909e+00   8.127e-01   1.022e-01   1.210e+00  16  sdss  5566  82N  3 
   32  53616.354302  2  22.490  0.317  0.093  0.240   3.595e+00   1.051e+00   3.149e-01   8.150e-01  19  sdss  5566  82N  3 
   32  53616.355132  3  22.035  0.310  0.145  0.179   5.406e+00   1.551e+00   7.446e-01   9.156e-01  19  sdss  5566  82N  3 
   32  53616.356790  4  22.410  0.986  0.873  0.875   2.117e+00   5.706e+00   4.583e+00   4.597e+00  18  sdss  5566  82N  3 
    2  53616.355961  0  25.333  1.529  0.319  3.469  -6.884e-01   2.110e+00   3.676e-01   3.996e+00  13  sdss  5566  82N  3 
    0  53626.334266  1  20.440  0.031  0.005  0.022   2.377e+01   6.773e-01   9.952e-02   4.869e-01  16  sdss  5603  82N  3 
    0  53626.330949  2  20.467  0.050  0.020  0.028   2.350e+01   1.080e+00   4.362e-01   6.039e-01  19  sdss  5603  82N  3 
    0  53626.331778  3  20.570  0.069  0.019  0.028   2.111e+01   1.339e+00   3.736e-01   5.532e-01  19  sdss  5603  82N  3 
    0  53626.333437  4  21.193  0.350  0.101  0.171   1.140e+01   3.953e+00   1.170e+00   1.978e+00  18  sdss  5603  82N  3 
    0  53626.332607  0  21.671  0.217  0.024  0.209   8.259e+00   1.617e+00   1.772e-01   1.573e+00  13  sdss  5603  82N  3 
    1  53628.319322  1  20.391  0.057  0.019  0.030   2.486e+01   1.299e+00   4.315e-01   6.955e-01  16  sdss  5610  82N  3 
    1  53628.316005  2  20.367  0.056  0.023  0.021   2.576e+01   1.335e+00   5.407e-01   5.075e-01  19  sdss  5610  82N  3 
    0  53628.316834  3  20.628  0.088  0.041  0.034   2.001e+01   1.627e+00   7.657e-01   6.257e-01  19  sdss  5610  82N  3 
    0  53628.318493  4  20.374  0.210  0.102  0.120   2.521e+01   4.914e+00   2.420e+00   2.841e+00  18  sdss  5610  82N  3 
    1  53628.317663  0  22.145  0.646  0.102  0.387   5.306e+00   2.858e+00   4.993e-01   1.896e+00  13  sdss  5610  82N  3 
    1  53635.327903  1  20.619  0.052  0.010  0.019   2.016e+01   9.667e-01   1.762e-01   3.514e-01  16  sdss  5622  82N  3 
    1  53635.324586  2  20.365  0.045  0.002  0.011   2.581e+01   1.058e+00   5.309e-02   2.691e-01  19  sdss  5622  82N  3 
    0  53635.325415  3  20.660  0.074  0.016  0.018   1.943e+01   1.331e+00   2.874e-01   3.160e-01  19  sdss  5622  82N  3 
    0  53635.327074  4  21.352  0.355  0.145  0.128   9.678e+00   3.529e+00   1.472e+00   1.296e+00  18  sdss  5622  82N  3 
    1  53635.326245  0  22.293  0.555  0.157  0.241   4.621e+00   2.211e+00   6.736e-01   1.035e+00  13  sdss  5622  82N  3 
    1  53637.321303  1  20.866  0.083  0.030  0.075   1.605e+01   1.226e+00   4.354e-01   1.103e+00  16  sdss  5633  82N  3 
    0  53637.317986  2  20.627  0.061  0.009  0.027   2.027e+01   1.130e+00   1.664e-01   5.012e-01  19  sdss  5633  82N  3 
    0  53637.318816  3  20.737  0.093  0.030  0.035   1.810e+01   1.543e+00   5.078e-01   5.877e-01  19  sdss  5633  82N  3 
    0  53637.320474  4  21.009  0.415  0.223  0.210   1.371e+01   5.411e+00   3.020e+00   2.838e+00  18  sdss  5633  82N  3 
   33  53637.319645  0  23.862  1.610  0.432  1.795   8.515e-01   2.324e+00   5.354e-01   2.222e+00  13  sdss  5633  82N  3 
    0  53639.366679  1  20.961  0.052  0.017  0.034   1.470e+01   7.055e-01   2.318e-01   4.533e-01  16  sdss  5642  82N  3 
    0  53639.363361  2  20.638  0.045  0.007  0.015   2.007e+01   8.386e-01   1.332e-01   2.806e-01  19  sdss  5642  82N  3 
    0  53639.364191  3  20.960  0.083  0.012  0.021   1.473e+01   1.134e+00   1.692e-01   2.851e-01  19  sdss  5642  82N  3 
   32  53639.365849  4  22.236  0.579  0.256  0.255   3.058e+00   3.311e+00   1.442e+00   1.435e+00  18  sdss  5642  82N  3 
   32  53639.365020  0  23.575  1.038  0.074  0.793   1.244e+00   1.478e+00   1.094e-01   1.178e+00  13  sdss  5642  82N  3 
    0  53644.313644  1  21.531  0.076  0.015  0.089   8.690e+00   6.044e-01   1.220e-01   7.110e-01  16  sdss  5670  82N  3 
    0  53644.310326  2  21.114  0.086  0.021  0.067   1.294e+01   1.020e+00   2.517e-01   7.966e-01  19  sdss  5670  82N  3 
    0  53644.311156  3  21.370  0.135  0.041  0.064   1.007e+01   1.258e+00   3.843e-01   5.976e-01  19  sdss  5670  82N  3 
   32  53644.312814  4  21.925  0.930  0.483  0.425   4.960e+00   6.162e+00   3.228e+00   2.837e+00  18  sdss  5670  82N  3 
   40  53644.311985  0  23.989  1.178  0.982  1.627   6.994e-01   1.484e+00   1.136e+00   1.883e+00  13  sdss  5670  82N  3 
    0  53654.348381  1  22.983  0.296  0.063  0.205   2.240e+00   6.194e-01   1.338e-01   4.390e-01  16  sdss  5709  82N  3 
    0  53654.345064  2  21.609  0.110  0.011  0.039   8.187e+00   8.335e-01   8.642e-02   2.955e-01  19  sdss  5709  82N  3 
    0  53654.345893  3  21.363  0.134  0.026  0.036   1.014e+01   1.256e+00   2.433e-01   3.408e-01  19  sdss  5709  82N  3 
    0  53654.347551  4  21.287  0.406  0.130  0.148   1.036e+01   4.216e+00   1.397e+00   1.589e+00  18  sdss  5709  82N  3 
   40  53654.346722  0  24.013  1.152  0.666  1.017   6.713e-01   1.435e+00   7.615e-01   1.163e+00  13  sdss  5709  82N  3 
   33  53663.309142  1  23.061  0.775  0.171  0.334   2.078e+00   1.363e+00   3.412e-01   6.667e-01  16  sdss  5744  82N  3 
    1  53663.305825  2  21.986  0.209  0.046  0.056   5.768e+00   1.107e+00   2.463e-01   3.022e-01  19  sdss  5744  82N  3 
    0  53663.306654  3  21.872  0.229  0.052  0.059   6.304e+00   1.338e+00   3.057e-01   3.515e-01  19  sdss  5744  82N  3 
    0  53663.308313  4  21.645  0.620  0.074  0.167   7.019e+00   4.827e+00   5.964e-01   1.348e+00  18  sdss  5744  82N  3 
    1  53663.307483  0  24.751  1.764  0.863  1.094  -8.321e-02   2.568e+00   8.385e-01   1.063e+00  13  sdss  5744  82N  3 
   33  53666.379187  1  23.419  0.698  0.066  0.423   1.462e+00   9.366e-01   9.710e-02   6.201e-01  16  sdss  5765  82N  3 
   32  53666.375870  2  22.460  0.320  0.110  0.128   3.699e+00   1.088e+00   3.849e-01   4.483e-01  19  sdss  5765  82N  3 
   32  53666.376699  3  21.909  0.244  0.068  0.087   6.089e+00   1.378e+00   3.914e-01   5.018e-01  19  sdss  5765  82N  3 
   32  53666.378358  4  22.123  0.721  0.254  0.350   3.711e+00   4.348e+00   1.512e+00   2.084e+00  18  sdss  5765  82N  3 
    1  53666.377528  0  22.468  0.854  0.288  0.460   3.912e+00   2.686e+00   1.058e+00   1.690e+00  13  sdss  5765  82N  3 
   32  53668.298481  1  23.437  0.534  0.135  0.628   1.436e+00   7.303e-01   1.944e-01   9.066e-01  16  sdss  5770  82N  3 
   32  53668.295164  2  22.226  0.259  0.065  0.174   4.610e+00   1.097e+00   2.784e-01   7.486e-01  19  sdss  5770  82N  3 
   32  53668.295993  3  22.839  0.611  0.242  0.295   2.456e+00   1.468e+00   6.175e-01   7.542e-01  19  sdss  5770  82N  3 
   32  53668.297652  4  22.613  0.865  0.602  0.597   1.081e+00   4.731e+00   2.995e+00   2.970e+00  18  sdss  5770  82N  3 
   32  53668.296823  0  23.537  1.285  0.163  1.647   1.300e+00   1.881e+00   2.493e-01   2.512e+00  13  sdss  5770  82N  3 
   34  53670.303468  1  23.467  0.600  0.128  1.088   1.393e+00   7.905e-01   1.802e-01   1.532e+00  16  sdss  5781  82N  3 
   32  53670.300151  2  22.554  0.368  0.301  0.273   3.383e+00   1.142e+00   9.654e-01   8.760e-01  19  sdss  5781  82N  3 
   32  53670.300980  3  22.918  0.767  0.369  0.468   2.260e+00   1.694e+00   8.835e-01   1.121e+00  19  sdss  5781  82N  3 
    0  53670.302639  4  24.324  0.919  0.486  0.399  -9.781e+00   8.407e+00   4.980e+00   4.080e+00  18  sdss  5781  82N  3 
   32  53670.301809  0  23.142  1.171  0.168  1.829   2.011e+00   2.080e+00   3.466e-01   3.771e+00  13  sdss  5781  82N  3 
   40  53673.271048  1  23.868  0.517  0.312  0.536   9.097e-01   5.118e-01   3.185e-01   5.481e-01  16  sdss  5792  82N  3 
    0  53673.267731  2  22.543  0.240  0.035  0.085   3.418e+00   7.661e-01   1.125e-01   2.745e-01  19  sdss  5792  82N  3 
   32  53673.268560  3  22.504  0.347  0.065  0.099   3.442e+00   1.145e+00   2.193e-01   3.336e-01  19  sdss  5792  82N  3 
   32  53673.270219  4  22.721  0.682  0.236  0.326   5.472e-01   3.562e+00   1.156e+00   1.598e+00  18  sdss  5792  82N  3 
    8  53673.269389  0  24.812  1.146  0.472  1.183  -1.427e-01   1.333e+00   4.610e-01   1.156e+00  13  sdss  5792  82N  3 
   40  53675.268159  1  24.278  0.809  0.572  1.087   5.457e-01   6.252e-01   4.422e-01   8.407e-01  16  sdss  5800  82N  3 
   32  53675.264842  2  22.647  0.323  0.123  0.171   3.096e+00   9.305e-01   3.629e-01   5.069e-01  19  sdss  5800  82N  3 
   32  53675.265672  3  22.086  0.280  0.099  0.111   5.151e+00   1.342e+00   4.861e-01   5.412e-01  19  sdss  5800  82N  3 
   32  53675.267330  4  22.362  0.856  0.542  0.565   2.366e+00   4.872e+00   2.894e+00   3.019e+00  18  sdss  5800  82N  3 
  128  53675.266501  0  25.375  1.177  0.068  1.589  -7.369e-01   1.492e+00   8.021e-02   1.869e+00  13  sdss  5800  82N  3 
   40  53677.288820  1  23.624  0.378  0.148  0.288   1.185e+00   4.564e-01   1.827e-01   3.561e-01  16  sdss  5813  82N  3 
   32  53677.285503  2  22.864  0.311  0.112  0.111   2.511e+00   7.434e-01   2.743e-01   2.701e-01  19  sdss  5813  82N  3 
   32  53677.286333  3  23.139  0.550  0.081  0.132   1.775e+00   1.073e+00   1.637e-01   2.669e-01  19  sdss  5813  82N  3 
    0  53677.287991  4  21.246  0.397  0.055  0.117   1.080e+01   4.264e+00   6.039e-01   1.299e+00  18  sdss  5813  82N  3 
   40  53677.287162  0  24.498  1.103  0.369  0.990   1.630e-01   1.268e+00   3.614e-01   9.705e-01  13  sdss  5813  82N  3 
   32  53680.275598  1  23.628  0.465  0.069  0.528   1.180e+00   5.532e-01   8.510e-02   6.510e-01  16  sdss  5823  82N  3 
    0  53680.272282  2  22.453  0.238  0.015  0.103   3.723e+00   8.243e-01   5.234e-02   3.638e-01  19  sdss  5823  82N  3 
   32  53680.273111  3  23.025  0.557  0.168  0.179   2.015e+00   1.176e+00   3.696e-01   3.934e-01  19  sdss  5823  82N  3 
   32  53680.274769  4  22.287  0.671  0.366  0.377   2.773e+00   3.804e+00   2.014e+00   2.078e+00  18  sdss  5823  82N  3 
    0  53680.273940  0  25.106  1.202  0.143  1.461  -4.387e-01   1.459e+00   1.501e-01   1.530e+00  13  sdss  5823  82N  3 
    1  53693.276641  1  22.863  0.572  0.159  0.292   2.511e+00   1.259e+00   3.786e-01   6.953e-01  16  sdss  5878  82N  3 
   33  53693.273324  2  23.459  0.778  0.130  0.235   1.369e+00   1.078e+00   1.933e-01   3.509e-01  19  sdss  5878  82N  3 
   32  53693.274153  3  23.576  0.957  0.154  0.360   1.014e+00   1.472e+00   2.325e-01   5.429e-01  19  sdss  5878  82N  3 
   32  53693.275812  4  22.747  0.855  0.495  0.457   4.198e-01   4.622e+00   2.424e+00   2.238e+00  18  sdss  5878  82N  3 
  129  53693.274982  0  22.421  1.286  0.418  0.574   4.092e+00   3.679e+00   1.601e+00   2.199e+00  13  sdss  5878  82N  3 
   32  53698.273677  1  23.559  0.552  0.070  0.553   1.268e+00   6.831e-01   9.142e-02   7.220e-01  16  sdss  5898  82N  3 
   32  53698.270361  2  23.269  0.515  0.233  0.242   1.676e+00   8.535e-01   4.041e-01   4.206e-01  19  sdss  5898  82N  3 
   32  53698.271190  3  24.157  0.979  0.358  0.490   2.438e-01   1.335e+00   4.321e-01   5.901e-01  19  sdss  5898  82N  3 
   32  53698.272848  4  21.427  0.500  0.119  0.284   8.938e+00   4.604e+00   1.133e+00   2.720e+00  18  sdss  5898  82N  3 
   32  53698.272019  0  23.428  1.109  0.191  1.301   1.476e+00   1.692e+00   3.154e-01   2.148e+00  13  sdss  5898  82N  3 
   40  53699.297099  1  23.660  0.488  0.356  0.519   1.141e+00   5.644e-01   4.280e-01   6.239e-01  16  sdss  5902  82N  3 
   32  53699.293782  2  23.697  0.703  0.199  0.316   1.044e+00   8.450e-01   2.490e-01   3.947e-01  19  sdss  5902  82N  3 
   32  53699.294612  3  23.830  0.901  0.262  0.350   6.561e-01   1.274e+00   3.484e-01   4.651e-01  19  sdss  5902  82N  3 
    0  53699.296270  4  24.424  0.432  0.054  0.189  -1.085e+01   4.630e+00   6.000e-01   2.095e+00  18  sdss  5902  82N  3 
   32  53699.295441  0  24.638  1.342  0.251  1.623   2.630e-02   1.658e+00   2.436e-01   1.573e+00  13  sdss  5902  82N  3 
   40  53704.259086  1  23.330  0.463  0.506  0.818   1.597e+00   6.996e-01   7.998e-01   1.294e+00  16  sdss  5918  82N  3 
   32  53704.255769  2  23.620  0.768  0.371  0.489   1.143e+00   9.626e-01   4.905e-01   6.452e-01  19  sdss  5918  82N  3 
   32  53704.256598  3  23.908  1.013  0.734  0.566   5.541e-01   1.440e+00   9.468e-01   7.303e-01  19  sdss  5918  82N  3 
   40  53704.258257  4  21.180  0.557  0.822  0.407   1.156e+01   6.145e+00   9.607e+00   4.756e+00  18  sdss  5918  82N  3 
    0  53704.257427  0  25.635  1.410  0.197  2.545  -1.069e+00   2.001e+00   2.692e-01   3.486e+00  13  sdss  5918  82N  3 
