# SDSS CID:    954 IAU:          RA:   5.432024 DEC:   0.295572  (J2000)
# GALAXY_SB [ugriz] = [ 22.69 21.34 20.47 19.82 19.55 ] +/- [  0.00  0.00  0.00  0.00  0.00 ] (asinh mag/square arcsec)
# GALAXY_SB_FLUX [ugriz] = [  3.053E+00  1.030E+01  2.339E+01  4.211E+01  5.381E+01 ] +/- [  0.000E+00  0.000E+00  0.000E+00  0.000E+00  0.000E+00 ] (microJy per square arcsec)
#FLAG  MJD       FILT  MAG     MERR  MSKYERR MGALERR  FLUX       FLUXERR    SKYERR     GALERR    NPRE TELE   RUN  STRIP  IDCCD
  256  53616.330300  1  25.914  1.154  0.746  0.000  -5.119e-01   9.076e-01   5.608e-01   0.000e+00  17  sdss  5566  82N  4 
  288  53616.326983  2  23.064  0.669  0.129  0.000   2.062e+00   1.266e+00   2.650e-01   0.000e+00  20  sdss  5566  82N  4 
  288  53616.327812  3  23.056  0.912  0.281  0.000   1.949e+00   1.802e+00   6.032e-01   0.000e+00  19  sdss  5566  82N  4 
  288  53616.329470  4  22.252  0.968  0.517  0.000   2.972e+00   5.769e+00   2.886e+00   0.000e+00  20  sdss  5566  82N  4 
  260  53616.328641  0  25.623  1.478  0.097  0.000  -1.053e+00   2.116e+00   1.310e-01   0.000e+00  9  sdss  5566  82N  4 
 1412  53623.320773  1  25.968  1.528  1.183  0.000  -5.535e-01   1.321e+00   9.192e-01   0.000e+00  17  sdss  5590  82N  4 
 1468  53623.317456  2  21.363  0.316  0.577  0.000   1.028e+01   2.924e+00   5.483e+00   0.000e+00  20  sdss  5590  82N  4 
  292  53623.318285  3  21.008  0.213  0.122  0.000   1.408e+01   2.734e+00   1.585e+00   0.000e+00  19  sdss  5590  82N  4 
 1420  53623.319944  4  24.211  0.944  0.781  0.000  -8.680e+00   7.973e+00   7.270e+00   0.000e+00  20  sdss  5590  82N  4 
  260  53623.319114  0  22.617  0.750  0.058  0.000   3.391e+00   2.118e+00   1.831e-01   0.000e+00  9  sdss  5590  82N  4 
  288  53626.306805  1  23.792  0.807  0.358  0.000   9.904e-01   8.099e-01   3.864e-01   0.000e+00  17  sdss  5603  82N  4 
  288  53626.303488  2  24.046  1.105  0.365  0.000   6.541e-01   1.158e+00   3.650e-01   0.000e+00  20  sdss  5603  82N  4 
  256  53626.304317  3  26.409  0.438  0.204  0.000  -4.139e+00   1.667e+00   8.110e-01   0.000e+00  19  sdss  5603  82N  4 
  288  53626.305976  4  21.858  0.767  0.335  0.000   5.421e+00   5.212e+00   2.328e+00   0.000e+00  20  sdss  5603  82N  4 
  288  53626.305146  0  24.105  1.431  0.186  0.000   5.679e-01   1.886e+00   2.029e-01   0.000e+00  9  sdss  5603  82N  4 
  257  53628.291832  1  26.249  1.458  0.515  0.000  -7.933e-01   1.331e+00   4.820e-01   0.000e+00  17  sdss  5610  82N  4 
  257  53628.288515  2  25.583  1.324  0.475  0.000  -6.792e-01   1.457e+00   4.825e-01   0.000e+00  20  sdss  5610  82N  4 
  288  53628.289344  3  22.756  0.762  0.207  0.000   2.674e+00   1.888e+00   5.643e-01   0.000e+00  19  sdss  5610  82N  4 
  256  53628.291002  4  24.522  0.470  0.051  0.000  -1.198e+01   5.397e+00   6.068e-01   0.000e+00  20  sdss  5610  82N  4 
  265  53628.290173  0  26.123  1.879  0.688  0.000  -1.876e+00   3.344e+00   1.330e+00   0.000e+00  9  sdss  5610  82N  4 
  257  53635.300307  1  26.643  0.783  0.116  0.000  -1.224e+00   9.037e-01   1.464e-01   0.000e+00  17  sdss  5622  82N  4 
  289  53635.296990  2  24.296  1.127  0.230  0.000   4.192e-01   1.119e+00   2.044e-01   0.000e+00  20  sdss  5622  82N  4 
  288  53635.297820  3  24.322  1.088  0.265  0.000   4.730e-02   1.516e+00   3.142e-01   0.000e+00  19  sdss  5622  82N  4 
  256  53635.299478  4  23.637  0.677  0.122  0.000  -4.293e+00   4.236e+00   7.632e-01   0.000e+00  20  sdss  5622  82N  4 
  257  53635.298649  0  25.861  1.546  0.278  0.000  -1.407e+00   2.389e+00   4.411e-01   0.000e+00  9  sdss  5622  82N  4 
  257  53637.293677  1  27.160  0.584  0.214  0.000  -2.047e+00   1.063e+00   4.205e-01   0.000e+00  17  sdss  5633  82N  4 
  256  53637.290360  2  26.205  0.973  0.159  0.000  -1.460e+00   1.369e+00   2.491e-01   0.000e+00  20  sdss  5633  82N  4 
  256  53637.291190  3  26.236  0.617  0.137  0.000  -3.498e+00   1.952e+00   4.707e-01   0.000e+00  19  sdss  5633  82N  4 
  256  53637.292848  4  23.474  1.071  0.424  0.000  -3.315e+00   6.596e+00   2.434e+00   0.000e+00  20  sdss  5633  82N  4 
  257  53637.292019  0  26.130  1.587  0.222  0.000  -1.890e+00   2.705e+00   4.317e-01   0.000e+00  9  sdss  5633  82N  4 
  256  53639.339020  1  25.676  0.936  0.246  0.000  -3.432e-01   6.660e-01   1.641e-01   0.000e+00  17  sdss  5642  82N  4 
  256  53639.335703  2  26.652  0.454  0.126  0.000  -2.304e+00   9.843e-01   2.869e-01   0.000e+00  20  sdss  5642  82N  4 
  256  53639.336533  3  24.979  0.956  0.201  0.000  -7.704e-01   1.395e+00   2.776e-01   0.000e+00  19  sdss  5642  82N  4 
  256  53639.338191  4  23.827  0.584  0.184  0.000  -5.556e+00   4.031e+00   1.292e+00   0.000e+00  20  sdss  5642  82N  4 
  384  53639.337362  0  25.156  1.295  0.055  0.000  -4.918e-01   1.623e+00   5.898e-02   0.000e+00  9  sdss  5642  82N  4 
  256  53644.285908  1  27.386  0.358  0.265  0.000  -2.541e+00   8.323e-01   6.343e-01   0.000e+00  17  sdss  5670  82N  4 
  384  53644.282591  2  27.288  0.315  0.140  0.000  -4.238e+00   1.223e+00   5.570e-01   0.000e+00  20  sdss  5670  82N  4 
  256  53644.283420  3  26.556  0.386  0.171  0.000  -4.766e+00   1.686e+00   7.771e-01   0.000e+00  19  sdss  5670  82N  4 
  256  53644.285078  4  23.287  0.968  0.416  0.000  -2.282e+00   5.607e+00   2.205e+00   0.000e+00  20  sdss  5670  82N  4 
  384  53644.284249  0  26.452  0.984  0.134  0.000  -2.624e+00   2.129e+00   3.401e-01   0.000e+00  9  sdss  5670  82N  4 
  256  53654.320489  1  26.937  0.414  0.159  0.000  -1.648e+00   6.461e-01   2.579e-01   0.000e+00  17  sdss  5709  82N  4 
  288  53654.317172  2  24.049  0.975  0.242  0.000   6.511e-01   1.003e+00   2.422e-01   0.000e+00  20  sdss  5709  82N  4 
  288  53654.318001  3  23.409  0.906  0.186  0.000   1.279e+00   1.484e+00   3.105e-01   0.000e+00  19  sdss  5709  82N  4 
  256  53654.319660  4  23.346  0.835  0.274  0.000  -2.596e+00   4.785e+00   1.487e+00   0.000e+00  20  sdss  5709  82N  4 
  256  53654.318831  0  26.381  0.844  0.201  0.000  -2.443e+00   1.786e+00   4.801e-01   0.000e+00  9  sdss  5709  82N  4 
  257  53663.281112  1  25.444  1.234  0.275  0.000  -1.947e-01   9.074e-01   1.693e-01   0.000e+00  17  sdss  5744  82N  4 
  289  53663.277795  2  23.523  0.827  0.173  0.000   1.275e+00   1.094e+00   2.454e-01   0.000e+00  20  sdss  5744  82N  4 
  256  53663.278625  3  26.102  0.476  0.051  0.000  -3.063e+00   1.388e+00   1.561e-01   0.000e+00  19  sdss  5744  82N  4 
  256  53663.280283  4  24.320  0.398  0.018  0.000  -9.748e+00   3.934e+00   1.795e-01   0.000e+00  20  sdss  5744  82N  4 
  265  53663.279454  0  26.810  0.776  0.167  0.000  -3.718e+00   2.356e+00   5.752e-01   0.000e+00  9  sdss  5744  82N  4 
  257  53666.351112  1  26.468  1.066  0.172  0.000  -1.016e+00   1.057e+00   1.891e-01   0.000e+00  17  sdss  5765  82N  4 
  256  53666.347795  2  27.217  0.352  0.080  0.000  -3.965e+00   1.273e+00   2.980e-01   0.000e+00  20  sdss  5765  82N  4 
  288  53666.348624  3  20.834  0.112  0.027  0.000   1.655e+01   1.706e+00   4.118e-01   0.000e+00  19  sdss  5765  82N  4 
  256  53666.350283  4  25.001  0.297  0.162  0.000  -1.915e+01   5.275e+00   2.951e+00   0.000e+00  20  sdss  5765  82N  4 
  289  53666.349454  0  23.418  1.801  0.264  0.000   1.493e+00   2.982e+00   4.350e-01   0.000e+00  9  sdss  5765  82N  4 
  256  53668.270377  1  26.642  0.834  0.399  0.000  -1.222e+00   9.526e-01   5.043e-01   0.000e+00  17  sdss  5770  82N  4 
  384  53668.267060  2  26.457  0.858  0.468  0.000  -1.897e+00   1.462e+00   8.982e-01   0.000e+00  20  sdss  5770  82N  4 
  256  53668.267890  3  25.921  0.924  0.706  0.000  -2.550e+00   2.146e+00   1.851e+00   0.000e+00  19  sdss  5770  82N  4 
  288  53668.269548  4  22.189  1.143  0.834  0.000   3.325e+00   7.144e+00   4.791e+00   0.000e+00  20  sdss  5770  82N  4 
  384  53668.268719  0  24.699  1.671  0.499  0.000  -3.233e-02   2.337e+00   4.835e-01   0.000e+00  9  sdss  5770  82N  4 
  288  53670.275336  1  24.946  1.009  0.451  0.000   1.020e-01   6.872e-01   2.691e-01   0.000e+00  17  sdss  5781  82N  4 
  256  53670.272019  2  26.011  0.963  0.273  0.000  -1.178e+00   1.210e+00   3.679e-01   0.000e+00  20  sdss  5781  82N  4 
  288  53670.272848  3  22.990  0.784  0.186  0.000   2.092e+00   1.639e+00   4.193e-01   0.000e+00  19  sdss  5781  82N  4 
  256  53670.274507  4  23.143  0.900  0.388  0.000  -1.535e+00   5.017e+00   1.968e+00   0.000e+00  20  sdss  5781  82N  4 
  256  53670.273678  0  23.161  1.006  0.172  0.000   1.972e+00   1.786e+00   3.454e-01   0.000e+00  9  sdss  5781  82N  4 
  256  53673.242872  1  26.239  0.727  0.149  0.000  -7.839e-01   6.481e-01   1.385e-01   0.000e+00  17  sdss  5792  82N  4 
  256  53673.239556  2  26.566  0.479  0.069  0.000  -2.116e+00   9.621e-01   1.461e-01   0.000e+00  20  sdss  5792  82N  4 
  288  53673.240385  3  21.554  0.201  0.048  0.000   8.488e+00   1.568e+00   3.764e-01   0.000e+00  19  sdss  5792  82N  4 
  256  53673.242043  4  23.875  0.702  0.057  0.000  -5.903e+00   4.954e+00   4.136e-01   0.000e+00  20  sdss  5792  82N  4 
  392  53673.241214  0  26.262  0.843  0.513  0.000  -2.167e+00   1.636e+00   1.109e+00   0.000e+00  9  sdss  5792  82N  4 
  384  53675.239957  1  26.799  0.515  0.178  0.000  -1.436e+00   7.043e-01   2.563e-01   0.000e+00  17  sdss  5800  82N  4 
  256  53675.236641  2  26.606  0.607  0.299  0.000  -2.202e+00   1.227e+00   6.524e-01   0.000e+00  20  sdss  5800  82N  4 
  264  53675.237470  3  26.328  0.490  0.394  0.000  -3.826e+00   1.723e+00   1.462e+00   0.000e+00  19  sdss  5800  82N  4 
  256  53675.239128  4  22.945  1.036  0.303  0.000  -5.470e-01   5.872e+00   1.487e+00   0.000e+00  20  sdss  5800  82N  4 
 1440  53675.238299  0  23.059  0.875  0.158  0.000   2.191e+00   1.702e+00   3.448e-01   0.000e+00  9  sdss  5800  82N  4 
  256  53677.260589  1  25.456  0.927  0.154  0.000  -2.021e-01   6.304e-01   9.529e-02   0.000e+00  17  sdss  5813  82N  4 
  288  53677.257272  2  22.875  0.408  0.088  0.000   2.485e+00   9.533e-01   2.128e-01   0.000e+00  20  sdss  5813  82N  4 
  296  53677.258101  3  22.494  0.424  0.180  0.000   3.476e+00   1.388e+00   6.118e-01   0.000e+00  19  sdss  5813  82N  4 
  256  53677.259760  4  23.267  0.745  0.389  0.000  -2.175e+00   4.129e+00   2.048e+00   0.000e+00  20  sdss  5813  82N  4 
  264  53677.258931  0  23.470  1.081  0.281  0.000   1.406e+00   1.606e+00   4.452e-01   0.000e+00  9  sdss  5813  82N  4 
  256  53680.247329  1  27.143  0.356  0.156  0.000  -2.013e+00   6.674e-01   3.015e-01   0.000e+00  17  sdss  5823  82N  4 
  256  53680.244012  2  26.662  0.488  0.109  0.000  -2.327e+00   1.060e+00   2.503e-01   0.000e+00  20  sdss  5823  82N  4 
  256  53680.244842  3  26.493  0.363  0.053  0.000  -4.487e+00   1.507e+00   2.254e-01   0.000e+00  19  sdss  5823  82N  4 
  256  53680.246500  4  24.274  0.480  0.072  0.000  -9.286e+00   4.525e+00   7.016e-01   0.000e+00  20  sdss  5823  82N  4 
  264  53680.245671  0  23.415  1.066  0.408  0.000   1.498e+00   1.628e+00   6.732e-01   0.000e+00  9  sdss  5823  82N  4 
  385  53693.248214  1  27.585  0.445  0.116  0.000  -3.067e+00   1.214e+00   3.316e-01   0.000e+00  17  sdss  5878  82N  4 
  257  53693.244897  2  25.553  1.197  0.243  0.000  -6.491e-01   1.274e+00   2.421e-01   0.000e+00  20  sdss  5878  82N  4 
  256  53693.245726  3  25.410  0.970  0.174  0.000  -1.442e+00   1.663e+00   3.093e-01   0.000e+00  19  sdss  5878  82N  4 
  384  53693.247385  4  23.632  0.771  0.080  0.000  -4.261e+00   4.829e+00   5.005e-01   0.000e+00  20  sdss  5878  82N  4 
 1417  53693.246556  0  26.766  1.232  0.372  0.000  -3.565e+00   3.166e+00   1.236e+00   0.000e+00  9  sdss  5878  82N  4 
  256  53698.245199  1  26.052  0.889  0.259  0.000  -6.200e-01   7.167e-01   2.117e-01   0.000e+00  17  sdss  5898  82N  4 
  256  53698.241882  2  26.601  0.531  0.103  0.000  -2.191e+00   1.087e+00   2.243e-01   0.000e+00  20  sdss  5898  82N  4 
  256  53698.242711  3  26.161  0.531  0.266  0.000  -3.249e+00   1.608e+00   8.550e-01   0.000e+00  19  sdss  5898  82N  4 
  256  53698.244370  4  23.879  0.681  0.110  0.000  -5.932e+00   4.823e+00   8.040e-01   0.000e+00  20  sdss  5898  82N  4 
  256  53698.243540  0  26.209  1.026  0.115  0.000  -2.051e+00   1.862e+00   2.381e-01   0.000e+00  9  sdss  5898  82N  4 
  288  53699.268611  1  23.517  0.569  0.125  0.000   1.324e+00   7.236e-01   1.689e-01   0.000e+00  17  sdss  5902  82N  4 
  264  53699.265294  2  25.500  1.151  0.969  0.000  -5.969e-01   1.197e+00   9.401e-01   0.000e+00  20  sdss  5902  82N  4 
  256  53699.266123  3  24.591  1.200  0.477  0.000  -2.730e-01   1.742e+00   5.771e-01   0.000e+00  19  sdss  5902  82N  4 
  288  53699.267781  4  22.431  0.970  0.115  0.000   2.006e+00   5.568e+00   5.989e-01   0.000e+00  20  sdss  5902  82N  4 
  388  53699.266952  0  26.619  0.818  0.115  0.000  -3.091e+00   2.097e+00   3.352e-01   0.000e+00  9  sdss  5902  82N  4 
  256  53704.230552  1  27.260  0.414  0.198  0.000  -2.253e+00   8.526e-01   4.251e-01   0.000e+00  17  sdss  5918  82N  4 
  256  53704.227235  2  26.792  0.477  0.152  0.000  -2.643e+00   1.160e+00   3.893e-01   0.000e+00  20  sdss  5918  82N  4 
  256  53704.228064  3  25.358  1.040  0.393  0.000  -1.351e+00   1.745e+00   6.746e-01   0.000e+00  19  sdss  5918  82N  4 
  416  53704.229723  4  22.160  0.987  0.673  0.000   3.495e+00   6.043e+00   3.925e+00   0.000e+00  20  sdss  5918  82N  4 
  256  53704.228893  0  26.071  1.210  0.081  0.000  -1.776e+00   1.991e+00   1.506e-01   0.000e+00  9  sdss  5918  82N  4 
