# SDSS CID:  16127 IAU:          RA:  44.667530 DEC:   0.117394  (J2000)
# GALAXY_SB [ugriz] = [ 23.69 23.22 22.30 22.04 21.56 ] +/- [  0.18  0.04  0.02  0.02  0.06 ] (asinh mag/square arcsec)
# GALAXY_SB_FLUX [ugriz] = [  1.030E+00  1.777E+00  4.319E+00  5.401E+00  7.681E+00 ] +/- [  2.388E-01  6.751E-02  9.250E-02  1.242E-01  4.893E-01 ] (microJy per square arcsec)
#FLAG  MJD       FILT  MAG     MERR  MSKYERR MGALERR  FLUX       FLUXERR    SKYERR     GALERR    NPRE TELE   RUN  STRIP  IDCCD
   32  53975.424970  1  25.082  0.838  0.302  0.984   2.105e-02   5.437e-01   1.778e-01   5.794e-01  15  sdss  6287  82S  4 
    8  53975.421653  2  25.712  0.739  0.468  0.487  -8.151e-01   7.975e-01   5.118e-01   5.324e-01  14  sdss  6287  82S  4 
   32  53975.422482  3  22.921  0.521  0.215  0.242   2.252e+00   1.184e+00   5.093e-01   5.747e-01  13  sdss  6287  82S  4 
    0  53975.424141  4  23.427  0.740  0.275  0.546  -3.043e+00   4.281e+00   1.542e+00   3.060e+00  14  sdss  6287  82S  4 
    8  53975.423311  0  24.847  1.306  0.529  2.072  -1.768e-01   1.599e+00   5.196e-01   2.034e+00  11  sdss  6287  82S  4 
    0  53994.449464  1  25.656  0.817  0.074  0.594  -3.296e-01   5.671e-01   4.866e-02   3.925e-01  15  sdss  6355  82S  4 
   32  53994.446147  2  24.465  0.887  0.424  0.579   2.734e-01   8.108e-01   3.550e-01   4.847e-01  14  sdss  6355  82S  4 
   32  53994.446976  3  23.686  0.821  0.409  0.433   8.525e-01   1.196e+00   5.793e-01   6.136e-01  13  sdss  6355  82S  4 
    0  53994.448635  4  23.464  0.671  0.088  0.432  -3.255e+00   3.904e+00   5.031e-01   2.462e+00  14  sdss  6355  82S  4 
  128  53994.447805  0  23.363  1.160  0.195  1.308   1.588e+00   1.811e+00   3.342e-01   2.238e+00  11  sdss  6355  82S  4 
    0  53996.433403  1  26.107  0.749  0.400  1.001  -6.658e-01   6.185e-01   3.381e-01   8.462e-01  15  sdss  6367  82S  4 
  128  53996.430086  2  25.780  0.824  0.133  0.775  -8.915e-01   9.194e-01   1.519e-01   8.849e-01  14  sdss  6367  82S  4 
    0  53996.430915  3  24.393  0.950  0.611  0.772  -3.728e-02   1.274e+00   7.243e-01   9.144e-01  13  sdss  6367  82S  4 
  128  53996.432574  4  23.446  0.781  0.170  0.775  -3.152e+00   4.569e+00   9.617e-01   4.380e+00  14  sdss  6367  82S  4 
    0  53996.431744  0  26.546  0.720  0.074  1.023  -2.880e+00   1.778e+00   2.017e-01   2.799e+00  11  sdss  6367  82S  4 
   32  54005.447219  1  24.516  0.700  0.199  0.462   3.728e-01   4.884e-01   1.354e-01   3.141e-01  15  sdss  6404  82S  4 
    0  54005.443902  2  25.356  0.810  0.150  0.435  -4.617e-01   7.657e-01   1.353e-01   3.932e-01  14  sdss  6404  82S  4 
   32  54005.444731  3  24.008  0.863  0.128  0.398   4.268e-01   1.167e+00   1.599e-01   4.962e-01  13  sdss  6404  82S  4 
    0  54005.446390  4  23.917  0.492  0.174  0.221  -6.211e+00   3.597e+00   1.300e+00   1.645e+00  14  sdss  6404  82S  4 
  136  54005.445561  0  25.851  1.003  0.673  0.800  -1.390e+00   1.483e+00   1.058e+00   1.256e+00  11  sdss  6404  82S  4 
    0  54008.393578  1  25.518  0.896  0.666  0.494  -2.405e-01   6.115e-01   4.184e-01   3.102e-01  15  sdss  6417  82S  4 
   32  54008.390261  2  23.906  0.904  0.409  0.380   7.998e-01   9.732e-01   4.438e-01   4.122e-01  14  sdss  6417  82S  4 
    4  54008.391090  3  24.448  1.065  0.929  0.415  -1.020e-01   1.476e+00   1.104e+00   4.924e-01  13  sdss  6417  82S  4 
   36  54008.392749  4  22.828  0.925  0.396  0.459   2.435e-02   5.074e+00   1.932e+00   2.237e+00  14  sdss  6417  82S  4 
    4  54008.391919  0  26.647  0.704  0.044  0.467  -3.177e+00   1.896e+00   1.325e-01   1.395e+00  11  sdss  6417  82S  4 
   32  54009.461240  1  24.606  0.672  0.299  0.375   3.129e-01   4.549e-01   1.958e-01   2.454e-01  15  sdss  6422  82S  4 
   32  54009.457923  2  24.670  0.912  0.345  0.407   1.056e-01   8.206e-01   2.775e-01   3.278e-01  14  sdss  6422  82S  4 
    0  54009.458752  3  24.439  0.833  0.217  0.307  -9.115e-02   1.088e+00   2.574e-01   3.639e-01  13  sdss  6422  82S  4 
    0  54009.460411  4  23.536  0.561  0.211  0.250  -3.673e+00   3.336e+00   1.249e+00   1.480e+00  14  sdss  6422  82S  4 
    0  54009.459582  0  24.027  1.165  0.082  0.920   6.555e-01   1.447e+00   9.223e-02   1.040e+00  11  sdss  6422  82S  4 
    0  54010.388079  1  25.469  0.673  0.203  0.328  -2.103e-01   4.373e-01   1.255e-01   2.029e-01  15  sdss  6425  82S  4 
   32  54010.384762  2  24.430  0.725  0.040  0.225   3.030e-01   6.473e-01   3.402e-02   1.903e-01  14  sdss  6425  82S  4 
   32  54010.385591  3  24.078  0.780  0.182  0.246   3.407e-01   1.026e+00   2.229e-01   3.017e-01  13  sdss  6425  82S  4 
    0  54010.387250  4  23.440  0.506  0.117  0.199  -3.117e+00   2.885e+00   6.608e-01   1.121e+00  14  sdss  6425  82S  4 
    0  54010.386420  0  24.579  1.137  0.036  0.760   8.411e-02   1.315e+00   3.524e-02   7.385e-01  11  sdss  6425  82S  4 
  161  54012.381319  1  23.828  0.833  0.262  0.221   9.518e-01   8.130e-01   2.751e-01   2.314e-01  15  sdss  6433  82S  4 
   33  54012.378002  2  23.737  0.764  0.206  0.197   9.944e-01   8.935e-01   2.502e-01   2.381e-01  14  sdss  6433  82S  4 
   40  54012.378831  3  23.702  0.856  0.885  0.233   8.312e-01   1.246e+00   1.244e+00   3.276e-01  13  sdss  6433  82S  4 
    0  54012.380490  4  23.418  0.697  0.293  0.279  -2.992e+00   4.002e+00   1.635e+00   1.555e+00  14  sdss  6433  82S  4 
    9  54012.379661  0  25.677  1.458  0.436  0.753  -1.128e+00   2.102e+00   6.071e-01   1.050e+00  11  sdss  6433  82S  4 
   33  54020.419471  1  24.143  1.161  0.514  0.605   6.545e-01   9.680e-01   4.312e-01   5.073e-01  15  sdss  6448  82S  4 
   32  54020.416154  2  23.869  1.016  0.142  0.559   8.406e-01   1.119e+00   1.580e-01   6.209e-01  14  sdss  6448  82S  4 
   32  54020.416983  3  24.053  1.030  0.504  0.585   3.704e-01   1.437e+00   6.207e-01   7.207e-01  13  sdss  6448  82S  4 
  128  54020.418642  4  23.406  0.834  0.143  0.531  -2.931e+00   4.854e+00   7.936e-01   2.952e+00  14  sdss  6448  82S  4 
  129  54020.417812  0  27.469  0.519  0.177  0.407  -6.918e+00   3.014e+00   1.102e+00   2.536e+00  11  sdss  6448  82S  4 
    0  54024.469115  1  25.698  1.021  0.242  1.081  -3.579e-01   7.410e-01   1.628e-01   7.274e-01  15  sdss  6458  82S  4 
   32  54024.465798  2  23.311  0.722  0.059  0.559   1.602e+00   1.115e+00   9.871e-02   9.343e-01  14  sdss  6458  82S  4 
    0  54024.466627  3  24.523  0.998  0.230  0.688  -1.910e-01   1.362e+00   2.752e-01   8.236e-01  13  sdss  6458  82S  4 
   32  54024.468286  4  22.567  0.834  0.742  0.628   1.309e+00   4.557e+00   3.725e+00   3.151e+00  14  sdss  6458  82S  4 
    0  54024.467457  0  24.896  1.620  0.234  2.099  -2.248e-01   2.229e+00   2.319e-01   2.077e+00  11  sdss  6458  82S  4 
   32  54028.457772  1  23.249  0.317  0.061  0.197   1.731e+00   5.215e-01   1.025e-01   3.327e-01  15  sdss  6471  82S  4 
   32  54028.454455  2  23.317  0.605  0.058  0.320   1.592e+00   9.494e-01   9.603e-02   5.329e-01  14  sdss  6471  82S  4 
   32  54028.455284  3  22.755  0.523  0.115  0.200   2.678e+00   1.350e+00   3.137e-01   5.435e-01  13  sdss  6471  82S  4 
   32  54028.456942  4  21.951  0.722  0.107  0.312   4.787e+00   4.678e+00   6.959e-01   2.041e+00  14  sdss  6471  82S  4 
    0  54028.456113  0  25.176  1.416  0.122  1.499  -5.127e-01   1.845e+00   1.307e-01   1.605e+00  11  sdss  6471  82S  4 
   32  54030.413256  1  23.142  0.262  0.108  0.134   1.920e+00   4.761e-01   1.996e-01   2.477e-01  15  sdss  6480  82S  4 
   32  54030.409939  2  22.841  0.325  0.054  0.119   2.570e+00   7.874e-01   1.347e-01   2.954e-01  14  sdss  6480  82S  4 
   32  54030.410768  3  23.457  0.777  0.286  0.267   1.200e+00   1.239e+00   4.607e-01   4.299e-01  13  sdss  6480  82S  4 
    0  54030.412427  4  22.906  0.723  0.346  0.268  -3.570e-01   3.799e+00   1.691e+00   1.310e+00  14  sdss  6480  82S  4 
    8  54030.411598  0  23.077  0.762  0.261  0.510   2.150e+00   1.488e+00   5.590e-01   1.093e+00  11  sdss  6480  82S  4 
   32  54035.457267  1  22.747  0.234  0.182  0.200   2.802e+00   6.038e-01   4.770e-01   5.235e-01  15  sdss  6501  82S  4 
   32  54035.453950  2  21.991  0.203  0.130  0.128   5.741e+00   1.067e+00   6.932e-01   6.818e-01  14  sdss  6501  82S  4 
   40  54035.454779  3  22.021  0.278  0.298  0.134   5.478e+00   1.402e+00   1.532e+00   6.893e-01  13  sdss  6501  82S  4 
   32  54035.456438  4  21.068  0.423  0.193  0.254   1.293e+01   5.183e+00   2.457e+00   3.234e+00  14  sdss  6501  82S  4 
   32  54035.455608  0  24.047  1.589  0.362  2.414   6.322e-01   2.220e+00   4.050e-01   2.703e+00  11  sdss  6501  82S  4 
    0  54037.362838  1  22.623  0.167  0.009  0.098   3.149e+00   4.868e-01   2.497e-02   2.861e-01  15  sdss  6508  82S  4 
   32  54037.359521  2  22.087  0.160  0.056  0.072   5.250e+00   7.731e-01   2.726e-01   3.509e-01  14  sdss  6508  82S  4 
   32  54037.360350  3  22.106  0.246  0.117  0.098   5.053e+00   1.155e+00   5.557e-01   4.668e-01  13  sdss  6508  82S  4 
   32  54037.362009  4  21.823  0.479  0.322  0.234   5.664e+00   3.342e+00   2.282e+00   1.657e+00  14  sdss  6508  82S  4 
    8  54037.361180  0  24.894  1.186  0.731  1.167  -2.227e-01   1.402e+00   7.228e-01   1.154e+00  11  sdss  6508  82S  4 
    0  54040.377205  1  22.439  0.152  0.077  0.071   3.742e+00   5.220e-01   2.653e-01   2.452e-01  15  sdss  6518  82S  4 
   32  54040.373888  2  22.143  0.186  0.085  0.073   4.982e+00   8.552e-01   3.950e-01   3.361e-01  14  sdss  6518  82S  4 
   32  54040.374717  3  22.593  0.412  0.070  0.121   3.154e+00   1.236e+00   2.185e-01   3.764e-01  13  sdss  6518  82S  4 
   32  54040.376375  4  22.426  0.714  0.173  0.270   2.029e+00   3.910e+00   9.016e-01   1.408e+00  14  sdss  6518  82S  4 
    0  54040.375546  0  24.728  1.241  0.122  0.985  -6.061e-02   1.483e+00   1.182e-01   9.555e-01  11  sdss  6518  82S  4 
   25  54041.412693  1  22.484  0.242  0.441  0.075   3.589e+00   7.917e-01   1.466e+00   2.509e-01  15  sdss  6525  82S  4 
    1  54041.409376  2  22.084  0.199  0.066  0.059   5.265e+00   9.632e-01   3.251e-01   2.895e-01  14  sdss  6525  82S  4 
    9  54041.410205  3  21.906  0.230  0.131  0.058   6.106e+00   1.289e+00   7.478e-01   3.280e-01  13  sdss  6525  82S  4 
    0  54041.411863  4  23.313  0.679  0.247  0.233  -2.421e+00   3.769e+00   1.324e+00   1.249e+00  14  sdss  6525  82S  4 
    1  54041.411034  0  23.335  1.150  0.209  0.554   1.637e+00   1.823e+00   3.658e-01   9.681e-01  11  sdss  6525  82S  4 
   33  54047.407876  1  24.342  2.122  1.823  1.262   4.968e-01   2.261e+00   1.354e+00   9.376e-01  15  sdss  6530  82S  4 
   35  54047.404559  2  22.175  0.644  0.343  0.375   4.835e+00   2.616e+00   1.546e+00   1.688e+00  14  sdss  6530  82S  4 
 1185  54047.405389  3  21.916  0.510  0.412  0.358   6.048e+00   2.700e+00   2.325e+00   2.022e+00  13  sdss  6530  82S  4 
    0  54047.407047  4  22.887  1.128  0.258  1.042  -2.628e-01   6.550e+00   1.262e+00   5.088e+00  14  sdss  6530  82S  4 
    3  54047.406218  0  27.750  1.345  0.047  0.543  -8.975e+00   7.505e+00   3.798e-01   4.366e+00  11  sdss  6530  82S  4 
   33  54049.403445  1  23.271  0.747  0.273  0.286   1.694e+00   1.108e+00   4.511e-01   4.730e-01  15  sdss  6537  82S  4 
   33  54049.400127  2  22.541  0.419  0.055  0.200   3.428e+00   1.301e+00   1.768e-01   6.496e-01  14  sdss  6537  82S  4 
   32  54049.400957  3  22.441  0.485  0.211  0.222   3.661e+00   1.632e+00   7.478e-01   7.864e-01  13  sdss  6537  82S  4 
   32  54049.402615  4  21.305  0.531  0.259  0.270   1.017e+01   5.282e+00   2.708e+00   2.817e+00  14  sdss  6537  82S  4 
    1  54049.401786  0  22.231  0.975  0.108  0.473   4.897e+00   3.546e+00   4.820e-01   2.109e+00  11  sdss  6537  82S  4 
   33  54050.363770  1  23.563  1.019  0.134  0.680   1.263e+00   1.149e+00   1.728e-01   8.796e-01  15  sdss  6545  82S  4 
   32  54050.360453  2  22.132  0.351  0.153  0.225   5.034e+00   1.591e+00   7.138e-01   1.052e+00  14  sdss  6545  82S  4 
   32  54050.361282  3  22.455  0.562  0.050  0.340   3.610e+00   1.837e+00   1.755e-01   1.190e+00  13  sdss  6545  82S  4 
    0  54050.362941  4  23.858  0.900  0.936  0.561  -5.774e+00   6.249e+00   6.701e+00   4.017e+00  14  sdss  6545  82S  4 
  129  54050.362111  0  23.293  1.916  0.152  1.683   1.713e+00   3.363e+00   2.743e-01   3.037e+00  11  sdss  6545  82S  4 
 1176  54053.383268  1  26.466  0.593  2.534  0.426  -1.014e+00   6.200e-01   2.778e+00   4.669e-01  15  sdss  6556  82S  4 
 1176  54053.379951  2  27.423  0.221  2.435  0.127  -4.808e+00   9.769e-01   1.090e+01   5.665e-01  14  sdss  6556  82S  4 
  152  54053.380780  3  21.329  0.164  0.635  0.072   1.046e+01   1.569e+00   6.110e+00   6.968e-01  13  sdss  6556  82S  4 
 1176  54053.382439  4  20.280  0.242  1.294  0.111   2.754e+01   6.069e+00   3.297e+01   2.828e+00  14  sdss  6556  82S  4 
  128  54053.381610  0  26.527  0.842  0.131  0.715  -2.828e+00   1.989e+00   3.522e-01   1.926e+00  11  sdss  6556  82S  4 
   32  54056.369310  1  23.443  0.384  0.240  0.262   1.427e+00   5.328e-01   3.429e-01   3.740e-01  15  sdss  6568  82S  4 
   32  54056.365993  2  22.661  0.308  0.024  0.155   3.057e+00   8.776e-01   6.903e-02   4.515e-01  14  sdss  6568  82S  4 
   32  54056.366822  3  21.973  0.254  0.102  0.104   5.732e+00   1.340e+00   5.464e-01   5.592e-01  13  sdss  6568  82S  4 
   32  54056.368480  4  21.805  0.630  0.231  0.263   5.794e+00   4.414e+00   1.658e+00   1.885e+00  14  sdss  6568  82S  4 
  128  54056.367651  0  23.681  1.329  0.223  1.325   1.090e+00   1.858e+00   3.052e-01   1.815e+00  11  sdss  6568  82S  4 
   32  54059.363490  1  24.574  0.817  0.462  0.843   3.341e-01   5.682e-01   3.066e-01   5.587e-01  15  sdss  6580  82S  4 
   32  54059.360173  2  23.368  0.651  0.306  0.430   1.509e+00   9.762e-01   4.894e-01   6.869e-01  14  sdss  6580  82S  4 
   32  54059.361003  3  22.271  0.386  0.302  0.229   4.316e+00   1.533e+00   1.240e+00   9.432e-01  13  sdss  6580  82S  4 
   32  54059.362661  4  22.182  0.861  0.107  0.518   3.365e+00   5.142e+00   6.143e-01   2.980e+00  14  sdss  6580  82S  4 
   32  54059.361832  0  24.647  1.458  0.260  2.253   1.776e-02   1.877e+00   2.521e-01   2.183e+00  11  sdss  6580  82S  4 
    2  54061.374853  1  25.216  1.078  0.523  1.810  -5.753e-02   7.460e-01   3.094e-01   1.070e+00  15  sdss  6592  82S  4 
   32  54061.371536  2  22.481  0.376  0.409  0.380   3.625e+00   1.241e+00   1.398e+00   1.298e+00  14  sdss  6592  82S  4 
  162  54061.372365  3  23.655  1.210  0.519  1.324   8.972e-01   1.890e+00   7.464e-01   1.905e+00  13  sdss  6592  82S  4 
    0  54061.374023  4  23.825  0.966  0.666  0.761  -5.543e+00   6.619e+00   4.669e+00   5.330e+00  14  sdss  6592  82S  4 
  136  54061.373194  0  26.759  2.080  1.396  1.829  -3.541e+00   4.788e+00   4.595e+00   6.020e+00  11  sdss  6592  82S  4 
    0  54062.368680  1  25.331  0.752  0.048  0.435  -1.261e-01   4.849e-01   2.881e-02   2.611e-01  15  sdss  6596  82S  4 
   32  54062.365363  2  23.361  0.674  0.134  0.224   1.520e+00   1.012e+00   2.154e-01   3.593e-01  14  sdss  6596  82S  4 
   32  54062.366192  3  22.303  0.333  0.073  0.102   4.185e+00   1.295e+00   2.916e-01   4.062e-01  13  sdss  6596  82S  4 
    1  54062.367851  4  23.307  0.763  0.226  0.254  -2.389e+00   4.279e+00   1.205e+00   1.356e+00  14  sdss  6596  82S  4 
 1152  54062.367022  0  26.019  0.981  0.117  0.578  -1.678e+00   1.590e+00   2.076e-01   1.028e+00  11  sdss  6596  82S  4 
   32  54064.364704  1  24.116  0.652  0.439  0.438   6.776e-01   5.442e-01   3.751e-01   3.736e-01  15  sdss  6604  82S  4 
   32  54064.361387  2  23.617  0.731  0.227  0.377   1.146e+00   9.189e-01   2.988e-01   4.968e-01  14  sdss  6604  82S  4 
   32  54064.362217  3  22.399  0.380  0.109  0.150   3.813e+00   1.350e+00   4.021e-01   5.500e-01  13  sdss  6604  82S  4 
    0  54064.363875  4  23.533  0.814  0.134  0.386  -3.656e+00   4.920e+00   7.886e-01   2.278e+00  14  sdss  6604  82S  4 
 1156  54064.363046  0  25.006  1.408  0.136  1.353  -3.348e-01   1.801e+00   1.374e-01   1.371e+00  11  sdss  6604  82S  4 
   32  54068.348675  1  24.357  0.831  0.213  0.884   4.856e-01   6.215e-01   1.571e-01   6.509e-01  15  sdss  6618  82S  4 
   34  54068.345358  2  22.854  0.552  0.635  0.589   2.537e+00   1.270e+00   1.561e+00   1.447e+00  14  sdss  6618  82S  4 
   32  54068.346187  3  23.167  0.906  0.543  0.634   1.718e+00   1.671e+00   1.067e+00   1.245e+00  13  sdss  6618  82S  4 
   32  54068.347846  4  21.604  0.780  0.530  0.504   7.357e+00   6.092e+00   4.383e+00   4.166e+00  14  sdss  6618  82S  4 
    0  54068.347016  0  21.885  0.402  0.108  0.504   6.767e+00   2.346e+00   6.578e-01   3.068e+00  11  sdss  6618  82S  4 
