# SDSS CID:   9586 IAU:          RA:   9.470185 DEC:   0.024420  (J2000)
# GALAXY_SB [ugriz] = [ 23.67 22.74 22.66 22.63 22.18 ] +/- [  0.19  0.03  0.04  0.04  0.09 ] (asinh mag/square arcsec)
# GALAXY_SB_FLUX [ugriz] = [  1.059E+00  2.809E+00  3.069E+00  3.043E+00  3.326E+00 ] +/- [  2.645E-01  8.683E-02  1.071E-01  1.357E-01  5.464E-01 ] (microJy per square arcsec)
#FLAG  MJD       FILT  MAG     MERR  MSKYERR MGALERR  FLUX       FLUXERR    SKYERR     GALERR    NPRE TELE   RUN  STRIP  IDCCD
   32  53622.354785  1  23.121  0.369  0.448  0.518   1.961e+00   6.766e-01   8.474e-01   9.803e-01  12  sdss  5582  82S  4 
   32  53622.351468  2  23.367  0.638  0.469  0.548   1.510e+00   9.598e-01   7.500e-01   8.770e-01  12  sdss  5582  82S  4 
    0  53622.352297  3  22.197  0.355  0.205  0.244   4.637e+00   1.517e+00   9.010e-01   1.076e+00  12  sdss  5582  82S  4 
  160  53622.353956  4  21.818  0.865  0.922  0.718   5.699e+00   6.006e+00   6.594e+00   5.137e+00  12  sdss  5582  82S  4 
    0  53622.353127  0  22.313  0.557  0.183  0.951   4.531e+00   2.164e+00   7.672e-01   3.984e+00  7  sdss  5582  82S  4 
   33  53627.311889  1  23.317  0.562  0.217  0.269   1.618e+00   8.420e-01   3.465e-01   4.296e-01  12  sdss  5607  82S  4 
   32  53627.308571  2  23.426  0.665  0.128  0.281   1.418e+00   9.555e-01   1.955e-01   4.288e-01  12  sdss  5607  82S  4 
    0  53627.309401  3  23.083  0.720  0.251  0.356   1.889e+00   1.424e+00   5.253e-01   7.460e-01  12  sdss  5607  82S  4 
    0  53627.311059  4  21.851  0.555  0.177  0.262   5.465e+00   3.815e+00   1.235e+00   1.834e+00  12  sdss  5607  82S  4 
    1  53627.310230  0  22.405  0.736  0.056  0.347   4.152e+00   2.515e+00   2.164e-01   1.338e+00  7  sdss  5607  82S  4 
    1  53634.304576  1  22.789  0.620  0.198  0.256   2.694e+00   1.437e+00   5.036e-01   6.508e-01  12  sdss  5619  82S  4 
   33  53634.301258  2  23.161  0.765  0.051  0.302   1.871e+00   1.312e+00   9.657e-02   5.721e-01  12  sdss  5619  82S  4 
    0  53634.302088  3  23.225  0.824  0.252  0.322   1.607e+00   1.483e+00   4.750e-01   6.073e-01  12  sdss  5619  82S  4 
   32  53634.303746  4  22.819  0.861  0.076  0.661   6.811e-02   4.651e+00   3.689e-01   3.225e+00  12  sdss  5619  82S  4 
    1  53634.302917  0  25.593  2.029  1.058  1.461  -1.012e+00   3.459e+00   1.407e+00   1.943e+00  7  sdss  5619  82S  4 
    1  53638.346011  1  23.101  0.316  0.097  0.174   1.999e+00   5.953e-01   1.872e-01   3.351e-01  12  sdss  5637  82S  4 
    0  53638.342693  2  22.882  0.342  0.101  0.141   2.469e+00   7.993e-01   2.425e-01   3.375e-01  12  sdss  5637  82S  4 
    0  53638.343523  3  22.990  0.537  0.100  0.184   2.092e+00   1.160e+00   2.257e-01   4.133e-01  12  sdss  5637  82S  4 
    0  53638.345181  4  22.967  0.716  0.060  0.359  -6.576e-01   3.767e+00   2.934e-01   1.763e+00  12  sdss  5637  82S  4 
    1  53638.344352  0  23.367  1.100  0.131  0.670   1.580e+00   1.727e+00   2.262e-01   1.153e+00  7  sdss  5637  82S  4 
   32  53640.310004  1  23.338  0.413  0.092  0.439   1.585e+00   6.251e-01   1.436e-01   6.883e-01  12  sdss  5646  82S  4 
   32  53640.306687  2  23.126  0.487  0.295  0.374   1.938e+00   9.061e-01   5.750e-01   7.290e-01  12  sdss  5646  82S  4 
   32  53640.307516  3  23.840  0.963  0.133  0.759   6.421e-01   1.372e+00   1.756e-01   1.004e+00  12  sdss  5646  82S  4 
    0  53640.309175  4  21.287  0.448  0.079  0.312   1.036e+01   4.619e+00   8.458e-01   3.333e+00  12  sdss  5646  82S  4 
  132  53640.308346  0  22.515  0.666  0.064  0.716   3.741e+00   2.112e+00   2.234e-01   2.508e+00  7  sdss  5646  82S  4 
   33  53655.281882  1  23.216  0.644  0.390  0.557   1.787e+00   1.030e+00   6.791e-01   9.709e-01  12  sdss  5713  82S  4 
   32  53655.278565  2  23.964  1.211  0.740  1.020   7.380e-01   1.322e+00   7.745e-01   1.068e+00  12  sdss  5713  82S  4 
   32  53655.279394  3  23.087  0.864  0.351  0.536   1.881e+00   1.678e+00   7.346e-01   1.120e+00  12  sdss  5713  82S  4 
    0  53655.281052  4  24.370  0.627  0.120  0.470  -1.026e+01   6.233e+00   1.273e+00   4.987e+00  12  sdss  5713  82S  4 
 1153  53655.280223  0  22.284  0.736  0.216  0.866   4.657e+00   2.793e+00   9.310e-01   3.726e+00  7  sdss  5713  82S  4 
    1  53664.306834  1  23.010  0.613  0.683  0.247   2.182e+00   1.175e+00   1.426e+00   5.150e-01  12  sdss  5754  82S  4 
   33  53664.303517  2  23.048  0.565  0.169  0.242   2.096e+00   1.104e+00   3.515e-01   5.034e-01  12  sdss  5754  82S  4 
    0  53664.304346  3  22.911  0.621  0.264  0.236   2.276e+00   1.402e+00   6.339e-01   5.667e-01  12  sdss  5754  82S  4 
    0  53664.306005  4  22.970  0.885  0.401  0.506  -6.724e-01   4.831e+00   1.970e+00   2.489e+00  12  sdss  5754  82S  4 
   41  53664.305175  0  23.801  1.858  1.048  1.401   9.287e-01   2.942e+00   1.341e+00   1.793e+00  7  sdss  5754  82S  4 
    0  53669.265729  1  23.571  0.382  0.149  0.230   1.252e+00   4.795e-01   1.924e-01   2.968e-01  12  sdss  5776  82S  4 
    0  53669.262413  2  22.977  0.345  0.029  0.148   2.250e+00   7.432e-01   6.311e-02   3.266e-01  12  sdss  5776  82S  4 
    0  53669.263242  3  23.251  0.653  0.078  0.238   1.558e+00   1.170e+00   1.440e-01   4.419e-01  12  sdss  5776  82S  4 
   32  53669.264900  4  22.576  0.677  0.183  0.299   1.264e+00   3.590e+00   9.167e-01   1.501e+00  12  sdss  5776  82S  4 
    0  53669.264071  0  22.849  0.659  0.014  0.444   2.703e+00   1.583e+00   3.721e-02   1.162e+00  7  sdss  5776  82S  4 
  160  53671.350334  1  23.633  0.560  0.346  0.491   1.173e+00   6.525e-01   4.241e-01   6.023e-01  12  sdss  5786  82S  4 
   32  53671.347017  2  23.095  0.557  0.287  0.330   1.999e+00   1.049e+00   5.736e-01   6.598e-01  12  sdss  5786  82S  4 
   32  53671.347846  3  23.730  1.023  0.163  0.577   7.919e-01   1.514e+00   2.258e-01   8.011e-01  12  sdss  5786  82S  4 
    0  53671.349505  4  23.450  0.920  0.550  0.574  -3.173e+00   5.495e+00   3.128e+00   3.258e+00  12  sdss  5786  82S  4 
   12  53671.348676  0  25.229  1.808  1.418  1.920  -5.706e-01   2.732e+00   1.555e+00   2.105e+00  7  sdss  5786  82S  4 
    0  53674.249535  1  22.853  0.227  0.160  0.202   2.535e+00   5.381e-01   3.843e-01   4.838e-01  12  sdss  5797  82S  4 
    0  53674.246218  2  22.620  0.279  0.148  0.175   3.180e+00   8.267e-01   4.475e-01   5.296e-01  12  sdss  5797  82S  4 
    0  53674.247048  3  22.781  0.484  0.090  0.273   2.608e+00   1.235e+00   2.405e-01   7.260e-01  12  sdss  5797  82S  4 
   32  53674.248706  4  22.446  0.704  0.575  0.496   1.928e+00   3.836e+00   2.983e+00   2.573e+00  12  sdss  5797  82S  4 
    8  53674.247877  0  23.337  1.034  0.654  1.070   1.634e+00   1.657e+00   1.153e+00   1.885e+00  7  sdss  5797  82S  4 
    0  53676.339274  1  23.324  0.322  0.131  0.175   1.607e+00   5.004e-01   2.074e-01   2.781e-01  12  sdss  5807  82S  4 
    0  53676.335957  2  22.656  0.264  0.079  0.097   3.072e+00   7.596e-01   2.306e-01   2.836e-01  12  sdss  5807  82S  4 
    0  53676.336787  3  22.440  0.312  0.017  0.088   3.666e+00   1.087e+00   6.075e-02   3.139e-01  12  sdss  5807  82S  4 
    0  53676.338445  4  21.831  0.462  0.028  0.171   5.606e+00   3.227e+00   2.010e-01   1.210e+00  12  sdss  5807  82S  4 
    0  53676.337616  0  23.129  0.866  0.090  0.484   2.037e+00   1.614e+00   1.865e-01   1.003e+00  7  sdss  5807  82S  4 
   32  53679.310936  1  23.452  0.447  0.346  0.512   1.414e+00   6.130e-01   4.923e-01   7.294e-01  12  sdss  5820  82S  4 
   32  53679.307619  2  23.410  0.674  0.085  0.424   1.443e+00   9.786e-01   1.307e-01   6.550e-01  12  sdss  5820  82S  4 
    0  53679.308449  3  24.661  1.074  0.636  0.787  -3.586e-01   1.513e+00   7.818e-01   9.676e-01  12  sdss  5820  82S  4 
   32  53679.310107  4  21.714  0.701  0.357  0.440   6.473e+00   5.184e+00   2.744e+00   3.380e+00  12  sdss  5820  82S  4 
   32  53679.309278  0  23.385  1.266  0.146  1.413   1.549e+00   1.968e+00   2.482e-01   2.398e+00  7  sdss  5820  82S  4 
    0  53681.302290  1  22.822  0.252  0.149  0.173   2.610e+00   6.120e-01   3.669e-01   4.261e-01  12  sdss  5836  82S  4 
   24  53681.298973  2  22.666  0.353  0.524  0.128   3.043e+00   9.945e-01   1.521e+00   3.706e-01  12  sdss  5836  82S  4 
    0  53681.299802  3  22.856  0.534  0.073  0.177   2.412e+00   1.275e+00   1.825e-01   4.441e-01  12  sdss  5836  82S  4 
    0  53681.301460  4  21.653  0.540  0.078  0.236   6.954e+00   4.204e+00   6.272e-01   1.895e+00  12  sdss  5836  82S  4 
  132  53681.300631  0  23.286  1.200  0.081  0.738   1.726e+00   1.958e+00   1.491e-01   1.350e+00  7  sdss  5836  82S  4 
   33  53685.261023  1  23.643  1.946  0.512  0.751   1.161e+00   2.164e+00   6.233e-01   9.143e-01  12  sdss  5853  82S  4 
   33  53685.257707  2  23.287  1.356  0.573  0.420   1.643e+00   1.962e+00   9.780e-01   7.170e-01  12  sdss  5853  82S  4 
   33  53685.258536  3  23.764  1.327  0.810  0.610   7.448e-01   2.088e+00   1.106e+00   8.330e-01  12  sdss  5853  82S  4 
   32  53685.260194  4  22.726  1.229  0.698  1.182   5.239e-01   7.367e+00   3.420e+00   5.792e+00  12  sdss  5853  82S  4 
    5  53685.259365  0  21.806  1.061  0.086  0.504   7.288e+00   5.487e+00   5.677e-01   3.339e+00  7  sdss  5853  82S  4 
   32  53697.258208  1  23.163  0.337  0.166  0.208   1.883e+00   5.994e-01   3.035e-01   3.797e-01  12  sdss  5895  82S  4 
    0  53697.254891  2  22.741  0.310  0.120  0.144   2.831e+00   8.219e-01   3.250e-01   3.913e-01  12  sdss  5895  82S  4 
    0  53697.255720  3  22.440  0.346  0.101  0.134   3.666e+00   1.198e+00   3.582e-01   4.756e-01  12  sdss  5895  82S  4 
    0  53697.257379  4  22.833  0.696  0.406  0.390  -3.863e-04   3.615e+00   1.981e+00   1.903e+00  12  sdss  5895  82S  4 
    8  53697.256549  0  24.965  1.384  0.644  1.520  -2.935e-01   1.752e+00   6.466e-01   1.526e+00  7  sdss  5895  82S  4 
    0  53700.256860  1  22.534  0.198  0.173  0.228   3.424e+00   6.268e-01   5.533e-01   7.284e-01  12  sdss  5905  82S  4 
   32  53700.253543  2  22.949  0.465  0.083  0.391   2.312e+00   1.005e+00   1.893e-01   8.865e-01  12  sdss  5905  82S  4 
    0  53700.254372  3  22.369  0.373  0.098  0.216   3.929e+00   1.368e+00   3.700e-01   8.165e-01  12  sdss  5905  82S  4 
    0  53700.256031  4  21.680  0.603  0.317  0.384   6.738e+00   4.588e+00   2.500e+00   3.026e+00  12  sdss  5905  82S  4 
    0  53700.255201  0  23.378  1.274  0.126  1.304   1.561e+00   1.987e+00   2.151e-01   2.225e+00  7  sdss  5905  82S  4 
    0  53705.242883  1  22.578  0.180  0.071  0.145   3.287e+00   5.491e-01   2.170e-01   4.464e-01  12  sdss  5924  82S  4 
    0  53705.239566  2  22.487  0.237  0.107  0.135   3.608e+00   7.951e-01   3.647e-01   4.609e-01  12  sdss  5924  82S  4 
    0  53705.240395  3  22.492  0.342  0.050  0.152   3.484e+00   1.134e+00   1.698e-01   5.166e-01  12  sdss  5924  82S  4 
    0  53705.242054  4  24.282  0.368  0.245  0.241  -9.360e+00   3.552e+00   2.419e+00   2.380e+00  12  sdss  5924  82S  4 
   40  53705.241224  0  24.481  1.297  1.513  1.641   1.801e-01   1.585e+00   1.486e+00   1.612e+00  7  sdss  5924  82S  4 
