# SDSS CID:  11314 IAU: 2005kr   RA:  47.075409 DEC:   0.959106  (J2000)
# GALAXY_SB [ugriz] = [ 24.13 24.11 23.42 23.04 22.37 ] +/- [  0.23  0.09  0.08  0.10  0.14 ] (asinh mag/square arcsec)
# GALAXY_SB_FLUX [ugriz] = [  5.028E-01  6.799E-01  1.435E+00  1.973E+00  2.319E+00 ] +/- [  2.498E-01  7.820E-02  1.208E-01  2.180E-01  7.565E-01 ] (microJy per square arcsec)
#FLAG  MJD       FILT  MAG     MERR  MSKYERR MGALERR  FLUX       FLUXERR    SKYERR     GALERR    NPRE TELE   RUN  STRIP  IDCCD
    0  53622.456457  1  26.048  0.538  0.148  0.292  -6.167e-01   4.349e-01   1.216e-01   2.391e-01  14  sdss  5582  82S  6 
   32  53622.453140  2  24.364  0.745  0.215  0.431   3.597e-01   6.782e-01   1.863e-01   3.735e-01  14  sdss  5582  82S  6 
   32  53622.453969  3  24.191  0.847  0.374  0.639   2.029e-01   1.116e+00   4.489e-01   7.658e-01  13  sdss  5582  82S  6 
   32  53622.455628  4  22.224  0.568  0.343  0.430   3.127e+00   3.268e+00   1.948e+00   2.441e+00  11  sdss  5582  82S  6 
    0  53622.454799  0  24.864  1.107  0.129  0.873  -1.930e-01   1.276e+00   1.269e-01   8.594e-01  12  sdss  5582  82S  6 
    0  53627.413792  1  25.120  0.816  0.401  0.856  -9.427e-04   5.265e-01   2.364e-01   5.041e-01  14  sdss  5607  82S  6 
   32  53627.410475  2  23.446  0.582  0.305  0.537   1.387e+00   8.417e-01   4.626e-01   8.143e-01  14  sdss  5607  82S  6 
   32  53627.411304  3  24.337  0.959  0.659  1.190   3.020e-02   1.289e+00   7.807e-01   1.409e+00  13  sdss  5607  82S  6 
   32  53627.412963  4  21.884  0.641  0.556  0.820   5.241e+00   4.339e+00   3.828e+00   5.650e+00  11  sdss  5607  82S  6 
    0  53627.412133  0  25.771  1.095  0.299  1.331  -1.266e+00   1.562e+00   4.441e-01   1.977e+00  12  sdss  5607  82S  6 
    1  53634.406824  1  23.532  1.365  0.293  0.375   1.302e+00   1.516e+00   3.928e-01   5.026e-01  14  sdss  5619  82S  6 
    1  53634.403507  2  24.925  1.439  0.523  0.880  -9.835e-02   1.519e+00   4.203e-01   7.080e-01  14  sdss  5619  82S  6 
    1  53634.404336  3  22.962  0.916  0.415  0.604   2.157e+00   1.934e+00   9.693e-01   1.410e+00  13  sdss  5619  82S  6 
  128  53634.405995  4  22.892  0.870  0.086  0.963  -2.910e-01   4.715e+00   4.215e-01   4.703e+00  11  sdss  5619  82S  6 
    1  53634.405166  0  26.912  1.308  0.424  0.507  -4.098e+00   3.669e+00   1.597e+00   1.910e+00  12  sdss  5619  82S  6 
    1  53638.448472  1  26.049  0.808  0.357  0.475  -6.175e-01   6.516e-01   2.931e-01   3.893e-01  14  sdss  5637  82S  6 
    0  53638.445155  2  24.824  0.985  0.403  0.737  -1.738e-02   8.999e-01   3.220e-01   5.893e-01  14  sdss  5637  82S  6 
   32  53638.445984  3  23.486  0.857  0.503  0.628   1.153e+00   1.361e+00   8.043e-01   1.004e+00  13  sdss  5637  82S  6 
  160  53638.447643  4  22.796  0.831  0.480  0.694   1.787e-01   4.461e+00   2.341e+00   3.386e+00  11  sdss  5637  82S  6 
    1  53638.446813  0  23.801  1.376  1.148  1.175   9.295e-01   1.883e+00   1.462e+00   1.496e+00  12  sdss  5637  82S  6 
    0  53640.412574  1  26.430  0.585  0.191  0.449  -9.748e-01   6.020e-01   2.050e-01   4.830e-01  14  sdss  5646  82S  6 
    0  53640.409257  2  25.681  0.813  0.487  0.687  -7.819e-01   8.708e-01   5.262e-01   7.422e-01  14  sdss  5646  82S  6 
    0  53640.410086  3  24.712  0.967  0.484  1.043  -4.216e-01   1.337e+00   6.039e-01   1.302e+00  13  sdss  5646  82S  6 
   32  53640.411745  4  22.664  0.773  0.155  0.839   8.258e-01   4.129e+00   7.671e-01   4.140e+00  11  sdss  5646  82S  6 
    0  53640.410915  0  25.880  1.170  0.893  1.085  -1.437e+00   1.753e+00   1.432e+00   1.739e+00  12  sdss  5646  82S  6 
    0  53643.455230  1  26.255  0.650  0.526  0.802  -7.990e-01   5.911e-01   4.969e-01   7.575e-01  14  sdss  5666  82S  6 
   32  53643.451912  2  23.483  0.659  0.609  0.741   1.333e+00   9.186e-01   8.971e-01   1.092e+00  14  sdss  5666  82S  6 
    0  53643.452742  3  24.542  1.032  0.754  1.528  -2.140e-01   1.424e+00   9.060e-01   1.835e+00  13  sdss  5666  82S  6 
   32  53643.454400  4  22.519  0.804  0.514  1.003   1.551e+00   4.403e+00   2.613e+00   5.102e+00  11  sdss  5666  82S  6 
   10  53643.453571  0  26.537  0.880  1.266  1.293  -2.855e+00   2.075e+00   3.439e+00   3.511e+00  12  sdss  5666  82S  6 
   32  53646.474209  1  25.055  0.755  0.442  0.529   3.725e-02   4.815e-01   2.604e-01   3.122e-01  14  sdss  5681  82S  6 
    0  53646.470891  2  25.622  0.777  0.264  0.488  -7.189e-01   8.088e-01   2.747e-01   5.079e-01  14  sdss  5681  82S  6 
   32  53646.471720  3  24.133  0.954  0.348  0.747   2.731e-01   1.296e+00   4.214e-01   9.053e-01  13  sdss  5681  82S  6 
   32  53646.473379  4  22.727  0.760  0.108  0.575   5.183e-01   4.027e+00   5.277e-01   2.818e+00  11  sdss  5681  82S  6 
    8  53646.472550  0  23.686  1.123  0.800  0.783   1.083e+00   1.526e+00   1.093e+00   1.070e+00  12  sdss  5681  82S  6 
    3  53657.293552  1  26.577  2.104  1.272  1.573  -1.142e+00   2.436e+00   1.537e+00   1.901e+00  14  sdss  5730  82S  6 
   33  53657.290237  2  23.838  2.225  1.704  2.495   8.755e-01   3.419e+00   1.943e+00   2.845e+00  14  sdss  5730  82S  6 
 1187  53657.291066  3  24.087  1.868  2.544  4.369   3.296e-01   3.490e+00   3.112e+00   5.345e+00  13  sdss  5730  82S  6 
    2  53657.292723  4  23.470  1.274  2.094  2.129  -3.292e+00   8.211e+00   1.205e+01   1.225e+01  11  sdss  5730  82S  6 
    1  53663.475233  1  26.917  1.312  0.169  0.287  -1.614e+00   1.668e+00   2.702e-01   4.598e-01  14  sdss  5745  82S  6 
    1  53663.471918  2  26.911  0.595  0.144  0.220  -2.962e+00   1.573e+00   4.120e-01   6.318e-01  14  sdss  5745  82S  6 
    1  53663.472747  3  23.019  0.917  0.273  0.499   2.028e+00   1.867e+00   6.096e-01   1.114e+00  13  sdss  5745  82S  6 
    0  53663.474406  4  21.787  0.758  0.156  0.555   5.925e+00   5.384e+00   1.149e+00   4.083e+00  11  sdss  5745  82S  6 
  129  53663.473577  0  22.455  1.973  0.501  0.539   3.961e+00   4.805e+00   1.831e+00   1.967e+00  12  sdss  5745  82S  6 
    9  53664.410805  1  26.647  1.395  2.317  0.309  -1.229e+00   1.501e+00   2.961e+00   3.955e-01  14  sdss  5754  82S  6 
   25  53664.407488  2  25.926  1.048  2.217  0.463  -1.067e+00   1.263e+00   2.824e+00   5.902e-01  14  sdss  5754  82S  6 
 1049  53664.408317  3  24.847  1.162 13.079  0.806  -5.942e-01   1.721e+00   1.710e+01   1.054e+00  13  sdss  5754  82S  6 
 1048  53664.409976  4  23.648  0.833  5.196  0.555  -4.357e+00   5.294e+00   3.292e+01   3.518e+00  11  sdss  5754  82S  6 
    1  53664.409146  0  23.357  1.778  0.778  0.817   1.598e+00   2.969e+00   1.337e+00   1.405e+00  12  sdss  5754  82S  6 
    1  53665.475179  1  26.118  1.284  0.331  0.475  -6.751e-01   1.099e+00   2.835e-01   4.072e-01  14  sdss  5760  82S  6 
    1  53665.471862  2  25.538  1.161  0.324  0.574  -6.342e-01   1.224e+00   3.219e-01   5.699e-01  14  sdss  5760  82S  6 
    1  53665.472691  3  25.131  1.095  0.570  0.660  -9.885e-01   1.710e+00   8.553e-01   9.901e-01  13  sdss  5760  82S  6 
  129  53665.474350  4  21.432  0.588  0.345  0.320   8.891e+00   5.352e+00   3.306e+00   3.070e+00  11  sdss  5760  82S  6 
    1  53665.473521  0  23.846  1.994  0.613  1.235   8.722e-01   3.314e+00   7.608e-01   1.532e+00  12  sdss  5760  82S  6 
    1  53668.463915  1  25.697  1.181  0.812  1.081  -3.574e-01   8.878e-01   5.480e-01   7.295e-01  14  sdss  5771  82S  6 
    0  53668.460597  2  25.831  1.124  0.388  1.123  -9.504e-01   1.301e+00   4.626e-01   1.338e+00  14  sdss  5771  82S  6 
    0  53668.461427  3  25.713  0.866  0.482  0.880  -2.045e+00   1.783e+00   1.081e+00   1.976e+00  13  sdss  5771  82S  6 
    0  53668.463086  4  22.863  1.056  0.294  1.281  -1.456e-01   6.004e+00   1.434e+00   6.249e+00  11  sdss  5771  82S  6 
    1  53668.462256  0  25.227  1.926  2.517  2.822  -5.684e-01   3.056e+00   2.750e+00   3.083e+00  12  sdss  5771  82S  6 
   32  53669.370005  1  24.288  0.894  0.434  0.917   5.381e-01   6.920e-01   3.345e-01   7.063e-01  14  sdss  5776  82S  6 
  160  53669.366688  2  24.724  1.138  1.466  1.715   6.264e-02   1.086e+00   1.175e+00   1.374e+00  14  sdss  5776  82S  6 
  160  53669.367517  3  22.996  0.733  0.548  0.997   2.080e+00   1.552e+00   1.246e+00   2.265e+00  13  sdss  5776  82S  6 
   32  53669.369176  4  22.013  0.742  0.427  0.977   4.388e+00   4.705e+00   2.714e+00   6.210e+00  11  sdss  5776  82S  6 
  136  53669.368346  0  25.867  1.371  1.636  1.717  -1.416e+00   2.070e+00   2.598e+00   2.727e+00  12  sdss  5776  82S  6 
    0  53670.469958  1  26.156  1.107  0.762  0.992  -7.089e-01   9.449e-01   6.713e-01   8.737e-01  14  sdss  5782  82S  6 
    8  53670.466640  2  25.499  1.101  1.720  0.869  -5.963e-01   1.136e+00   1.672e+00   8.452e-01  14  sdss  5782  82S  6 
  152  53670.467469  3  24.524  1.211  6.200  1.031  -1.928e-01   1.757e+00   7.425e+00   1.235e+00  13  sdss  5782  82S  6 
  128  53670.469128  4  24.126  0.792  0.380  0.696  -7.907e+00   6.507e+00   3.346e+00   6.134e+00  11  sdss  5782  82S  6 
  134  53670.468299  0  21.618  0.513  0.679  0.449   8.681e+00   3.724e+00   5.275e+00   3.495e+00  12  sdss  5782  82S  6 
    0  53671.454736  1  25.413  0.903  0.425  0.650  -1.757e-01   6.072e-01   2.597e-01   3.973e-01  14  sdss  5786  82S  6 
   32  53671.451419  2  23.793  0.844  0.440  0.462   9.271e-01   9.623e-01   5.165e-01   5.431e-01  14  sdss  5786  82S  6 
    0  53671.452248  3  25.393  0.886  0.260  0.682  -1.413e+00   1.515e+00   4.611e-01   1.208e+00  13  sdss  5786  82S  6 
    0  53671.453907  4  23.393  0.783  0.398  0.607  -2.855e+00   4.524e+00   2.211e+00   3.369e+00  11  sdss  5786  82S  6 
    0  53671.453077  0  26.475  1.020  0.280  0.713  -2.685e+00   2.220e+00   7.209e-01   1.837e+00  12  sdss  5786  82S  6 
    8  53674.354527  1  25.527  0.898  1.385  1.464  -2.462e-01   6.141e-01   8.741e-01   9.240e-01  14  sdss  5797  82S  6 
    0  53674.351210  2  25.410  0.933  0.689  0.992  -5.114e-01   9.138e-01   6.405e-01   9.222e-01  14  sdss  5797  82S  6 
    0  53674.352039  3  22.534  0.498  0.425  0.618   3.343e+00   1.577e+00   1.417e+00   2.062e+00  13  sdss  5797  82S  6 
    0  53674.353698  4  23.061  0.985  0.943  1.431  -1.122e+00   5.552e+00   4.705e+00   7.137e+00  11  sdss  5797  82S  6 
    0  53674.352868  0  23.111  1.050  0.387  1.325   2.077e+00   1.910e+00   8.070e-01   2.763e+00  12  sdss  5797  82S  6 
   32  53676.443970  1  24.660  0.819  0.714  0.687   2.778e-01   5.582e-01   4.585e-01   4.411e-01  14  sdss  5807  82S  6 
   32  53676.440653  2  23.908  0.822  0.249  0.441   7.981e-01   8.860e-01   2.716e-01   4.812e-01  14  sdss  5807  82S  6 
   32  53676.441482  3  24.239  1.047  0.885  0.961   1.463e-01   1.445e+00   1.055e+00   1.145e+00  13  sdss  5807  82S  6 
    0  53676.443141  4  23.519  0.694  0.354  0.513  -3.576e+00   4.150e+00   2.089e+00   3.026e+00  11  sdss  5807  82S  6 
  136  53676.442311  0  25.653  1.463  2.234  1.635  -1.095e+00   2.101e+00   3.067e+00   2.245e+00  12  sdss  5807  82S  6 
   32  53679.415810  1  25.001  0.932  1.135  1.348   6.907e-02   6.202e-01   6.723e-01   7.985e-01  14  sdss  5820  82S  6 
    0  53679.412493  2  25.701  1.014  0.752  1.063  -8.035e-01   1.106e+00   8.223e-01   1.163e+00  14  sdss  5820  82S  6 
    0  53679.413322  3  25.174  1.074  0.709  1.252  -1.053e+00   1.694e+00   1.090e+00   1.926e+00  13  sdss  5820  82S  6 
    0  53679.414981  4  23.509  0.934  0.641  1.041  -3.517e+00   5.701e+00   3.760e+00   6.108e+00  11  sdss  5820  82S  6 
    0  53679.414152  0  22.875  0.931  0.533  1.128   2.635e+00   2.038e+00   1.351e+00   2.859e+00  12  sdss  5820  82S  6 
    0  53681.407281  1  26.113  0.640  0.242  0.482  -6.709e-01   5.353e-01   2.072e-01   4.120e-01  14  sdss  5836  82S  6 
    8  53681.403964  2  25.512  0.957  1.192  0.600  -6.089e-01   9.698e-01   1.167e+00   5.877e-01  14  sdss  5836  82S  6 
   32  53681.404793  3  23.463  0.836  0.421  0.641   1.191e+00   1.341e+00   6.828e-01   1.041e+00  13  sdss  5836  82S  6 
   32  53681.406452  4  22.654  0.737  0.378  0.639   8.748e-01   3.910e+00   1.870e+00   3.159e+00  11  sdss  5836  82S  6 
    8  53681.405623  0  23.318  1.086  1.048  0.767   1.667e+00   1.741e+00   1.855e+00   1.358e+00  12  sdss  5836  82S  6 
    4  53684.368899  1  26.157  1.272  1.212  0.569  -7.098e-01   1.102e+00   1.068e+00   5.018e-01  14  sdss  5847  82S  6 
    4  53684.365582  2  26.626  1.384  1.389  0.325  -2.246e+00   2.408e+00   3.106e+00   7.263e-01  14  sdss  5847  82S  6 
  132  53684.366411  3  21.801  0.609  0.278  0.206   6.742e+00   3.553e+00   1.781e+00   1.321e+00  13  sdss  5847  82S  6 
  132  53684.368070  4  20.325  0.498  0.445  0.191   2.641e+01   1.169e+01   1.112e+01   4.776e+00  11  sdss  5847  82S  6 
    4  53684.367241  0  26.774  1.559  0.249  0.587  -3.591e+00   3.732e+00   8.303e-01   1.958e+00  12  sdss  5847  82S  6 
  161  53687.310161  1  25.094  2.045  1.020  1.496   1.432e-02   2.052e+00   6.006e-01   8.811e-01  14  sdss  5871  82S  6 
   33  53687.306844  2  22.835  0.985  0.436  0.569   2.583e+00   2.081e+00   1.103e+00   1.441e+00  14  sdss  5871  82S  6 
   33  53687.307673  3  23.458  1.263  0.701  1.141   1.199e+00   2.107e+00   1.142e+00   1.859e+00  13  sdss  5871  82S  6 
    0  53687.309332  4  21.132  0.473  0.163  0.465   1.213e+01   5.552e+00   2.004e+00   5.696e+00  11  sdss  5871  82S  6 
    1  53687.308503  0  23.961  2.283  0.387  1.918   7.314e-01   4.297e+00   4.512e-01   2.237e+00  12  sdss  5871  82S  6 
    1  53696.372591  1  21.892  0.137  0.048  0.061   6.225e+00   7.903e-01   2.781e-01   3.511e-01  14  sdss  5889  82S  6 
    0  53696.369274  2  21.699  0.148  0.073  0.093   7.535e+00   1.037e+00   5.136e-01   6.571e-01  14  sdss  5889  82S  6 
    0  53696.370103  3  21.518  0.179  0.071  0.132   8.780e+00   1.471e+00   5.857e-01   1.093e+00  13  sdss  5889  82S  6 
    0  53696.371762  4  21.566  0.475  0.166  0.287   7.681e+00   3.987e+00   1.430e+00   2.478e+00  11  sdss  5889  82S  6 
    1  53696.370932  0  22.518  0.748  0.365  0.372   3.729e+00   2.288e+00   1.261e+00   1.285e+00  12  sdss  5889  82S  6 
    1  53697.364084  1  22.040  0.154  0.044  0.090   5.427e+00   7.721e-01   2.241e-01   4.545e-01  14  sdss  5895  82S  6 
    0  53697.360767  2  21.577  0.130  0.022  0.088   8.436e+00   1.020e+00   1.716e-01   6.973e-01  14  sdss  5895  82S  6 
    0  53697.361596  3  21.470  0.170  0.069  0.143   9.181e+00   1.458e+00   5.982e-01   1.235e+00  13  sdss  5895  82S  6 
   32  53697.363255  4  22.190  0.741  0.338  0.619   3.319e+00   4.378e+00   1.948e+00   3.573e+00  11  sdss  5895  82S  6 
    1  53697.362426  0  22.571  0.760  0.318  0.499   3.545e+00   2.216e+00   1.049e+00   1.645e+00  12  sdss  5895  82S  6 
    0  53700.362890  1  22.021  0.129  0.081  0.175   5.523e+00   6.603e-01   4.159e-01   9.009e-01  14  sdss  5905  82S  6 
    0  53700.359573  2  21.727  0.144  0.109  0.139   7.342e+00   9.816e-01   7.511e-01   9.572e-01  14  sdss  5905  82S  6 
    0  53700.360402  3  21.614  0.210  0.135  0.211   8.030e+00   1.570e+00   1.022e+00   1.599e+00  13  sdss  5905  82S  6 
   32  53700.362061  4  22.451  0.965  0.507  1.114   1.902e+00   5.520e+00   2.628e+00   5.777e+00  11  sdss  5905  82S  6 
    8  53700.361231  0  25.439  1.422  2.090  2.309  -8.146e-01   1.930e+00   2.528e+00   2.793e+00  12  sdss  5905  82S  6 
    0  53705.349577  1  22.417  0.180  0.169  0.214   3.821e+00   6.379e-01   6.041e-01   7.651e-01  14  sdss  5924  82S  6 
    0  53705.346260  2  21.720  0.140  0.100  0.142   7.390e+00   9.626e-01   6.914e-01   9.821e-01  14  sdss  5924  82S  6 
    0  53705.347089  3  21.622  0.205  0.103  0.229   7.969e+00   1.525e+00   7.768e-01   1.725e+00  13  sdss  5924  82S  6 
    0  53705.348748  4  20.853  0.356  0.261  0.404   1.598e+01   5.398e+00   4.079e+00   6.311e+00  11  sdss  5924  82S  6 
    0  53705.347919  0  23.859  1.518  0.411  2.395   8.556e-01   2.129e+00   5.057e-01   2.950e+00  12  sdss  5924  82S  6 
