# SDSS CID:  21681 IAU:          RA: 332.390778 DEC:   0.496071  (J2000)
# GALAXY_SB [ugriz] = [ 22.75 21.13 20.21 19.75 19.48 ] +/- [  0.00  0.00  0.00  0.00  0.00 ] (asinh mag/square arcsec)
# GALAXY_SB_FLUX [ugriz] = [  2.891E+00  1.252E+01  2.987E+01  4.484E+01  5.782E+01 ] +/- [  0.000E+00  0.000E+00  0.000E+00  0.000E+00  0.000E+00 ] (microJy per square arcsec)
#FLAG  MJD       FILT  MAG     MERR  MSKYERR MGALERR  FLUX       FLUXERR    SKYERR     GALERR    NPRE TELE   RUN  STRIP  IDCCD
  256  54348.237586  1  25.220  0.969  0.658  0.000  -6.022e-02   6.508e-01   3.893e-01   0.000e+00  10  sdss  6933  82S  5 
  256  54348.234269  2  26.530  0.500  0.284  0.000  -2.042e+00   9.743e-01   5.808e-01   0.000e+00  11  sdss  6933  82S  5 
  288  54348.235098  3  23.175  0.828  0.644  0.000   1.703e+00   1.539e+00   1.269e+00   0.000e+00  11  sdss  6933  82S  5 
  256  54348.236757  4  23.460  0.778  0.494  0.000  -3.233e+00   4.583e+00   2.824e+00   0.000e+00  11  sdss  6933  82S  5 
  288  54348.235928  0  24.110  1.354  0.865  0.000   5.617e-01   1.746e+00   9.505e-01   0.000e+00  10  sdss  6933  82S  5 
  256  54357.206867  1  26.562  0.611  0.536  0.000  -1.125e+00   6.896e-01   6.404e-01   0.000e+00  10  sdss  6955  82S  5 
  256  54357.203550  2  25.658  0.948  0.520  0.000  -7.567e-01   1.010e+00   5.523e-01   0.000e+00  11  sdss  6955  82S  5 
  256  54357.204379  3  24.915  1.083  0.969  0.000  -6.832e-01   1.594e+00   1.300e+00   0.000e+00  11  sdss  6955  82S  5 
  288  54357.206038  4  22.392  1.071  0.537  0.000   2.211e+00   6.337e+00   2.840e+00   0.000e+00  11  sdss  6955  82S  5 
  288  54357.205208  0  23.440  1.090  0.744  0.000   1.456e+00   1.669e+00   1.233e+00   0.000e+00  10  sdss  6955  82S  5 
  289  54365.204595  1  22.943  0.706  0.242  0.000   2.327e+00   1.409e+00   5.402e-01   0.000e+00  10  sdss  6981  82S  5 
  289  54365.201278  2  23.900  1.310  1.023  0.000   8.062e-01   1.483e+00   1.117e+00   0.000e+00  11  sdss  6981  82S  5 
  288  54365.202107  3  22.903  1.079  1.405  0.000   2.297e+00   2.301e+00   3.414e+00   0.000e+00  11  sdss  6981  82S  5 
  288  54365.203766  4  22.055  0.997  0.914  0.000   4.124e+00   6.326e+00   5.646e+00   0.000e+00  11  sdss  6981  82S  5 
  257  54365.202936  0  26.430  1.627  0.292  0.000  -2.567e+00   3.230e+00   7.491e-01   0.000e+00  10  sdss  6981  82S  5 
  256  54379.246117  1  25.307  0.900  0.485  0.000  -1.117e-01   5.978e-01   2.900e-01   0.000e+00  10  sdss  7024  82S  5 
  288  54379.242800  2  23.688  0.787  0.296  0.000   1.055e+00   9.484e-01   3.730e-01   0.000e+00  11  sdss  7024  82S  5 
  256  54379.243629  3  25.700  0.712  0.428  0.000  -2.016e+00   1.474e+00   9.443e-01   0.000e+00  11  sdss  7024  82S  5 
  256  54379.245287  4  23.483  0.684  0.299  0.000  -3.365e+00   4.025e+00   1.730e+00   0.000e+00  11  sdss  7024  82S  5 
  256  54379.244458  0  25.547  1.152  0.510  0.000  -9.506e-01   1.534e+00   6.668e-01   0.000e+00  10  sdss  7024  82S  5 
  256  54385.253432  1  26.376  0.768  0.626  0.000  -9.175e-01   7.460e-01   6.464e-01   0.000e+00  10  sdss  7051  82S  5 
  256  54385.250115  2  25.964  0.824  0.533  0.000  -1.117e+00   1.019e+00   6.954e-01   0.000e+00  11  sdss  7051  82S  5 
  288  54385.250944  3  23.266  0.909  0.823  0.000   1.529e+00   1.599e+00   1.517e+00   0.000e+00  11  sdss  7051  82S  5 
  256  54385.252603  4  23.077  0.830  0.504  0.000  -1.201e+00   4.516e+00   2.520e+00   0.000e+00  11  sdss  7051  82S  5 
  288  54385.251774  0  24.649  1.454  0.518  0.000   1.611e-02   1.869e+00   5.023e-01   0.000e+00  10  sdss  7051  82S  5 
  288  54387.253698  1  24.119  0.962  0.992  0.000   6.746e-01   8.035e-01   8.506e-01   0.000e+00  10  sdss  7057  82S  5 
  256  54387.250381  2  25.997  0.997  1.028  0.000  -1.159e+00   1.243e+00   1.374e+00   0.000e+00  11  sdss  7057  82S  5 
  256  54387.251211  3  24.987  1.196  1.992  0.000  -7.811e-01   1.832e+00   2.762e+00   0.000e+00  11  sdss  7057  82S  5 
  288  54387.252869  4  21.929  1.227  0.741  0.000   4.932e+00   8.363e+00   4.937e+00   0.000e+00  11  sdss  7057  82S  5 
  288  54387.252040  0  23.501  1.449  0.749  0.000   1.357e+00   2.205e+00   1.186e+00   0.000e+00  10  sdss  7057  82S  5 
  256  54392.247974  1  26.615  0.700  0.581  0.000  -1.189e+00   8.091e-01   7.252e-01   0.000e+00  10  sdss  7076  82S  5 
  256  54392.244657  2  26.903  0.446  0.317  0.000  -2.940e+00   1.204e+00   8.982e-01   0.000e+00  11  sdss  7076  82S  5 
  288  54392.245487  3  22.405  0.548  0.663  0.000   3.792e+00   1.895e+00   2.450e+00   0.000e+00  11  sdss  7076  82S  5 
  256  54392.247145  4  24.418  0.475  0.357  0.000  -1.079e+01   5.043e+00   3.954e+00   0.000e+00  11  sdss  7076  82S  5 
  288  54392.246316  0  23.363  1.409  1.204  0.000   1.588e+00   2.249e+00   2.118e+00   0.000e+00  10  sdss  7076  82S  5 
  257  54394.235776  1  26.937  1.152  0.574  0.000  -1.647e+00   1.534e+00   9.380e-01   0.000e+00  10  sdss  7084  82S  5 
  257  54394.232459  2  27.260  0.541  0.313  0.000  -4.126e+00   1.961e+00   1.217e+00   0.000e+00  11  sdss  7084  82S  5 
  257  54394.233288  3  25.487  1.345  1.419  0.000  -1.584e+00   2.436e+00   2.671e+00   0.000e+00  11  sdss  7084  82S  5 
  256  54394.234946  4  24.560  0.507  0.396  0.000  -1.246e+01   6.000e+00   4.937e+00   0.000e+00  11  sdss  7084  82S  5 
  257  54394.234117  0  25.421  2.266  0.505  0.000  -7.924e-01   4.244e+00   6.135e-01   0.000e+00  10  sdss  7084  82S  5 
  257  54402.245823  1  26.857  1.437  0.681  0.000  -1.521e+00   1.732e+00   1.040e+00   0.000e+00  10  sdss  7101  82S  5 
  257  54402.242506  2  27.418  0.385  0.204  0.000  -4.785e+00   1.662e+00   9.162e-01   0.000e+00  11  sdss  7101  82S  5 
  256  54402.243335  3  25.048  1.309  1.355  0.000  -8.667e-01   2.084e+00   1.937e+00   0.000e+00  11  sdss  7101  82S  5 
  288  54402.244994  4  21.968  0.842  0.613  0.000   4.675e+00   5.455e+00   3.989e+00   0.000e+00  11  sdss  7101  82S  5 
  417  54402.244164  0  22.659  2.437  0.261  0.000   3.256e+00   5.853e+00   8.254e-01   0.000e+00  10  sdss  7101  82S  5 
  288  54404.163744  1  24.611  0.889  0.458  0.000   3.097e-01   6.209e-01   2.998e-01   0.000e+00  10  sdss  7110  82S  5 
  256  54404.160428  2  26.607  0.469  0.202  0.000  -2.204e+00   9.794e-01   4.413e-01   0.000e+00  11  sdss  7110  82S  5 
  256  54404.161257  3  25.779  0.661  0.408  0.000  -2.196e+00   1.458e+00   9.571e-01   0.000e+00  11  sdss  7110  82S  5 
  256  54404.162915  4  23.687  0.670  0.352  0.000  -4.612e+00   4.303e+00   2.278e+00   0.000e+00  11  sdss  7110  82S  5 
  288  54404.162086  0  23.245  0.904  0.133  0.000   1.805e+00   1.577e+00   2.567e-01   0.000e+00  10  sdss  7110  82S  5 
  256  54408.159333  1  25.125  0.920  0.429  0.000  -3.872e-03   6.092e-01   2.527e-01   0.000e+00  10  sdss  7127  82S  5 
  256  54408.156016  2  25.783  0.838  0.309  0.000  -8.944e-01   9.394e-01   3.552e-01   0.000e+00  11  sdss  7127  82S  5 
  288  54408.156845  3  22.902  0.657  0.459  0.000   2.300e+00   1.496e+00   1.116e+00   0.000e+00  11  sdss  7127  82S  5 
  256  54408.158504  4  23.699  0.674  0.240  0.000  -4.689e+00   4.352e+00   1.562e+00   0.000e+00  11  sdss  7127  82S  5 
  260  54408.157674  0  25.988  1.001  0.106  0.000  -1.623e+00   1.625e+00   1.899e-01   0.000e+00  10  sdss  7127  82S  5 
  294  54410.159834  1  24.558  1.564  2.190  0.000   3.446e-01   1.311e+00   1.466e+00   0.000e+00  10  sdss  7133  82S  5 
  256  54410.156517  2  26.078  1.382  1.685  0.000  -1.271e+00   1.795e+00   2.394e+00   0.000e+00  11  sdss  7133  82S  5 
  292  54410.157346  3  23.414  1.423  2.324  0.000   1.270e+00   2.470e+00   3.875e+00   0.000e+00  11  sdss  7133  82S  5 
  292  54410.159005  4  21.576  1.159  2.029  0.000   7.591e+00   9.052e+00   1.730e+01   0.000e+00  11  sdss  7133  82S  5 
  422  54410.158176  0  22.643  1.094  0.820  0.000   3.307e+00   2.828e+00   2.628e+00   0.000e+00  10  sdss  7133  82S  5 
  256  54411.117086  1  26.168  0.771  0.640  0.000  -7.191e-01   6.614e-01   5.683e-01   0.000e+00  10  sdss  7136  82S  5 
  256  54411.113769  2  25.002  1.140  0.746  0.000  -1.610e-01   1.095e+00   6.061e-01   0.000e+00  11  sdss  7136  82S  5 
  256  54411.114598  3  25.574  0.826  0.549  0.000  -1.752e+00   1.558e+00   1.100e+00   0.000e+00  11  sdss  7136  82S  5 
  384  54411.116257  4  23.777  0.797  0.548  0.000  -5.210e+00   5.350e+00   3.746e+00   0.000e+00  11  sdss  7136  82S  5 
  416  54411.115428  0  23.921  1.156  0.600  0.000   7.795e-01   1.478e+00   7.239e-01   0.000e+00  10  sdss  7136  82S  5 
  256  54413.157845  1  26.040  0.913  0.500  0.000  -6.107e-01   7.359e-01   4.084e-01   0.000e+00  10  sdss  7145  82S  5 
  256  54413.154528  2  25.852  0.885  0.409  0.000  -9.753e-01   1.026e+00   4.926e-01   0.000e+00  11  sdss  7145  82S  5 
  292  54413.155358  3  24.265  1.189  1.975  0.000   1.145e-01   1.708e+00   2.348e+00   0.000e+00  11  sdss  7145  82S  5 
  256  54413.157016  4  23.781  0.661  0.257  0.000  -5.237e+00   4.454e+00   1.762e+00   0.000e+00  11  sdss  7145  82S  5 
  260  54413.156187  0  25.054  1.368  1.026  0.000  -3.842e-01   1.735e+00   1.059e+00   0.000e+00  10  sdss  7145  82S  5 
  256  54418.157452  1  25.483  0.881  0.468  0.000  -2.190e-01   5.963e-01   2.911e-01   0.000e+00  10  sdss  7161  82S  5 
  256  54418.154135  2  26.568  0.494  0.264  0.000  -2.121e+00   9.939e-01   5.595e-01   0.000e+00  11  sdss  7161  82S  5 
  288  54418.154964  3  22.664  0.555  0.336  0.000   2.937e+00   1.548e+00   9.939e-01   0.000e+00  11  sdss  7161  82S  5 
  288  54418.156623  4  22.108  0.695  0.326  0.000   3.800e+00   4.214e+00   1.956e+00   0.000e+00  11  sdss  7161  82S  5 
  256  54418.155793  0  25.350  1.196  0.246  0.000  -7.080e-01   1.518e+00   2.880e-01   0.000e+00  10  sdss  7161  82S  5 
  257  54422.161503  1  27.462  0.475  0.228  0.000  -2.731e+00   1.167e+00   5.917e-01   0.000e+00  10  sdss  7173  82S  5 
  257  54422.158186  2  25.621  1.311  0.668  0.000  -7.180e-01   1.452e+00   6.943e-01   0.000e+00  11  sdss  7173  82S  5 
  256  54422.159015  3  26.049  0.743  0.650  0.000  -2.906e+00   1.976e+00   1.906e+00   0.000e+00  11  sdss  7173  82S  5 
  256  54422.160673  4  23.750  0.739  0.390  0.000  -5.027e+00   4.893e+00   2.619e+00   0.000e+00  11  sdss  7173  82S  5 
  257  54422.159844  0  22.677  1.362  0.525  0.000   3.200e+00   3.209e+00   1.633e+00   0.000e+00  10  sdss  7173  82S  5 
  409  54424.149640  1  28.114  0.249  2.536  0.000  -5.026e+00   1.147e+00   1.189e+01   0.000e+00  10  sdss  7182  82S  5 
  409  54424.146323  2  28.279  0.135  1.136  0.000  -1.065e+01   1.325e+00   1.121e+01   0.000e+00  11  sdss  7182  82S  5 
  256  54424.147153  3  25.610  0.886  0.614  0.000  -1.825e+00   1.698e+00   1.265e+00   0.000e+00  11  sdss  7182  82S  5 
  408  54424.148811  4  20.904  0.275  1.388  0.000   1.519e+01   4.007e+00   2.054e+01   0.000e+00  11  sdss  7182  82S  5 
  425  54424.147982  0  24.333  1.941  4.749  0.000   3.274e-01   3.070e+00   4.820e+00   0.000e+00  10  sdss  7182  82S  5 
