# SDSS CID:  15502 IAU:          RA:  40.377434 DEC:   0.371361  (J2000)
# GALAXY_SB [ugriz] = [ 23.90 23.94 23.72 23.70 22.42 ] +/- [  0.23  0.06  0.06  0.06  0.07 ] (asinh mag/square arcsec)
# GALAXY_SB_FLUX [ugriz] = [  7.659E-01  8.364E-01  1.015E+00  8.364E-01  2.027E+00 ] +/- [  2.741E-01  5.562E-02  7.055E-02  9.170E-02  3.874E-01 ] (microJy per square arcsec)
#FLAG  MJD       FILT  MAG     MERR  MSKYERR MGALERR  FLUX       FLUXERR    SKYERR     GALERR    NPRE TELE   RUN  STRIP  IDCCD
   33  53989.424411  1  24.534  1.462  0.533  0.280   3.608e-01   1.188e+00   3.598e-01   1.888e-01  21  sdss  6314  82N  4 
    1  53989.421093  2  23.048  0.591  0.170  0.082   2.095e+00   1.148e+00   3.545e-01   1.708e-01  23  sdss  6314  82N  4 
    1  53989.421923  3  24.706  0.965  0.305  0.171  -4.141e-01   1.333e+00   3.796e-01   2.126e-01  24  sdss  6314  82N  4 
    0  53989.423581  4  21.523  0.423  0.053  0.108   8.057e+00   3.633e+00   4.687e-01   9.510e-01  24  sdss  6314  82N  4 
    1  53989.422752  0  22.140  0.629  0.036  0.179   5.332e+00   2.807e+00   1.751e-01   8.790e-01  11  sdss  6314  82N  4 
   32  53997.448680  1  23.531  0.347  0.218  0.161   1.304e+00   4.522e-01   2.902e-01   2.148e-01  21  sdss  6374  82N  4 
    0  53997.445362  2  23.053  0.337  0.185  0.112   2.085e+00   6.821e-01   3.828e-01   2.325e-01  23  sdss  6374  82N  4 
   32  53997.446192  3  23.675  0.716  0.253  0.197   8.691e-01   1.040e+00   3.607e-01   2.817e-01  24  sdss  6374  82N  4 
    0  53997.447850  4  23.785  0.444  0.235  0.168  -5.266e+00   3.008e+00   1.610e+00   1.152e+00  24  sdss  6374  82N  4 
    8  53997.447021  0  23.568  0.934  0.655  0.792   1.255e+00   1.334e+00   9.764e-01   1.181e+00  11  sdss  6374  82N  4 
   32  54000.400514  1  23.799  0.483  0.450  0.411   9.828e-01   5.041e-01   4.848e-01   4.429e-01  21  sdss  6383  82N  4 
   32  54000.397196  2  23.261  0.485  0.291  0.287   1.688e+00   8.103e-01   5.067e-01   5.005e-01  23  sdss  6383  82N  4 
    0  54000.398026  3  22.902  0.539  0.537  0.245   2.299e+00   1.247e+00   1.301e+00   5.923e-01  24  sdss  6383  82N  4 
   32  54000.399684  4  22.616  0.803  0.777  0.520   1.062e+00   4.336e+00   3.864e+00   2.583e+00  24  sdss  6383  82N  4 
    0  54000.398855  0  25.395  1.293  0.189  1.984  -7.606e-01   1.688e+00   2.244e-01   2.357e+00  11  sdss  6383  82N  4 
   32  54007.451213  1  23.359  0.442  0.625  0.491   1.552e+00   6.539e-01   9.636e-01   7.571e-01  21  sdss  6414  82N  4 
   32  54007.447896  2  24.705  0.897  0.523  0.487   7.795e-02   8.027e-01   4.196e-01   3.908e-01  23  sdss  6414  82N  4 
    0  54007.448725  3  22.835  0.506  0.349  0.189   2.466e+00   1.237e+00   8.928e-01   4.843e-01  24  sdss  6414  82N  4 
    0  54007.450384  4  23.697  0.898  1.106  0.605  -4.673e+00   5.816e+00   7.163e+00   3.916e+00  24  sdss  6414  82N  4 
    0  54007.449554  0  26.292  1.062  0.235  1.367  -2.235e+00   2.041e+00   5.256e-01   3.064e+00  11  sdss  6414  82N  4 
   32  54009.374913  1  23.493  0.321  0.069  0.115   1.356e+00   4.332e-01   9.515e-02   1.577e-01  21  sdss  6421  82N  4 
   32  54009.371596  2  23.447  0.449  0.118  0.117   1.385e+00   6.540e-01   1.768e-01   1.759e-01  23  sdss  6421  82N  4 
   32  54009.372425  3  23.654  0.702  0.183  0.152   8.994e-01   1.026e+00   2.641e-01   2.196e-01  24  sdss  6421  82N  4 
    0  54009.374084  4  23.030  0.561  0.240  0.202  -9.672e-01   2.896e+00   1.191e+00   1.001e+00  24  sdss  6421  82N  4 
    0  54009.373254  0  24.066  1.092  0.264  0.813   6.109e-01   1.327e+00   2.943e-01   9.071e-01  11  sdss  6421  82N  4 
    0  54011.439546  1  23.406  0.300  0.100  0.104   1.481e+00   4.362e-01   1.480e-01   1.534e-01  21  sdss  6430  82N  4 
    0  54011.436229  2  22.932  0.302  0.080  0.087   2.350e+00   6.813e-01   1.845e-01   1.993e-01  23  sdss  6430  82N  4 
    0  54011.437058  3  23.177  0.560  0.185  0.112   1.699e+00   1.062e+00   3.636e-01   2.201e-01  24  sdss  6430  82N  4 
    0  54011.438717  4  22.109  0.509  0.143  0.147   3.798e+00   3.056e+00   8.526e-01   8.778e-01  24  sdss  6430  82N  4 
    0  54011.437888  0  25.759  0.919  0.055  0.585  -1.248e+00   1.309e+00   8.224e-02   8.694e-01  11  sdss  6430  82N  4 
   32  54012.452609  1  23.383  0.351  0.315  0.230   1.515e+00   5.162e-01   4.756e-01   3.480e-01  21  sdss  6435  82N  4 
   32  54012.449291  2  23.204  0.448  0.340  0.175   1.790e+00   7.886e-01   6.209e-01   3.202e-01  23  sdss  6435  82N  4 
    0  54012.450120  3  22.754  0.448  0.199  0.131   2.681e+00   1.180e+00   5.453e-01   3.575e-01  24  sdss  6435  82N  4 
    0  54012.451779  4  23.223  0.704  0.302  0.286  -1.945e+00   3.841e+00   1.569e+00   1.485e+00  24  sdss  6435  82N  4 
  128  54012.450950  0  25.038  1.301  0.458  1.645  -3.684e-01   1.613e+00   4.696e-01   1.685e+00  11  sdss  6435  82N  4 
   33  54021.444107  1  23.572  0.608  0.254  0.216   1.250e+00   7.363e-01   3.276e-01   2.792e-01  21  sdss  6450  82N  4 
   32  54021.440790  2  23.630  0.708  0.447  0.236   1.129e+00   8.847e-01   5.848e-01   3.092e-01  23  sdss  6450  82N  4 
    0  54021.441619  3  22.786  0.461  0.173  0.119   2.594e+00   1.180e+00   4.603e-01   3.175e-01  24  sdss  6450  82N  4 
    0  54021.443278  4  21.283  0.368  0.195  0.134   1.040e+01   3.821e+00   2.082e+00   1.429e+00  24  sdss  6450  82N  4 
    1  54021.442449  0  25.587  1.474  0.117  0.968  -1.003e+00   2.096e+00   1.547e-01   1.285e+00  11  sdss  6450  82N  4 
    0  54025.439011  1  22.956  0.275  0.248  0.192   2.298e+00   5.912e-01   5.438e-01   4.202e-01  21  sdss  6461  82N  4 
    0  54025.435694  2  22.714  0.337  0.224  0.159   2.904e+00   9.130e-01   6.227e-01   4.429e-01  23  sdss  6461  82N  4 
    0  54025.436523  3  24.410  0.973  0.688  0.480  -5.719e-02   1.313e+00   8.157e-01   5.685e-01  24  sdss  6461  82N  4 
    0  54025.438182  4  22.183  0.744  0.369  0.366   3.359e+00   4.392e+00   2.127e+00   2.108e+00  24  sdss  6461  82N  4 
    0  54025.437352  0  24.548  1.515  0.172  2.386   1.144e-01   1.995e+00   1.675e-01   2.325e+00  11  sdss  6461  82N  4 
    0  54029.449210  1  23.131  0.282  0.240  0.153   1.941e+00   5.191e-01   4.496e-01   2.874e-01  21  sdss  6476  82N  4 
    0  54029.445893  2  22.810  0.335  0.120  0.111   2.647e+00   8.344e-01   3.075e-01   2.828e-01  23  sdss  6476  82N  4 
    0  54029.446723  3  23.060  0.589  0.205  0.142   1.938e+00   1.206e+00   4.389e-01   3.040e-01  24  sdss  6476  82N  4 
    0  54029.448381  4  21.386  0.442  0.068  0.129   9.335e+00   4.193e+00   6.623e-01   1.265e+00  24  sdss  6476  82N  4 
  128  54029.447552  0  25.969  1.049  0.063  0.733  -1.588e+00   1.660e+00   1.094e-01   1.269e+00  11  sdss  6476  82N  4 
    0  54031.356649  1  23.213  0.269  0.068  0.116   1.792e+00   4.619e-01   1.189e-01   2.027e-01  21  sdss  6484  82N  4 
    0  54031.353332  2  22.919  0.337  0.148  0.108   2.380e+00   7.635e-01   3.444e-01   2.515e-01  23  sdss  6484  82N  4 
    0  54031.354161  3  23.136  0.590  0.315  0.128   1.780e+00   1.145e+00   6.357e-01   2.591e-01  24  sdss  6484  82N  4 
    0  54031.355820  4  21.934  0.546  0.162  0.188   4.903e+00   3.576e+00   1.069e+00   1.242e+00  24  sdss  6484  82N  4 
  128  54031.354991  0  22.832  0.565  0.176  0.410   2.749e+00   1.411e+00   4.689e-01   1.094e+00  11  sdss  6484  82N  4 
   32  54036.361058  1  23.324  0.398  0.369  0.470   1.606e+00   6.104e-01   5.867e-01   7.457e-01  21  sdss  6504  82N  4 
    0  54036.357741  2  22.595  0.325  0.232  0.192   3.255e+00   9.786e-01   7.171e-01   5.927e-01  23  sdss  6504  82N  4 
    0  54036.358570  3  25.019  0.967  0.904  0.496  -8.270e-01   1.428e+00   1.272e+00   6.985e-01  24  sdss  6504  82N  4 
    0  54036.360228  4  21.662  0.721  0.471  0.409   6.880e+00   5.468e+00   3.746e+00   3.250e+00  24  sdss  6504  82N  4 
    0  54036.359399  0  24.596  1.453  0.589  2.999   6.783e-02   1.868e+00   5.718e-01   2.911e+00  11  sdss  6504  82N  4 
   32  54039.359389  1  23.384  0.330  0.115  0.172   1.513e+00   4.867e-01   1.740e-01   2.591e-01  21  sdss  6513  82N  4 
    0  54039.356072  2  22.676  0.313  0.146  0.157   3.013e+00   8.799e-01   4.196e-01   4.516e-01  23  sdss  6513  82N  4 
   32  54039.356901  3  24.262  0.951  0.756  0.424   1.187e-01   1.279e+00   8.989e-01   5.037e-01  24  sdss  6513  82N  4 
   32  54039.358560  4  22.475  0.736  0.527  0.316   1.777e+00   4.007e+00   2.708e+00   1.626e+00  24  sdss  6513  82N  4 
 1152  54039.357730  0  25.995  0.985  0.086  0.990  -1.634e+00   1.588e+00   1.524e-01   1.749e+00  11  sdss  6513  82N  4 
    1  54041.330103  1  23.498  0.828  0.305  0.145   1.349e+00   1.016e+00   4.187e-01   1.983e-01  21  sdss  6524  82N  4 
   33  54041.326786  2  23.405  0.764  0.565  0.145   1.450e+00   1.098e+00   8.779e-01   2.258e-01  23  sdss  6524  82N  4 
   33  54041.327615  3  23.627  0.874  0.679  0.156   9.386e-01   1.308e+00   9.953e-01   2.281e-01  24  sdss  6524  82N  4 
    0  54041.329274  4  21.946  0.616  0.334  0.173   4.824e+00   4.003e+00   2.190e+00   1.139e+00  24  sdss  6524  82N  4 
    1  54041.328444  0  22.405  0.746  0.149  0.254   4.155e+00   2.555e+00   5.793e-01   9.869e-01  11  sdss  6524  82N  4 
   33  54048.380568  1  23.608  1.006  0.363  0.260   1.205e+00   1.109e+00   4.546e-01   3.262e-01  21  sdss  6534  82N  4 
    1  54048.377251  2  24.893  1.121  0.595  0.364  -7.304e-02   1.065e+00   4.767e-01   2.916e-01  23  sdss  6534  82N  4 
   32  54048.378081  3  23.620  0.836  0.326  0.200   9.490e-01   1.251e+00   4.789e-01   2.943e-01  24  sdss  6534  82N  4 
    0  54048.379739  4  21.926  0.571  0.313  0.223   4.957e+00   3.750e+00   2.079e+00   1.483e+00  24  sdss  6534  82N  4 
  129  54048.378910  0  22.768  1.529  0.526  0.584   2.928e+00   3.255e+00   1.482e+00   1.647e+00  11  sdss  6534  82N  4 
    3  54052.358066  1  22.707  0.350  0.312  0.291   2.910e+00   9.290e-01   8.542e-01   7.958e-01  21  sdss  6552  82N  4 
   34  54052.354749  2  23.128  0.731  0.870  0.585   1.934e+00   1.294e+00   1.693e+00   1.139e+00  23  sdss  6552  82N  4 
   34  54052.355578  3  22.886  0.841  1.419  0.558   2.338e+00   1.871e+00   3.482e+00   1.369e+00  24  sdss  6552  82N  4 
    0  54052.357237  4  24.154  0.825  0.748  0.579  -8.157e+00   6.805e+00   6.651e+00   5.142e+00  24  sdss  6552  82N  4 
    0  54055.369232  1  22.745  0.251  0.312  0.218   2.807e+00   6.520e-01   8.240e-01   5.772e-01  21  sdss  6565  82N  4 
    0  54055.365915  2  22.798  0.398  0.318  0.261   2.679e+00   9.918e-01   8.205e-01   6.745e-01  23  sdss  6565  82N  4 
    0  54055.366745  3  22.502  0.424  0.357  0.218   3.450e+00   1.380e+00   1.210e+00   7.372e-01  24  sdss  6565  82N  4 
    0  54055.368403  4  22.083  0.821  0.271  0.449   3.957e+00   5.056e+00   1.642e+00   2.721e+00  24  sdss  6565  82N  4 
    8  54055.367574  0  24.082  1.546  2.077  2.529   5.928e-01   2.123e+00   2.300e+00   2.800e+00  11  sdss  6565  82N  4 
   32  54058.352253  1  23.077  0.305  0.223  0.293   2.046e+00   5.878e-01   4.393e-01   5.771e-01  21  sdss  6577  82N  4 
   32  54058.348936  2  23.548  0.738  0.445  0.474   1.241e+00   9.689e-01   6.184e-01   6.586e-01  23  sdss  6577  82N  4 
   32  54058.349765  3  23.347  0.828  0.794  0.379   1.384e+00   1.397e+00   1.380e+00   6.583e-01  24  sdss  6577  82N  4 
    0  54058.351424  4  21.645  0.647  0.563  0.296   7.018e+00   4.993e+00   4.526e+00   2.379e+00  24  sdss  6577  82N  4 
    0  54058.350594  0  22.069  0.440  0.247  0.578   5.699e+00   2.197e+00   1.293e+00   3.029e+00  11  sdss  6577  82N  4 
   34  54060.374273  1  23.960  0.824  0.806  1.007   8.189e-01   7.469e-01   7.696e-01   9.613e-01  21  sdss  6584  82N  4 
   32  54060.370956  2  22.834  0.522  0.455  0.398   2.586e+00   1.230e+00   1.138e+00   9.963e-01  23  sdss  6584  82N  4 
    0  54060.371785  3  22.874  0.616  0.625  0.271   2.367e+00   1.437e+00   1.547e+00   6.709e-01  24  sdss  6584  82N  4 
  128  54060.373443  4  23.258  0.962  0.727  0.626  -2.130e+00   5.535e+00   3.818e+00   3.288e+00  24  sdss  6584  82N  4 
  128  54060.372614  0  24.591  1.735  0.494  3.580   7.277e-02   2.494e+00   4.798e-01   3.476e+00  11  sdss  6584  82N  4 
   12  54065.350512  1  22.367  0.247  0.508  0.111   4.002e+00   9.046e-01   1.889e+00   4.145e-01  21  sdss  6609  82N  4 
 1180  54065.347195  2  22.380  0.664  3.236  0.116   3.991e+00   2.240e+00   1.213e+01   4.329e-01  23  sdss  6609  82N  4 
   44  54065.348025  3  23.470  1.323  2.396  0.274   1.180e+00   2.216e+00   3.846e+00   4.393e-01  24  sdss  6609  82N  4 
  132  54065.349683  4  24.720  1.039  0.718  0.146  -1.459e+01   1.222e+01   1.016e+01   2.074e+00  24  sdss  6609  82N  4 
  132  54065.348854  0  27.164  0.834  0.169  0.388  -5.202e+00   3.417e+00   8.115e-01   1.863e+00  11  sdss  6609  82N  4 
