# SDSS CID:   2263 IAU: 2005hv   RA: 333.260895 DEC:  -0.051312  (J2000)
# GALAXY_SB [ugriz] = [ 22.31 20.40 19.45 19.04 18.69 ] +/- [  0.00  0.00  0.00  0.00  0.00 ] (asinh mag/square arcsec)
# GALAXY_SB_FLUX [ugriz] = [  4.430E+00  2.448E+01  5.987E+01  8.621E+01  1.195E+02 ] +/- [  0.000E+00  0.000E+00  0.000E+00  0.000E+00  0.000E+00 ] (microJy per square arcsec)
#FLAG  MJD       FILT  MAG     MERR  MSKYERR MGALERR  FLUX       FLUXERR    SKYERR     GALERR    NPRE TELE   RUN  STRIP  IDCCD
  428  53616.241528  1  24.357  1.444  1.540  0.000   4.859e-01   1.199e+00   1.137e+00   0.000e+00  11  sdss  5566  82N  3 
  256  53616.238211  2  26.449  0.755  0.188  0.000  -1.881e+00   1.305e+00   3.581e-01   0.000e+00  14  sdss  5566  82N  3 
  256  53616.239040  3  26.740  0.372  0.159  0.000  -5.674e+00   1.925e+00   8.535e-01   0.000e+00  15  sdss  5566  82N  3 
 1444  53616.240699  4  21.835  1.242  1.078  0.000   5.578e+00   8.743e+00   7.635e+00   0.000e+00  16  sdss  5566  82N  3 
  420  53616.239869  0  24.030  1.619  0.495  0.000   6.513e-01   2.292e+00   5.605e-01   0.000e+00  6  sdss  5566  82N  3 
  256  53623.231650  1  26.418  0.704  0.308  0.000  -9.619e-01   7.037e-01   3.265e-01   0.000e+00  11  sdss  5590  82N  3 
  256  53623.228333  2  26.441  0.521  0.049  0.000  -1.866e+00   9.375e-01   9.224e-02   0.000e+00  14  sdss  5590  82N  3 
  256  53623.229162  3  25.888  0.550  0.070  0.000  -2.464e+00   1.338e+00   1.806e-01   0.000e+00  15  sdss  5590  82N  3 
  256  53623.230820  4  24.622  0.344  0.131  0.000  -1.325e+01   4.404e+00   1.729e+00   0.000e+00  16  sdss  5590  82N  3 
  256  53623.229991  0  24.683  1.289  0.053  0.000  -1.719e-02   1.563e+00   5.106e-02   0.000e+00  6  sdss  5590  82N  3 
  289  53626.217525  1  24.831  1.810  2.156  0.000   1.710e-01   1.641e+00   1.314e+00   0.000e+00  11  sdss  5603  82N  3 
  257  53626.214208  2  25.583  1.176  0.269  0.000  -6.786e-01   1.256e+00   2.724e-01   0.000e+00  14  sdss  5603  82N  3 
  280  53626.215038  3  24.992  1.368  1.597  0.000  -7.879e-01   2.189e+00   2.218e+00   0.000e+00  15  sdss  5603  82N  3 
 1432  53626.216696  4  24.566  0.445  2.189  0.000  -1.253e+01   5.357e+00   2.746e+01   0.000e+00  16  sdss  5603  82N  3 
 1465  53626.215867  0  24.422  1.839  9.283  0.000   2.378e-01   2.773e+00   9.212e+00   0.000e+00  6  sdss  5603  82N  3 
  257  53628.202455  1  25.432  1.921  1.172  0.000  -1.871e-01   1.830e+00   7.185e-01   0.000e+00  11  sdss  5610  82N  3 
  257  53628.199138  2  27.376  0.457  0.114  0.000  -4.601e+00   1.868e+00   4.923e-01   0.000e+00  14  sdss  5610  82N  3 
  257  53628.199968  3  26.322  0.670  0.189  0.000  -3.804e+00   2.255e+00   7.003e-01   0.000e+00  15  sdss  5610  82N  3 
  256  53628.201626  4  24.650  0.500  0.279  0.000  -1.362e+01   6.388e+00   3.760e+00   0.000e+00  16  sdss  5610  82N  3 
  417  53628.200797  0  23.669  2.314  2.287  0.000   1.107e+00   4.495e+00   3.177e+00   0.000e+00  6  sdss  5610  82N  3 
  289  53635.210581  1  24.403  1.207  0.406  0.000   4.522e-01   9.386e-01   2.925e-01   0.000e+00  11  sdss  5622  82N  3 
  288  53635.207264  2  23.909  1.120  0.184  0.000   7.972e-01   1.228e+00   1.997e-01   0.000e+00  14  sdss  5622  82N  3 
  384  53635.208093  3  26.500  0.399  0.149  0.000  -4.516e+00   1.663e+00   6.435e-01   0.000e+00  15  sdss  5622  82N  3 
  256  53635.209751  4  24.021  0.549  0.082  0.000  -7.025e+00   4.307e+00   6.676e-01   0.000e+00  16  sdss  5622  82N  3 
  417  53635.208922  0  24.319  1.770  1.200  0.000   3.416e-01   2.602e+00   1.219e+00   0.000e+00  6  sdss  5622  82N  3 
  288  53637.203855  1  23.691  0.811  0.272  0.000   1.104e+00   8.700e-01   3.177e-01   0.000e+00  11  sdss  5633  82N  3 
  256  53637.200538  2  25.354  1.187  0.263  0.000  -4.605e-01   1.206e+00   2.379e-01   0.000e+00  14  sdss  5633  82N  3 
  256  53637.201367  3  26.954  0.286  0.103  0.000  -6.937e+00   1.819e+00   6.710e-01   0.000e+00  15  sdss  5633  82N  3 
  288  53637.203026  4  22.193  1.010  0.211  0.000   3.303e+00   6.160e+00   1.213e+00   0.000e+00  16  sdss  5633  82N  3 
  296  53637.202197  0  23.929  1.345  1.021  0.000   7.702e-01   1.780e+00   1.216e+00   0.000e+00  6  sdss  5633  82N  3 
  288  53644.195744  1  24.469  0.846  0.107  0.000   4.052e-01   6.099e-01   7.434e-02   0.000e+00  11  sdss  5670  82N  3 
  256  53644.192428  2  26.404  0.515  0.092  0.000  -1.797e+00   9.009e-01   1.685e-01   0.000e+00  14  sdss  5670  82N  3 
  256  53644.193257  3  26.791  0.233  0.037  0.000  -5.953e+00   1.288e+00   2.069e-01   0.000e+00  15  sdss  5670  82N  3 
  256  53644.194915  4  23.971  0.539  0.228  0.000  -6.627e+00   4.098e+00   1.785e+00   0.000e+00  16  sdss  5670  82N  3 
  288  53644.194086  0  23.285  0.889  0.264  0.000   1.729e+00   1.490e+00   4.843e-01   0.000e+00  6  sdss  5670  82N  3 
  257  53654.229869  1  25.514  1.124  0.345  0.000  -2.383e-01   8.079e-01   2.165e-01   0.000e+00  11  sdss  5709  82N  3 
  256  53654.226553  2  26.594  0.593  0.239  0.000  -2.175e+00   1.191e+00   5.158e-01   0.000e+00  14  sdss  5709  82N  3 
  256  53654.227382  3  25.996  0.625  0.301  0.000  -2.753e+00   1.632e+00   8.432e-01   0.000e+00  15  sdss  5709  82N  3 
  256  53654.229040  4  23.942  0.838  0.374  0.000  -6.403e+00   6.127e+00   2.860e+00   0.000e+00  16  sdss  5709  82N  3 
  257  53654.228211  0  25.657  1.401  0.429  0.000  -1.099e+00   1.992e+00   5.936e-01   0.000e+00  6  sdss  5709  82N  3 
  257  53656.177461  1  27.121  1.259  0.361  0.000  -1.972e+00   1.853e+00   6.855e-01   0.000e+00  11  sdss  5719  82N  3 
  289  53656.174144  2  23.466  1.415  0.246  0.000   1.357e+00   1.886e+00   3.647e-01   0.000e+00  14  sdss  5719  82N  3 
  257  53656.174973  3  26.858  0.400  0.162  0.000  -6.340e+00   2.287e+00   9.657e-01   0.000e+00  15  sdss  5719  82N  3 
  256  53656.176632  4  24.618  0.602  0.246  0.000  -1.320e+01   7.339e+00   3.225e+00   0.000e+00  16  sdss  5719  82N  3 
  257  53656.175803  0  27.033  1.134  0.067  0.000  -4.598e+00   3.737e+00   2.841e-01   0.000e+00  6  sdss  5719  82N  3 
  257  53663.190119  1  26.830  0.620  0.128  0.000  -1.480e+00   8.511e-01   1.892e-01   0.000e+00  11  sdss  5744  82N  3 
  289  53663.186792  2  23.971  0.875  0.073  0.000   7.312e-01   9.179e-01   7.626e-02   0.000e+00  14  sdss  5744  82N  3 
  256  53663.187621  3  25.766  0.566  0.088  0.000  -2.167e+00   1.253e+00   2.053e-01   0.000e+00  15  sdss  5744  82N  3 
  256  53663.189290  4  24.207  0.405  0.097  0.000  -8.643e+00   3.690e+00   9.013e-01   0.000e+00  16  sdss  5744  82N  3 
 1409  53663.188450  0  25.855  1.282  0.246  0.000  -1.396e+00   1.918e+00   3.896e-01   0.000e+00  6  sdss  5744  82N  3 
  256  53668.179196  1  27.681  0.253  0.092  0.000  -3.357e+00   7.790e-01   2.868e-01   0.000e+00  11  sdss  5770  82N  3 
  256  53668.175879  2  27.236  0.361  0.081  0.000  -4.034e+00   1.325e+00   3.083e-01   0.000e+00  14  sdss  5770  82N  3 
  256  53668.176709  3  26.462  0.487  0.302  0.000  -4.354e+00   1.927e+00   1.266e+00   0.000e+00  15  sdss  5770  82N  3 
 1408  53668.178367  4  25.238  0.335  0.218  0.000  -2.397e+01   7.365e+00   4.941e+00   0.000e+00  16  sdss  5770  82N  3 
  384  53668.177538  0  26.153  1.073  0.482  0.000  -1.936e+00   1.878e+00   9.606e-01   0.000e+00  6  sdss  5770  82N  3 
  288  53670.184085  1  24.956  0.968  0.137  0.000   9.595e-02   6.524e-01   8.130e-02   0.000e+00  11  sdss  5781  82N  3 
  288  53670.180769  2  22.588  0.362  0.097  0.000   3.275e+00   1.094e+00   3.020e-01   0.000e+00  14  sdss  5781  82N  3 
  256  53670.181598  3  25.609  0.737  0.297  0.000  -1.824e+00   1.433e+00   6.110e-01   0.000e+00  15  sdss  5781  82N  3 
  256  53670.183256  4  24.376  0.471  0.220  0.000  -1.033e+01   4.839e+00   2.350e+00   0.000e+00  16  sdss  5781  82N  3 
  256  53670.182427  0  24.788  1.246  0.102  0.000  -1.186e-01   1.492e+00   9.948e-02   0.000e+00  6  sdss  5781  82N  3 
  256  53673.151943  1  25.848  0.950  0.302  0.000  -4.626e-01   7.117e-01   2.191e-01   0.000e+00  11  sdss  5792  82N  3 
  256  53673.148626  2  26.209  0.777  0.225  0.000  -1.466e+00   1.125e+00   3.533e-01   0.000e+00  14  sdss  5792  82N  3 
  256  53673.149455  3  26.801  0.290  0.161  0.000  -6.009e+00   1.609e+00   9.121e-01   0.000e+00  15  sdss  5792  82N  3 
  256  53673.151114  4  23.357  0.849  0.564  0.000  -2.660e+00   4.893e+00   3.081e+00   0.000e+00  16  sdss  5792  82N  3 
  256  53673.150285  0  25.581  1.212  0.201  0.000  -9.955e-01   1.633e+00   2.649e-01   0.000e+00  6  sdss  5792  82N  3 
  256  53675.148540  1  25.847  0.890  0.218  0.000  -4.617e-01   6.613e-01   1.579e-01   0.000e+00  11  sdss  5800  82N  3 
  288  53675.145224  2  24.374  1.275  0.256  0.000   3.511e-01   1.301e+00   2.203e-01   0.000e+00  14  sdss  5800  82N  3 
  256  53675.146053  3  25.949  0.662  0.218  0.000  -2.624e+00   1.653e+00   5.878e-01   0.000e+00  15  sdss  5800  82N  3 
  288  53675.147711  4  22.501  0.942  0.489  0.000   1.643e+00   5.320e+00   2.496e+00   0.000e+00  16  sdss  5800  82N  3 
  256  53675.146882  0  24.671  1.295  0.187  0.000  -5.280e-03   1.574e+00   1.810e-01   0.000e+00  6  sdss  5800  82N  3 
  256  53677.169106  1  25.452  0.938  0.345  0.000  -1.995e-01   6.389e-01   2.127e-01   0.000e+00  11  sdss  5813  82N  3 
  256  53677.165789  2  26.213  0.617  0.089  0.000  -1.472e+00   9.181e-01   1.392e-01   0.000e+00  14  sdss  5813  82N  3 
  256  53677.166619  3  26.047  0.473  0.064  0.000  -2.899e+00   1.324e+00   1.870e-01   0.000e+00  15  sdss  5813  82N  3 
  256  53677.168277  4  24.392  0.382  0.155  0.000  -1.050e+01   4.026e+00   1.679e+00   0.000e+00  16  sdss  5813  82N  3 
  264  53677.167448  0  25.557  1.049  0.637  0.000  -9.647e-01   1.375e+00   8.280e-01   0.000e+00  6  sdss  5813  82N  3 
  256  53680.155761  1  26.966  0.466  0.186  0.000  -1.694e+00   7.383e-01   3.092e-01   0.000e+00  11  sdss  5823  82N  3 
  256  53680.152446  2  26.933  0.452  0.176  0.000  -3.026e+00   1.248e+00   5.093e-01   0.000e+00  14  sdss  5823  82N  3 
  256  53680.153273  3  26.351  0.451  0.096  0.000  -3.913e+00   1.636e+00   3.632e-01   0.000e+00  15  sdss  5823  82N  3 
  288  53680.154932  4  22.165  0.827  0.068  0.000   3.465e+00   4.962e+00   3.957e-01   0.000e+00  16  sdss  5823  82N  3 
  288  53680.154102  0  24.164  1.429  0.220  0.000   5.037e-01   1.869e+00   2.351e-01   0.000e+00  6  sdss  5823  82N  3 
  259  53686.221693  1  27.890  1.139  0.505  0.000  -4.081e+00   3.270e+00   1.912e+00   0.000e+00  11  sdss  5865  82N  3 
  259  53686.218376  2  26.365  1.888  0.717  0.000  -1.726e+00   2.890e+00   1.276e+00   0.000e+00  14  sdss  5865  82N  3 
  257  53686.219205  3  27.174  0.417  0.167  0.000  -8.521e+00   3.168e+00   1.327e+00   0.000e+00  15  sdss  5865  82N  3 
  258  53686.220864  4  24.789  0.768  0.381  0.000  -1.561e+01   1.035e+01   5.793e+00   0.000e+00  16  sdss  5865  82N  3 
  257  53693.156344  1  27.151  0.676  0.214  0.000  -2.029e+00   1.193e+00   4.166e-01   0.000e+00  11  sdss  5878  82N  3 
  289  53693.153028  2  24.164  1.268  0.418  0.000   5.400e-01   1.336e+00   3.932e-01   0.000e+00  14  sdss  5878  82N  3 
  288  53693.153857  3  23.408  0.973  0.298  0.000   1.281e+00   1.600e+00   4.986e-01   0.000e+00  15  sdss  5878  82N  3 
  288  53693.155515  4  22.509  0.920  0.231  0.000   1.602e+00   5.163e+00   1.178e+00   0.000e+00  16  sdss  5878  82N  3 
  257  53693.154686  0  25.629  1.829  0.672  0.000  -1.061e+00   2.902e+00   9.140e-01   0.000e+00  6  sdss  5878  82N  3 
 1284  53698.153249  1  30.592  0.648  0.471  0.000  -4.946e+01   2.631e+01   2.135e+01   0.000e+00  11  sdss  5898  82N  3 
 1421  53698.149933  2  29.501  5.594  3.146  0.000  -3.285e+01   8.180e+01   9.520e+01   0.000e+00  14  sdss  5898  82N  3 
 1444  53698.150762  3  19.500  5.118  0.827  0.000   5.659e+01   9.133e+01   4.318e+01   0.000e+00  15  sdss  5898  82N  3 
 1284  53698.152420  4  18.323  4.648  0.173  0.000   1.686e+02   2.551e+02   2.696e+01   0.000e+00  16  sdss  5898  82N  3 
  292  53699.176648  1  24.772  1.629  1.207  0.000   2.074e-01   1.375e+00   7.466e-01   0.000e+00  11  sdss  5902  82N  3 
 1469  53699.173331  2  21.219  0.778  2.585  0.000   1.174e+01   7.246e+00   2.800e+01   0.000e+00  14  sdss  5902  82N  3 
 1324  53699.174160  3  22.090  1.320  0.854  0.000   5.129e+00   4.738e+00   4.164e+00   0.000e+00  15  sdss  5902  82N  3 
 1284  53699.175819  4  25.282  0.571  0.188  0.000  -2.499e+01   1.241e+01   4.437e+00   0.000e+00  16  sdss  5902  82N  3 
 1412  53699.174990  0  27.016  1.316  0.062  0.000  -4.524e+00   4.033e+00   2.609e-01   0.000e+00  6  sdss  5902  82N  3 
  258  53702.151210  1  27.002  0.844  0.364  0.000  -1.755e+00   1.262e+00   6.240e-01   0.000e+00  11  sdss  5909  82N  3 
  256  53702.148723  3  27.378  0.455  0.259  0.000  -1.030e+01   4.118e+00   2.477e+00   0.000e+00  15  sdss  5909  82N  3 
  256  53702.150381  4  24.075  1.762  1.427  0.000  -7.472e+00   1.463e+01   1.205e+01   0.000e+00  16  sdss  5909  82N  3 
  256  53702.149552  0  26.450  2.388  0.468  0.000  -2.619e+00   5.310e+00   1.191e+00   0.000e+00  6  sdss  5909  82N  3 
  256  53704.138536  1  25.876  0.938  0.292  0.000  -4.831e-01   7.079e-01   2.147e-01   0.000e+00  11  sdss  5918  82N  3 
  288  53704.135220  2  24.042  1.044  0.142  0.000   6.585e-01   1.085e+00   1.421e-01   0.000e+00  14  sdss  5918  82N  3 
  256  53704.136049  3  25.237  0.948  0.227  0.000  -1.153e+00   1.507e+00   3.614e-01   0.000e+00  15  sdss  5918  82N  3 
  288  53704.137707  4  22.253  0.840  0.216  0.000   2.963e+00   4.911e+00   1.209e+00   0.000e+00  16  sdss  5918  82N  3 
  256  53704.136878  0  25.231  1.322  0.194  0.000  -5.733e-01   1.687e+00   2.125e-01   0.000e+00  6  sdss  5918  82N  3 
