# SDSS CID:  10475 IAU:          RA:  40.613605 DEC:  -1.078305  (J2000)
# GALAXY_SB [ugriz] = [ 23.17 23.20 23.13 22.63 22.26 ] +/- [  0.21  0.05  0.06  0.05  0.11 ] (asinh mag/square arcsec)
# GALAXY_SB_FLUX [ugriz] = [  1.887E+00  1.817E+00  1.938E+00  3.036E+00  2.874E+00 ] +/- [  4.131E-01  9.059E-02  1.081E-01  1.562E-01  6.368E-01 ] (microJy per square arcsec)
#FLAG  MJD       FILT  MAG     MERR  MSKYERR MGALERR  FLUX       FLUXERR    SKYERR     GALERR    NPRE TELE   RUN  STRIP  IDCCD
   40  53622.439180  1  23.448  0.342  0.125  0.249   1.420e+00   4.737e-01   1.779e-01   3.542e-01  14  sdss  5582  82S  1 
    0  53622.435863  2  23.043  0.350  0.044  0.189   2.107e+00   7.155e-01   9.123e-02   3.957e-01  14  sdss  5582  82S  1 
    0  53622.436692  3  22.121  0.248  0.056  0.112   4.981e+00   1.160e+00   2.667e-01   5.330e-01  14  sdss  5582  82S  1 
    0  53622.438351  4  21.761  0.476  0.075  0.314   6.120e+00   3.484e+00   5.621e-01   2.341e+00  14  sdss  5582  82S  1 
   32  53622.437522  0  23.386  0.877  0.033  1.194   1.546e+00   1.349e+00   5.402e-02   1.962e+00  10  sdss  5582  82S  1 
   32  53627.396479  1  23.286  0.330  0.020  0.290   1.668e+00   5.248e-01   3.181e-02   4.728e-01  14  sdss  5607  82S  1 
   32  53627.393161  2  23.156  0.408  0.045  0.243   1.881e+00   7.526e-01   8.613e-02   4.635e-01  14  sdss  5607  82S  1 
    0  53627.393991  3  22.483  0.340  0.096  0.183   3.513e+00   1.143e+00   3.306e-01   6.317e-01  14  sdss  5607  82S  1 
   32  53627.395650  4  22.789  0.646  0.316  0.594   2.141e-01   3.340e+00   1.543e+00   2.901e+00  14  sdss  5607  82S  1 
  136  53627.394820  0  22.773  0.559  0.160  1.145   2.913e+00   1.405e+00   4.283e-01   3.071e+00  10  sdss  5607  82S  1 
   33  53634.389454  1  22.982  0.935  0.296  0.299   2.241e+00   1.664e+00   6.286e-01   6.343e-01  14  sdss  5619  82S  1 
    1  53634.386136  2  22.775  0.676  0.213  0.230   2.737e+00   1.618e+00   5.635e-01   6.079e-01  14  sdss  5619  82S  1 
    1  53634.386966  3  22.977  0.843  0.207  0.296   2.122e+00   1.767e+00   4.736e-01   6.762e-01  14  sdss  5619  82S  1 
   32  53634.388624  4  22.273  0.762  0.092  0.580   2.850e+00   4.386e+00   5.084e-01   3.215e+00  14  sdss  5619  82S  1 
    1  53634.387795  0  22.547  1.481  0.204  0.983   3.627e+00   3.535e+00   6.642e-01   3.206e+00  10  sdss  5619  82S  1 
    1  53638.431065  1  22.922  0.293  0.069  0.175   2.374e+00   6.418e-01   1.543e-01   3.912e-01  14  sdss  5637  82S  1 
    0  53638.427748  2  22.825  0.310  0.088  0.122   2.611e+00   7.668e-01   2.232e-01   3.094e-01  14  sdss  5637  82S  1 
    0  53638.428577  3  22.358  0.313  0.077  0.116   3.969e+00   1.176e+00   2.973e-01   4.451e-01  14  sdss  5637  82S  1 
    0  53638.430236  4  21.818  0.537  0.201  0.318   5.704e+00   3.775e+00   1.444e+00   2.279e+00  14  sdss  5637  82S  1 
  129  53638.429406  0  25.350  1.299  0.191  1.893  -7.074e-01   1.673e+00   2.189e-01   2.164e+00  10  sdss  5637  82S  1 
    0  53640.395148  1  22.612  0.213  0.037  0.184   3.184e+00   6.228e-01   1.094e-01   5.427e-01  14  sdss  5646  82S  1 
    0  53640.391831  2  23.049  0.399  0.025  0.229   2.094e+00   8.045e-01   5.176e-02   4.776e-01  14  sdss  5646  82S  1 
   32  53640.392660  3  23.255  0.684  0.133  0.360   1.550e+00   1.224e+00   2.463e-01   6.672e-01  14  sdss  5646  82S  1 
   32  53640.394319  4  22.458  0.709  0.073  0.601   1.863e+00   3.863e+00   3.782e-01   3.107e+00  14  sdss  5646  82S  1 
    0  53640.393490  0  22.721  0.645  0.075  0.966   3.066e+00   1.661e+00   2.106e-01   2.709e+00  10  sdss  5646  82S  1 
 1164  53646.456721  1  22.376  0.323  0.324  0.172   3.972e+00   1.151e+00   1.184e+00   6.282e-01  14  sdss  5681  82S  1 
   12  53646.453404  2  22.948  0.593  0.640  0.216   2.315e+00   1.253e+00   1.457e+00   4.915e-01  14  sdss  5681  82S  1 
    4  53646.454233  3  21.323  0.210  0.107  0.072   1.052e+01   2.025e+00   1.041e+00   7.042e-01  14  sdss  5681  82S  1 
    4  53646.455892  4  21.073  0.802  0.182  0.293   1.287e+01   9.154e+00   2.334e+00   3.753e+00  14  sdss  5681  82S  1 
    4  53646.455062  0  21.509  0.443  0.069  0.462   9.600e+00   3.486e+00   5.737e-01   3.831e+00  10  sdss  5681  82S  1 
    0  53655.367735  1  22.813  0.210  0.035  0.168   2.633e+00   5.111e-01   8.755e-02   4.145e-01  14  sdss  5713  82S  1 
    0  53655.364417  2  22.867  0.332  0.127  0.186   2.506e+00   7.899e-01   3.097e-01   4.533e-01  14  sdss  5713  82S  1 
    0  53655.365247  3  22.616  0.405  0.041  0.192   3.081e+00   1.205e+00   1.276e-01   5.897e-01  14  sdss  5713  82S  1 
   32  53655.366905  4  22.537  0.711  0.266  0.518   1.459e+00   3.812e+00   1.346e+00   2.619e+00  14  sdss  5713  82S  1 
    0  53655.366076  0  22.433  0.437  0.077  0.699   4.044e+00   1.506e+00   2.783e-01   2.520e+00  10  sdss  5713  82S  1 
    1  53657.275951  1  27.613  1.984  0.576  0.697  -3.149e+00   3.531e+00   1.683e+00   2.038e+00  14  sdss  5730  82S  1 
   35  53657.272634  2  23.786  1.742  0.375  1.670   9.358e-01   2.242e+00   4.399e-01   1.961e+00  14  sdss  5730  82S  1 
   35  53657.273463  3  22.528  1.027  0.651  0.915   3.362e+00   2.854e+00   2.161e+00   3.035e+00  14  sdss  5730  82S  1 
    2  53657.275122  4  22.965  1.383  0.453  2.467  -6.451e-01   8.742e+00   2.224e+00   1.212e+01  14  sdss  5730  82S  1 
    1  53663.457562  1  22.811  0.733  0.094  0.180   2.638e+00   1.602e+00   2.332e-01   4.458e-01  14  sdss  5745  82S  1 
   33  53663.454245  2  23.637  1.192  0.231  0.384   1.121e+00   1.462e+00   3.010e-01   5.008e-01  14  sdss  5745  82S  1 
    1  53663.455074  3  22.655  0.574  0.088  0.198   2.963e+00   1.603e+00   2.613e-01   5.907e-01  14  sdss  5745  82S  1 
    0  53663.456732  4  22.881  0.834  0.079  0.531  -2.343e-01   4.480e+00   3.846e-01   2.590e+00  14  sdss  5745  82S  1 
   33  53663.455903  0  24.167  2.307  0.749  2.666   5.002e-01   4.364e+00   7.935e-01   2.825e+00  10  sdss  5745  82S  1 
    9  53664.393124  1  22.763  0.464  0.514  0.162   2.762e+00   1.134e+00   1.325e+00   4.179e-01  14  sdss  5754  82S  1 
    9  53664.389807  2  22.387  0.341  0.167  0.094   3.962e+00   1.234e+00   6.213e-01   3.498e-01  14  sdss  5754  82S  1 
 1049  53664.390636  3  22.571  0.478  1.689  0.140   3.222e+00   1.458e+00   5.403e+00   4.466e-01  14  sdss  5754  82S  1 
   32  53664.392295  4  21.962  0.651  0.206  0.333   4.720e+00   4.217e+00   1.349e+00   2.179e+00  14  sdss  5754  82S  1 
   33  53664.391465  0  23.382  1.650  0.087  1.273   1.554e+00   2.640e+00   1.434e-01   2.099e+00  10  sdss  5754  82S  1 
   33  53665.457483  1  23.192  0.733  0.057  0.273   1.829e+00   1.160e+00   1.012e-01   4.821e-01  14  sdss  5760  82S  1 
    1  53665.454166  2  22.718  0.417  0.084  0.139   2.892e+00   1.110e+00   2.332e-01   3.855e-01  14  sdss  5760  82S  1 
    1  53665.454995  3  22.411  0.422  0.117  0.131   3.769e+00   1.487e+00   4.286e-01   4.815e-01  14  sdss  5760  82S  1 
    1  53665.456653  4  21.822  0.704  0.165  0.303   5.675e+00   4.903e+00   1.181e+00   2.164e+00  14  sdss  5760  82S  1 
    1  53665.455824  0  23.427  1.849  0.129  1.610   1.477e+00   3.075e+00   2.059e-01   2.569e+00  10  sdss  5760  82S  1 
   35  53668.446185  1  23.039  0.618  0.118  0.686   2.122e+00   1.146e+00   2.378e-01   1.385e+00  14  sdss  5771  82S  1 
    0  53668.442868  2  22.311  0.329  0.184  0.286   4.256e+00   1.278e+00   7.359e-01   1.143e+00  14  sdss  5771  82S  1 
   32  53668.443697  3  23.595  1.215  1.007  1.301   9.859e-01   1.930e+00   1.503e+00   1.942e+00  14  sdss  5771  82S  1 
    0  53668.445356  4  23.101  0.991  0.704  1.107  -1.320e+00   5.616e+00   3.540e+00   5.564e+00  14  sdss  5771  82S  1 
    3  53668.444526  0  22.220  0.896  0.081  1.545   4.946e+00   3.273e+00   3.542e-01   6.727e+00  10  sdss  5771  82S  1 
 1212  53669.352265  1  22.879  0.671  3.512  0.372   2.473e+00   1.408e+00   8.169e+00   8.643e-01  14  sdss  5776  82S  1 
  160  53669.348948  2  22.701  0.422  0.225  0.490   2.939e+00   1.141e+00   6.332e-01   1.382e+00  14  sdss  5776  82S  1 
  128  53669.349777  3  22.021  0.367  0.278  0.448   5.476e+00   1.838e+00   1.441e+00   2.322e+00  14  sdss  5776  82S  1 
  128  53669.351436  4  22.962  0.908  1.152  1.104  -6.303e-01   4.982e+00   5.660e+00   5.421e+00  14  sdss  5776  82S  1 
    2  53669.350607  0  26.074  1.447  0.488  4.146  -1.781e+00   2.352e+00   8.840e-01   7.504e+00  10  sdss  5776  82S  1 
   32  53670.452203  1  23.000  0.386  0.138  0.290   2.203e+00   7.771e-01   2.891e-01   6.057e-01  14  sdss  5782  82S  1 
    0  53670.448886  2  22.695  0.396  0.162  0.210   2.956e+00   1.081e+00   4.601e-01   5.959e-01  14  sdss  5782  82S  1 
    0  53670.449715  3  22.572  0.497  0.199  0.272   3.219e+00   1.509e+00   6.360e-01   8.684e-01  14  sdss  5782  82S  1 
   32  53670.451373  4  22.741  0.923  0.139  0.773   4.483e-01   5.072e+00   6.816e-01   3.784e+00  14  sdss  5782  82S  1 
   32  53670.450544  0  23.882  1.753  0.350  3.416   8.272e-01   2.637e+00   4.196e-01   4.104e+00  10  sdss  5782  82S  1 
    0  53671.436972  1  22.502  0.197  0.082  0.123   3.530e+00   6.363e-01   2.688e-01   4.012e-01  14  sdss  5786  82S  1 
    0  53671.433655  2  22.615  0.295  0.090  0.122   3.192e+00   8.787e-01   2.748e-01   3.715e-01  14  sdss  5786  82S  1 
    0  53671.434484  3  22.465  0.372  0.057  0.144   3.576e+00   1.262e+00   2.001e-01   5.050e-01  14  sdss  5786  82S  1 
    0  53671.436143  4  21.693  0.536  0.175  0.296   6.640e+00   4.082e+00   1.370e+00   2.317e+00  14  sdss  5786  82S  1 
   40  53671.435313  0  23.716  1.397  0.466  2.010   1.042e+00   1.946e+00   6.150e-01   2.650e+00  10  sdss  5786  82S  1 
   32  53674.336316  1  22.927  0.274  0.052  0.352   2.363e+00   5.984e-01   1.148e-01   7.850e-01  14  sdss  5797  82S  1 
    0  53674.332999  2  22.762  0.345  0.086  0.290   2.772e+00   8.970e-01   2.294e-01   7.749e-01  14  sdss  5797  82S  1 
    0  53674.333828  3  22.393  0.375  0.082  0.262   3.836e+00   1.353e+00   3.061e-01   9.756e-01  14  sdss  5797  82S  1 
    0  53674.335487  4  23.887  0.633  0.488  0.602  -5.988e+00   4.534e+00   3.592e+00   4.433e+00  14  sdss  5797  82S  1 
   32  53674.334657  0  24.092  1.390  0.234  4.396   5.820e-01   1.807e+00   2.549e-01   4.793e+00  10  sdss  5797  82S  1 
   32  53676.426148  1  23.091  0.340  0.040  0.313   2.019e+00   6.378e-01   7.696e-02   6.031e-01  14  sdss  5807  82S  1 
    0  53676.422831  2  22.845  0.357  0.070  0.166   2.560e+00   8.615e-01   1.747e-01   4.121e-01  14  sdss  5807  82S  1 
    0  53676.423661  3  22.926  0.530  0.166  0.197   2.241e+00   1.207e+00   3.950e-01   4.703e-01  14  sdss  5807  82S  1 
    0  53676.425319  4  21.714  0.520  0.216  0.282   6.476e+00   3.910e+00   1.667e+00   2.174e+00  14  sdss  5807  82S  1 
    0  53676.424490  0  22.041  0.377  0.078  0.603   5.854e+00   1.858e+00   4.005e-01   3.085e+00  10  sdss  5807  82S  1 
    0  53679.397953  1  22.575  0.218  0.079  0.305   3.296e+00   6.590e-01   2.412e-01   9.324e-01  14  sdss  5820  82S  1 
    0  53679.394636  2  22.533  0.310  0.086  0.213   3.451e+00   9.897e-01   2.829e-01   6.980e-01  14  sdss  5820  82S  1 
    0  53679.395465  3  22.589  0.530  0.281  0.346   3.165e+00   1.576e+00   8.843e-01   1.088e+00  14  sdss  5820  82S  1 
   32  53679.397124  4  22.356  0.959  0.465  0.915   2.399e+00   5.574e+00   2.489e+00   4.901e+00  14  sdss  5820  82S  1 
   32  53679.396295  0  23.029  1.042  0.187  2.324   2.257e+00   1.955e+00   4.042e-01   5.035e+00  10  sdss  5820  82S  1 
    0  53681.389400  1  22.990  0.257  0.020  0.178   2.224e+00   5.324e-01   4.202e-02   3.748e-01  14  sdss  5836  82S  1 
    0  53681.386083  2  22.822  0.292  0.090  0.118   2.618e+00   7.272e-01   2.274e-01   3.002e-01  14  sdss  5836  82S  1 
    0  53681.386912  3  22.358  0.292  0.038  0.105   3.969e+00   1.100e+00   1.458e-01   4.031e-01  14  sdss  5836  82S  1 
   32  53681.388571  4  22.391  0.633  0.260  0.398   2.213e+00   3.467e+00   1.374e+00   2.105e+00  14  sdss  5836  82S  1 
    0  53681.387742  0  22.699  0.603  0.062  0.729   3.133e+00   1.596e+00   1.769e-01   2.085e+00  10  sdss  5836  82S  1 
   32  53684.350984  1  23.821  0.672  0.208  0.488   9.592e-01   6.709e-01   2.192e-01   5.143e-01  14  sdss  5847  82S  1 
   12  53684.347667  2  22.724  0.544  0.409  0.205   2.875e+00   1.405e+00   1.130e+00   5.674e-01  14  sdss  5847  82S  1 
   36  53684.348496  3  24.215  1.258  0.322  0.616   1.742e-01   1.852e+00   3.846e-01   7.362e-01  14  sdss  5847  82S  1 
    4  53684.350155  4  22.840  1.031  0.155  0.624  -3.449e-02   5.817e+00   7.567e-01   3.042e+00  14  sdss  5847  82S  1 
   12  53684.349326  0  23.201  1.274  1.312  1.850   1.890e+00   2.116e+00   2.481e+00   3.498e+00  10  sdss  5847  82S  1 
   33  53687.292211  1  24.774  2.078  1.728  1.495   2.062e-01   2.128e+00   1.068e+00   9.237e-01  14  sdss  5871  82S  1 
 1049  53687.288895  2  22.377  0.507  2.090  0.198   4.000e+00   1.790e+00   7.865e+00   7.435e-01  14  sdss  5871  82S  1 
   57  53687.289724  3  24.112  1.420  5.626  0.814   2.981e-01   2.218e+00   6.839e+00   9.898e-01  14  sdss  5871  82S  1 
    8  53687.291382  4  21.555  0.748  0.989  0.672   7.774e+00   6.096e+00   8.573e+00   5.830e+00  14  sdss  5871  82S  1 
    1  53687.290553  0  22.529  1.850  0.511  1.149   3.691e+00   4.263e+00   1.694e+00   3.808e+00  10  sdss  5871  82S  1 
   33  53697.346020  1  23.226  0.452  0.117  0.266   1.770e+00   7.410e-01   2.001e-01   4.563e-01  14  sdss  5895  82S  1 
    8  53697.342703  2  22.338  0.219  0.121  0.088   4.149e+00   8.430e-01   4.720e-01   3.450e-01  14  sdss  5895  82S  1 
    0  53697.343532  3  22.968  0.561  0.057  0.215   2.143e+00   1.233e+00   1.309e-01   4.960e-01  14  sdss  5895  82S  1 
    0  53697.345191  4  21.895  0.602  0.172  0.398   5.166e+00   4.040e+00   1.171e+00   2.716e+00  14  sdss  5895  82S  1 
    1  53697.344361  0  22.973  1.006  0.085  1.028   2.388e+00   1.972e+00   1.925e-01   2.330e+00  10  sdss  5895  82S  1 
   32  53700.344793  1  22.852  0.255  0.131  0.297   2.538e+00   5.973e-01   3.120e-01   7.079e-01  14  sdss  5905  82S  1 
    0  53700.341476  2  22.544  0.293  0.084  0.233   3.415e+00   9.306e-01   2.736e-01   7.542e-01  14  sdss  5905  82S  1 
    0  53700.342305  3  22.509  0.471  0.037  0.321   3.425e+00   1.513e+00   1.256e-01   1.082e+00  14  sdss  5905  82S  1 
    0  53700.343964  4  22.970  0.953  0.708  0.921  -6.696e-01   5.288e+00   3.479e+00   4.529e+00  14  sdss  5905  82S  1 
    8  53700.343135  0  22.171  0.437  0.477  1.115   5.180e+00   1.897e+00   2.171e+00   5.074e+00  10  sdss  5905  82S  1 
   40  53705.331007  1  23.219  0.384  0.320  0.505   1.782e+00   6.404e-01   5.526e-01   8.705e-01  14  sdss  5924  82S  1 
    0  53705.327690  2  22.739  0.337  0.149  0.268   2.834e+00   8.937e-01   4.062e-01   7.294e-01  14  sdss  5924  82S  1 
    0  53705.328519  3  22.625  0.471  0.164  0.302   3.053e+00   1.374e+00   5.011e-01   9.211e-01  14  sdss  5924  82S  1 
   32  53705.330177  4  22.022  0.710  0.458  0.589   4.334e+00   4.473e+00   2.887e+00   3.717e+00  14  sdss  5924  82S  1 
   40  53705.329348  0  23.074  1.065  0.662  2.499   2.158e+00   1.936e+00   1.384e+00   5.224e+00  10  sdss  5924  82S  1 
