# SDSS CID:   6187 IAU:          RA: 342.518402 DEC:  -0.984310  (J2000)
# GALAXY_SB [ugriz] = [ 23.68 23.44 22.12 21.71 21.36 ] +/- [  0.35  0.07  0.03  0.03  0.07 ] (asinh mag/square arcsec)
# GALAXY_SB_FLUX [ugriz] = [  1.043E+00  1.420E+00  5.082E+00  7.313E+00  9.502E+00 ] +/- [  4.741E-01  1.034E-01  1.323E-01  1.807E-01  7.392E-01 ] (microJy per square arcsec)
#FLAG  MJD       FILT  MAG     MERR  MSKYERR MGALERR  FLUX       FLUXERR    SKYERR     GALERR    NPRE TELE   RUN  STRIP  IDCCD
   32  53616.267322  1  22.930  0.323  0.214  0.502   2.355e+00   7.016e-01   4.773e-01   1.119e+00  12  sdss  5566  82N  1 
   32  53616.264005  2  22.350  0.244  0.123  0.233   4.104e+00   9.284e-01   4.728e-01   8.999e-01  13  sdss  5566  82N  1 
   32  53616.264835  3  21.684  0.210  0.116  0.172   7.518e+00   1.462e+00   8.128e-01   1.211e+00  14  sdss  5566  82N  1 
  160  53616.266493  4  21.438  0.545  0.313  0.504   8.833e+00   4.904e+00   2.947e+00   4.741e+00  14  sdss  5566  82N  1 
    0  53616.265664  0  23.672  1.307  0.978  3.391   1.103e+00   1.823e+00   1.342e+00   4.654e+00  8  sdss  5566  82N  1 
  160  53623.257542  1  23.546  0.664  0.238  0.532   1.284e+00   8.093e-01   3.122e-01   6.980e-01  12  sdss  5590  82N  1 
 1188  53623.254225  2  22.602  0.843  0.439  0.200   3.232e+00   2.226e+00   1.351e+00   6.156e-01  13  sdss  5590  82N  1 
 1060  53623.255054  3  21.870  0.859  0.778  0.160   6.315e+00   4.315e+00   4.621e+00   9.502e-01  14  sdss  5590  82N  1 
 1164  53623.256713  4  20.850  3.040  7.160  0.490   1.601e+01   4.612e+01   1.101e+02   7.531e+00  14  sdss  5590  82N  1 
   33  53626.243460  1  23.237  0.586  0.208  0.311   1.752e+00   9.292e-01   3.547e-01   5.300e-01  12  sdss  5603  82N  1 
   33  53626.240143  2  22.351  0.299  0.107  0.183   4.100e+00   1.125e+00   4.120e-01   7.058e-01  13  sdss  5603  82N  1 
    0  53626.240973  3  21.950  0.270  0.140  0.136   5.858e+00   1.462e+00   7.732e-01   7.505e-01  14  sdss  5603  82N  1 
   32  53626.242631  4  22.072  0.685  0.226  0.521   4.020e+00   4.202e+00   1.377e+00   3.176e+00  14  sdss  5603  82N  1 
    1  53626.241802  0  23.754  1.424  0.730  1.971   9.905e-01   1.988e+00   9.524e-01   2.572e+00  8  sdss  5603  82N  1 
   33  53628.228416  1  25.066  1.578  0.411  0.842   3.054e-02   1.293e+00   2.425e-01   4.962e-01  12  sdss  5610  82N  1 
   33  53628.225099  2  22.148  0.313  0.074  0.154   4.959e+00   1.411e+00   3.447e-01   7.111e-01  13  sdss  5610  82N  1 
    1  53628.225929  3  21.586  0.220  0.105  0.108   8.237e+00   1.670e+00   8.093e-01   8.282e-01  14  sdss  5610  82N  1 
    0  53628.227587  4  21.637  0.587  0.284  0.409   7.086e+00   4.578e+00   2.298e+00   3.309e+00  14  sdss  5610  82N  1 
    1  53628.226758  0  23.846  1.954  0.900  2.610   8.712e-01   3.193e+00   1.113e+00   3.228e+00  8  sdss  5610  82N  1 
   33  53635.236634  1  23.382  0.589  0.124  0.293   1.517e+00   8.286e-01   1.862e-01   4.404e-01  12  sdss  5622  82N  1 
   32  53635.233318  2  22.761  0.380  0.104  0.214   2.775e+00   9.828e-01   2.770e-01   5.735e-01  13  sdss  5622  82N  1 
    0  53635.234147  3  21.839  0.217  0.059  0.113   6.502e+00   1.310e+00   3.607e-01   6.903e-01  14  sdss  5622  82N  1 
    0  53635.235805  4  21.362  0.386  0.270  0.292   9.577e+00   3.762e+00   2.693e+00   2.921e+00  14  sdss  5622  82N  1 
    1  53635.234976  0  22.678  0.792  0.064  0.875   3.195e+00   2.082e+00   1.906e-01   2.608e+00  8  sdss  5622  82N  1 
    1  53637.229934  1  22.157  0.228  0.155  0.306   4.866e+00   1.007e+00   6.951e-01   1.371e+00  12  sdss  5633  82N  1 
   32  53637.226617  2  22.835  0.500  0.276  0.524   2.583e+00   1.184e+00   6.929e-01   1.313e+00  13  sdss  5633  82N  1 
   32  53637.227446  3  21.926  0.329  0.203  0.313   5.991e+00   1.806e+00   1.145e+00   1.769e+00  14  sdss  5633  82N  1 
   32  53637.229104  4  21.849  0.928  0.877  1.063   5.482e+00   6.334e+00   6.115e+00   7.418e+00  14  sdss  5633  82N  1 
    2  53637.228275  0  26.433  1.133  0.197  2.779  -2.576e+00   2.325e+00   4.861e-01   6.864e+00  8  sdss  5633  82N  1 
   32  53644.221911  1  23.501  0.360  0.061  0.263   1.345e+00   4.775e-01   8.293e-02   3.585e-01  12  sdss  5670  82N  1 
    0  53644.218594  2  22.240  0.172  0.035  0.083   4.551e+00   7.287e-01   1.499e-01   3.517e-01  13  sdss  5670  82N  1 
    0  53644.219423  3  21.552  0.147  0.034  0.064   8.503e+00   1.158e+00   2.671e-01   5.042e-01  14  sdss  5670  82N  1 
    0  53644.221082  4  21.059  0.279  0.059  0.174   1.304e+01   3.516e+00   7.535e-01   2.233e+00  14  sdss  5670  82N  1 
    0  53644.220252  0  24.559  1.163  0.478  2.032   1.030e-01   1.357e+00   4.647e-01   1.978e+00  8  sdss  5670  82N  1 
   32  53654.256146  1  23.217  0.421  0.228  0.399   1.787e+00   7.015e-01   3.949e-01   6.917e-01  12  sdss  5709  82N  1 
 1208  53654.252829  2  22.697  0.374  5.105  0.169   2.952e+00   1.022e+00   1.444e+01   4.783e-01  13  sdss  5709  82N  1 
    0  53654.253658  3  21.635  0.181  0.090  0.079   7.870e+00   1.319e+00   6.585e-01   5.779e-01  14  sdss  5709  82N  1 
   32  53654.255317  4  22.053  0.812  0.522  0.676   4.137e+00   5.052e+00   3.217e+00   4.167e+00  14  sdss  5709  82N  1 
 1160  53654.254488  0  25.822  1.128  0.805  1.941  -1.344e+00   1.641e+00   1.232e+00   2.972e+00  8  sdss  5709  82N  1 
   35  53656.203757  1  24.284  2.005  1.279  1.938   5.405e-01   2.040e+00   9.824e-01   1.489e+00  12  sdss  5719  82N  1 
   33  53656.200441  2  22.431  0.624  0.210  0.462   3.801e+00   2.037e+00   7.547e-01   1.657e+00  13  sdss  5719  82N  1 
   33  53656.201270  3  21.617  0.325  0.210  0.276   8.003e+00   2.363e+00   1.571e+00   2.063e+00  14  sdss  5719  82N  1 
   32  53656.202928  4  21.483  0.849  0.542  0.988   8.412e+00   7.109e+00   4.920e+00   8.974e+00  14  sdss  5719  82N  1 
    3  53656.202099  0  23.253  2.243  0.537  4.086   1.790e+00   4.411e+00   9.937e-01   7.568e+00  8  sdss  5719  82N  1 
   33  53663.216483  1  23.592  0.807  0.196  0.308   1.225e+00   9.264e-01   2.481e-01   3.891e-01  12  sdss  5744  82N  1 
    1  53663.213166  2  21.972  0.170  0.036  0.065   5.845e+00   9.163e-01   1.951e-01   3.515e-01  13  sdss  5744  82N  1 
    0  53663.213995  3  21.456  0.152  0.043  0.061   9.297e+00   1.310e+00   3.682e-01   5.276e-01  14  sdss  5744  82N  1 
    0  53663.215654  4  21.347  0.395  0.135  0.256   9.730e+00   3.886e+00   1.365e+00   2.588e+00  14  sdss  5744  82N  1 
    1  53663.214825  0  23.527  1.547  0.073  1.430   1.318e+00   2.347e+00   1.110e-01   2.164e+00  8  sdss  5744  82N  1 
   32  53668.205599  1  23.403  0.420  0.209  0.635   1.486e+00   5.995e-01   3.095e-01   9.389e-01  12  sdss  5770  82N  1 
    0  53668.202282  2  21.775  0.159  0.062  0.172   7.020e+00   1.027e+00   4.023e-01   1.116e+00  13  sdss  5770  82N  1 
   32  53668.203111  3  21.853  0.258  0.143  0.206   6.417e+00   1.532e+00   8.628e-01   1.242e+00  14  sdss  5770  82N  1 
    0  53668.204769  4  20.977  0.400  0.203  0.364   1.414e+01   5.317e+00   2.798e+00   5.017e+00  14  sdss  5770  82N  1 
    0  53668.203940  0  24.279  1.364  0.715  5.024   3.824e-01   1.725e+00   7.337e-01   5.154e+00  8  sdss  5770  82N  1 
   32  53670.210503  1  23.306  0.349  0.202  0.381   1.637e+00   5.457e-01   3.250e-01   6.113e-01  12  sdss  5781  82N  1 
    0  53670.207186  2  22.143  0.191  0.068  0.164   4.983e+00   8.797e-01   3.140e-01   7.636e-01  13  sdss  5781  82N  1 
    0  53670.208015  3  21.636  0.182  0.073  0.112   7.863e+00   1.324e+00   5.343e-01   8.242e-01  14  sdss  5781  82N  1 
    0  53670.209674  4  21.109  0.355  0.189  0.273   1.241e+01   4.261e+00   2.323e+00   3.354e+00  14  sdss  5781  82N  1 
    0  53670.208845  0  24.044  1.221  0.199  3.077   6.357e-01   1.530e+00   2.227e-01   3.444e+00  8  sdss  5781  82N  1 
   32  53673.177956  1  23.213  0.349  0.240  0.507   1.794e+00   5.903e-01   4.180e-01   8.822e-01  12  sdss  5792  82N  1 
   32  53673.174639  2  22.029  0.179  0.095  0.174   5.542e+00   9.143e-01   4.879e-01   8.958e-01  13  sdss  5792  82N  1 
    0  53673.175468  3  21.400  0.146  0.066  0.107   9.794e+00   1.322e+00   5.993e-01   9.765e-01  14  sdss  5792  82N  1 
   32  53673.177127  4  21.380  0.444  0.271  0.442   9.397e+00   4.235e+00   2.669e+00   4.351e+00  14  sdss  5792  82N  1 
    0  53673.176297  0  23.314  1.010  0.302  2.566   1.674e+00   1.625e+00   5.335e-01   4.532e+00  8  sdss  5792  82N  1 
   32  53675.174992  1  22.976  0.275  0.182  0.384   2.254e+00   5.768e-01   3.903e-01   8.212e-01  12  sdss  5800  82N  1 
   32  53675.171675  2  22.145  0.213  0.114  0.198   4.973e+00   9.755e-01   5.295e-01   9.189e-01  13  sdss  5800  82N  1 
    0  53675.172505  3  21.604  0.189  0.097  0.140   8.101e+00   1.418e+00   7.314e-01   1.059e+00  14  sdss  5800  82N  1 
    0  53675.174163  4  21.017  0.369  0.179  0.355   1.359e+01   4.764e+00   2.388e+00   4.722e+00  14  sdss  5800  82N  1 
  128  53675.173334  0  23.645  1.083  0.495  2.885   1.141e+00   1.487e+00   6.920e-01   4.030e+00  8  sdss  5800  82N  1 
    0  53677.195569  1  23.036  0.245  0.096  0.194   2.127e+00   4.900e-01   1.953e-01   3.934e-01  12  sdss  5813  82N  1 
    0  53677.192253  2  21.974  0.141  0.029  0.077   5.834e+00   7.610e-01   1.591e-01   4.150e-01  13  sdss  5813  82N  1 
    0  53677.193082  3  21.522  0.144  0.043  0.065   8.744e+00   1.167e+00   3.529e-01   5.322e-01  14  sdss  5813  82N  1 
    0  53677.194740  4  21.350  0.354  0.137  0.260   9.699e+00   3.495e+00   1.381e+00   2.622e+00  14  sdss  5813  82N  1 
    0  53677.193911  0  25.994  0.817  0.148  1.293  -1.633e+00   1.321e+00   2.563e-01   2.245e+00  8  sdss  5813  82N  1 
   32  53680.182241  1  23.508  0.403  0.233  0.433   1.336e+00   5.286e-01   3.160e-01   5.857e-01  12  sdss  5823  82N  1 
    0  53680.178924  2  22.101  0.171  0.055  0.125   5.183e+00   8.209e-01   2.636e-01   6.053e-01  13  sdss  5823  82N  1 
    0  53680.179753  3  21.658  0.171  0.045  0.095   7.703e+00   1.218e+00   3.248e-01   6.874e-01  14  sdss  5823  82N  1 
    0  53680.181412  4  20.990  0.290  0.191  0.276   1.397e+01   3.874e+00   2.599e+00   3.755e+00  14  sdss  5823  82N  1 
    8  53680.180583  0  26.002  0.861  0.729  1.941  -1.648e+00   1.393e+00   1.274e+00   3.391e+00  8  sdss  5823  82N  1 
   33  53693.182868  1  22.985  0.594  0.138  0.262   2.234e+00   1.163e+00   2.920e-01   5.568e-01  12  sdss  5878  82N  1 
    1  53693.179551  2  22.133  0.236  0.044  0.117   5.029e+00   1.089e+00   2.071e-01   5.488e-01  13  sdss  5878  82N  1 
    0  53693.180381  3  21.431  0.168  0.082  0.094   9.516e+00   1.475e+00   7.300e-01   8.294e-01  14  sdss  5878  82N  1 
    0  53693.182039  4  20.996  0.327  0.171  0.282   1.388e+01   4.330e+00   2.315e+00   3.827e+00  14  sdss  5878  82N  1 
    1  53693.181210  0  25.455  1.909  0.394  2.973  -8.336e-01   3.055e+00   4.794e-01   3.616e+00  8  sdss  5878  82N  1 
   32  53698.179779  1  23.191  0.371  0.174  0.390   1.832e+00   6.383e-01   3.085e-01   6.912e-01  12  sdss  5898  82N  1 
   32  53698.176463  2  22.384  0.505  0.122  0.195   3.975e+00   1.773e+00   4.547e-01   7.282e-01  13  sdss  5898  82N  1 
    0  53698.177292  3  21.682  0.226  0.073  0.127   7.532e+00   1.568e+00   5.146e-01   8.918e-01  14  sdss  5898  82N  1 
    0  53698.178950  4  21.046  0.439  0.165  0.354   1.321e+01   5.474e+00   2.146e+00   4.599e+00  14  sdss  5898  82N  1 
 1152  53698.178121  0  23.348  1.242  0.483  2.727   1.614e+00   1.948e+00   8.325e-01   4.696e+00  8  sdss  5898  82N  1 
  132  53699.203178  1  22.916  0.470  0.284  0.232   2.386e+00   1.005e+00   6.411e-01   5.225e-01  12  sdss  5902  82N  1 
 1212  53699.199861  2  22.822  0.783  2.296  0.219   2.616e+00   1.751e+00   5.815e+00   5.545e-01  13  sdss  5902  82N  1 
    4  53699.200691  3  21.392  0.226  0.139  0.083   9.867e+00   2.047e+00   1.279e+00   7.594e-01  14  sdss  5902  82N  1 
    4  53699.202349  4  23.603  1.295  0.807  0.506  -4.082e+00   8.602e+00   4.952e+00   3.102e+00  14  sdss  5902  82N  1 
 1164  53699.201520  0  26.816  0.843  0.759  0.923  -3.739e+00   2.497e+00   2.610e+00   3.172e+00  8  sdss  5902  82N  1 
   34  53702.175253  3  21.118  0.269  0.276  0.498   1.272e+01   3.113e+00   3.250e+00   5.875e+00  14  sdss  5909  82N  1 
 1156  53702.176911  4  24.897  2.619  2.063  1.824  -1.733e+01   3.381e+01   3.407e+01   3.012e+01  14  sdss  5909  82N  1 
    0  53704.165065  1  23.197  0.319  0.090  0.313   1.822e+00   5.500e-01   1.587e-01   5.525e-01  12  sdss  5918  82N  1 
    0  53704.161748  2  21.957  0.153  0.037  0.104   5.927e+00   8.354e-01   2.048e-01   5.708e-01  13  sdss  5918  82N  1 
    0  53704.162578  3  21.576  0.171  0.064  0.103   8.315e+00   1.314e+00   4.982e-01   7.993e-01  14  sdss  5918  82N  1 
   32  53704.164236  4  22.289  0.749  0.453  0.678   2.763e+00   4.273e+00   2.485e+00   3.720e+00  14  sdss  5918  82N  1 
    0  53704.163407  0  25.220  1.250  0.272  3.099  -5.604e-01   1.560e+00   2.962e-01   3.370e+00  8  sdss  5918  82N  1 
