# SDSS CID:   8722 IAU:          RA:   8.987440 DEC:  -0.681026  (J2000)
# GALAXY_SB [ugriz] = [ 23.80 23.53 22.84 22.11 21.56 ] +/- [  0.34  0.07  0.04  0.03  0.07 ] (asinh mag/square arcsec)
# GALAXY_SB_FLUX [ugriz] = [  8.880E-01  1.301E+00  2.578E+00  5.027E+00  7.697E+00 ] +/- [  4.251E-01  9.373E-02  1.080E-01  1.342E-01  5.606E-01 ] (microJy per square arcsec)
#FLAG  MJD       FILT  MAG     MERR  MSKYERR MGALERR  FLUX       FLUXERR    SKYERR     GALERR    NPRE TELE   RUN  STRIP  IDCCD
   32  53622.353564  1  24.128  0.868  0.976  1.360   6.671e-01   7.206e-01   8.325e-01   1.160e+00  11  sdss  5582  82S  2 
   32  53622.350247  2  22.626  0.338  0.260  0.322   3.161e+00   9.920e-01   7.843e-01   9.707e-01  12  sdss  5582  82S  2 
   32  53622.351076  3  22.648  0.473  0.286  0.283   2.984e+00   1.356e+00   8.578e-01   8.490e-01  12  sdss  5582  82S  2 
   32  53622.352735  4  22.151  0.879  0.632  0.780   3.549e+00   5.314e+00   3.696e+00   4.563e+00  11  sdss  5582  82S  2 
   12  53622.351906  0  22.056  0.415  0.572  1.075   5.772e+00   2.142e+00   3.087e+00   5.804e+00  8  sdss  5582  82S  2 
    1  53627.310662  1  22.758  0.350  0.147  0.178   2.773e+00   8.935e-01   3.882e-01   4.679e-01  11  sdss  5607  82S  2 
   32  53627.307345  2  23.388  0.677  0.169  0.301   1.478e+00   9.997e-01   2.666e-01   4.744e-01  12  sdss  5607  82S  2 
   32  53627.308174  3  23.399  0.768  0.117  0.324   1.296e+00   1.265e+00   1.964e-01   5.455e-01  12  sdss  5607  82S  2 
   32  53627.309833  4  21.386  0.455  0.185  0.309   9.334e+00   4.302e+00   1.809e+00   3.022e+00  11  sdss  5607  82S  2 
    9  53627.309003  0  25.397  1.543  0.800  2.052  -7.630e-01   2.161e+00   9.569e-01   2.455e+00  8  sdss  5607  82S  2 
   33  53634.303340  1  22.932  0.755  0.197  0.320   2.351e+00   1.500e+00   4.436e-01   7.207e-01  11  sdss  5619  82S  2 
    1  53634.300023  2  25.878  1.389  0.554  0.794  -1.007e+00   1.676e+00   6.780e-01   9.710e-01  12  sdss  5619  82S  2 
   32  53634.300852  3  23.118  0.832  0.347  0.417   1.817e+00   1.599e+00   7.118e-01   8.565e-01  12  sdss  5619  82S  2 
   32  53634.302511  4  21.919  0.623  0.297  0.413   5.002e+00   4.100e+00   1.979e+00   2.753e+00  11  sdss  5619  82S  2 
 1153  53634.301682  0  22.401  1.235  0.352  0.915   4.170e+00   3.694e+00   1.392e+00   3.619e+00  8  sdss  5619  82S  2 
   32  53640.308761  1  23.287  0.437  0.096  0.569   1.667e+00   6.915e-01   1.588e-01   9.398e-01  11  sdss  5646  82S  2 
 1192  53640.305444  2  22.866  0.400  0.455  0.289   2.508e+00   9.416e-01   1.112e+00   7.053e-01  12  sdss  5646  82S  2 
   32  53640.306273  3  23.574  0.862  0.444  0.624   1.018e+00   1.317e+00   6.703e-01   9.426e-01  12  sdss  5646  82S  2 
    0  53640.307932  4  23.201  0.803  0.214  0.721  -1.828e+00   4.433e+00   1.100e+00   3.713e+00  11  sdss  5646  82S  2 
   36  53640.307102  0  22.952  1.082  0.092  1.859   2.441e+00   2.224e+00   2.247e-01   4.547e+00  8  sdss  5646  82S  2 
   33  53655.280620  1  23.062  0.570  0.303  0.491   2.075e+00   1.064e+00   6.087e-01   9.863e-01  11  sdss  5713  82S  2 
   32  53655.277302  2  23.570  1.040  0.228  0.756   1.210e+00   1.317e+00   3.126e-01   1.036e+00  12  sdss  5713  82S  2 
    0  53655.278132  3  25.056  1.052  0.710  0.796  -8.789e-01   1.593e+00   1.020e+00   1.142e+00  12  sdss  5713  82S  2 
  160  53655.279790  4  21.964  0.915  0.415  0.852   4.702e+00   5.937e+00   2.688e+00   5.527e+00  11  sdss  5713  82S  2 
    3  53655.278961  0  22.272  0.808  0.166  1.514   4.712e+00   3.095e+00   7.378e-01   6.725e+00  8  sdss  5713  82S  2 
    9  53664.305142  1  22.676  0.439  0.736  0.216   2.996e+00   1.184e+00   2.084e+00   6.124e-01  11  sdss  5754  82S  2 
 1049  53664.301825  2  22.537  0.403  3.186  0.156   3.441e+00   1.263e+00   1.040e+01   5.078e-01  12  sdss  5754  82S  2 
   40  53664.302654  3  22.498  0.428  0.615  0.187   3.462e+00   1.402e+00   2.097e+00   6.365e-01  12  sdss  5754  82S  2 
   32  53664.304313  4  21.382  0.467  0.245  0.273   9.374e+00   4.429e+00   2.410e+00   2.676e+00  11  sdss  5754  82S  2 
    1  53664.303483  0  22.496  1.078  0.437  0.847   3.809e+00   3.135e+00   1.588e+00   3.080e+00  8  sdss  5754  82S  2 
    0  53669.264450  1  22.590  0.169  0.046  0.134   3.248e+00   5.121e-01   1.399e-01   4.118e-01  11  sdss  5776  82S  2 
    0  53669.261134  2  22.731  0.282  0.050  0.124   2.859e+00   7.605e-01   1.381e-01   3.405e-01  12  sdss  5776  82S  2 
   32  53669.261963  3  22.293  0.276  0.074  0.084   4.226e+00   1.103e+00   3.000e-01   3.420e-01  12  sdss  5776  82S  2 
   32  53669.263621  4  22.354  0.682  0.096  0.379   2.412e+00   3.791e+00   5.127e-01   2.026e+00  11  sdss  5776  82S  2 
   40  53669.262792  0  23.675  1.047  0.595  1.457   1.098e+00   1.436e+00   8.333e-01   2.040e+00  8  sdss  5776  82S  2 
   32  53671.349052  1  23.148  0.449  0.277  0.441   1.910e+00   7.990e-01   5.153e-01   8.215e-01  11  sdss  5786  82S  2 
   32  53671.345736  2  22.610  0.333  0.187  0.182   3.209e+00   9.920e-01   5.725e-01   5.560e-01  12  sdss  5786  82S  2 
   32  53671.346565  3  23.908  0.962  0.343  0.532   5.534e-01   1.353e+00   4.421e-01   6.861e-01  12  sdss  5786  82S  2 
  128  53671.348223  4  21.148  0.478  0.215  0.275   1.194e+01   5.439e+00   2.556e+00   3.273e+00  11  sdss  5786  82S  2 
   44  53671.347394  0  22.855  1.249  1.201  1.699   2.689e+00   2.658e+00   3.191e+00   4.515e+00  8  sdss  5786  82S  2 
    0  53674.248250  1  22.786  0.220  0.052  0.225   2.700e+00   5.573e-01   1.340e-01   5.778e-01  11  sdss  5797  82S  2 
   32  53674.244933  2  23.176  0.480  0.078  0.324   1.842e+00   8.612e-01   1.470e-01   6.064e-01  12  sdss  5797  82S  2 
   32  53674.245763  3  22.464  0.344  0.159  0.178   3.580e+00   1.176e+00   5.589e-01   6.240e-01  12  sdss  5797  82S  2 
    0  53674.247421  4  23.077  0.720  0.547  0.588  -1.201e+00   3.834e+00   2.732e+00   2.940e+00  11  sdss  5797  82S  2 
   32  53674.246592  0  22.578  0.579  0.123  0.959   3.521e+00   1.815e+00   4.174e-01   3.244e+00  8  sdss  5797  82S  2 
   32  53676.337566  1  23.431  0.366  0.029  0.240   1.445e+00   5.196e-01   4.283e-02   3.511e-01  11  sdss  5807  82S  2 
   40  53676.334249  2  23.476  0.635  0.485  0.210   1.344e+00   8.873e-01   7.138e-01   3.094e-01  12  sdss  5807  82S  2 
    0  53676.335078  3  22.448  0.303  0.093  0.081   3.636e+00   1.055e+00   3.321e-01   2.898e-01  12  sdss  5807  82S  2 
   32  53676.336737  4  22.481  0.621  0.042  0.292   1.744e+00   3.316e+00   2.150e-01   1.495e+00  11  sdss  5807  82S  2 
    0  53676.335907  0  22.583  0.625  0.108  0.584   3.505e+00   1.929e+00   3.619e-01   1.966e+00  8  sdss  5807  82S  2 
   32  53679.309224  1  23.080  0.325  0.156  0.400   2.039e+00   6.259e-01   3.088e-01   7.901e-01  11  sdss  5820  82S  2 
   32  53679.305907  2  22.956  0.490  0.269  0.339   2.296e+00   1.052e+00   6.068e-01   7.664e-01  12  sdss  5820  82S  2 
   32  53679.306737  3  23.051  0.662  0.425  0.344   1.958e+00   1.355e+00   9.171e-01   7.428e-01  12  sdss  5820  82S  2 
    0  53679.308395  4  24.022  0.649  0.259  0.480  -7.034e+00   5.009e+00   2.080e+00   3.863e+00  11  sdss  5820  82S  2 
   32  53679.307566  0  23.133  1.098  0.181  1.750   2.030e+00   1.998e+00   3.809e-01   3.681e+00  8  sdss  5820  82S  2 
   32  53681.300998  1  23.144  0.325  0.163  0.251   1.917e+00   5.923e-01   3.049e-01   4.695e-01  11  sdss  5836  82S  2 
  184  53681.297681  2  23.027  0.481  0.870  0.190   2.141e+00   9.735e-01   1.849e+00   4.031e-01  12  sdss  5836  82S  2 
   36  53681.298510  3  22.818  0.605  0.279  0.154   2.510e+00   1.480e+00   7.257e-01   4.004e-01  12  sdss  5836  82S  2 
    0  53681.300168  4  23.870  0.627  0.339  0.319  -5.860e+00   4.420e+00   2.450e+00   2.307e+00  11  sdss  5836  82S  2 
    4  53681.299339  0  22.544  0.639  0.141  0.680   3.638e+00   2.030e+00   4.906e-01   2.368e+00  8  sdss  5836  82S  2 
   33  53685.259728  1  22.630  1.130  0.718  0.411   3.128e+00   2.571e+00   2.119e+00   1.214e+00  11  sdss  5853  82S  2 
   33  53685.256411  2  22.635  0.705  0.452  0.207   3.134e+00   1.886e+00   1.353e+00   6.199e-01  12  sdss  5853  82S  2 
   33  53685.257240  3  21.956  0.366  0.261  0.138   5.823e+00   1.946e+00   1.437e+00   7.586e-01  12  sdss  5853  82S  2 
  160  53685.258899  4  21.737  0.756  0.425  0.479   6.300e+00   5.473e+00   3.195e+00   3.604e+00  11  sdss  5853  82S  2 
   33  53685.258069  0  24.217  2.459  1.592  4.634   4.466e-01   5.031e+00   1.675e+00   4.877e+00  8  sdss  5853  82S  2 
    0  53697.256903  1  22.857  0.271  0.139  0.203   2.525e+00   6.403e-01   3.339e-01   4.895e-01  11  sdss  5895  82S  2 
    0  53697.253586  2  22.419  0.226  0.027  0.095   3.847e+00   8.092e-01   9.954e-02   3.442e-01  12  sdss  5895  82S  2 
   32  53697.254415  3  22.401  0.315  0.160  0.115   3.806e+00   1.141e+00   5.950e-01   4.259e-01  12  sdss  5895  82S  2 
    0  53697.256074  4  23.000  0.706  0.115  0.451  -8.190e-01   3.719e+00   5.685e-01   2.224e+00  11  sdss  5895  82S  2 
  132  53697.255244  0  22.378  0.499  0.038  0.626   4.262e+00   1.896e+00   1.522e-01   2.528e+00  8  sdss  5895  82S  2 
   32  53700.255553  1  22.778  0.254  0.069  0.321   2.721e+00   6.459e-01   1.778e-01   8.305e-01  11  sdss  5905  82S  2 
   32  53700.252236  2  22.542  0.309  0.044  0.240   3.425e+00   9.818e-01   1.424e-01   7.787e-01  12  sdss  5905  82S  2 
   32  53700.253066  3  23.297  0.748  0.349  0.432   1.474e+00   1.302e+00   6.300e-01   7.782e-01  12  sdss  5905  82S  2 
   32  53700.254724  4  22.268  0.823  0.358  0.666   2.880e+00   4.768e+00   1.983e+00   3.687e+00  11  sdss  5905  82S  2 
   32  53700.253895  0  22.539  0.699  0.100  1.318   3.656e+00   2.196e+00   3.507e-01   4.614e+00  8  sdss  5905  82S  2 
    0  53705.241572  1  22.643  0.200  0.075  0.194   3.091e+00   5.785e-01   2.187e-01   5.669e-01  11  sdss  5924  82S  2 
   32  53705.238256  2  22.991  0.375  0.171  0.211   2.218e+00   7.967e-01   3.755e-01   4.618e-01  12  sdss  5924  82S  2 
   32  53705.239085  3  22.282  0.274  0.100  0.114   4.271e+00   1.107e+00   4.100e-01   4.693e-01  12  sdss  5924  82S  2 
   40  53705.240743  4  22.378  0.611  0.505  0.447   2.282e+00   3.345e+00   2.675e+00   2.371e+00  11  sdss  5924  82S  2 
   32  53705.239914  0  24.100  1.339  0.218  2.439   5.727e-01   1.721e+00   2.403e-01   2.690e+00  8  sdss  5924  82S  2 
