# SDSS CID:  10848 IAU:          RA: 336.765411 DEC:  -0.206838  (J2000)
# GALAXY_SB [ugriz] = [ 22.17 19.98 18.92 18.42 18.03 ] +/- [  0.00  0.00  0.00  0.00  0.00 ] (asinh mag/square arcsec)
# GALAXY_SB_FLUX [ugriz] = [  5.052E+00  3.625E+01  9.798E+01  1.534E+02  2.204E+02 ] +/- [  0.000E+00  0.000E+00  0.000E+00  0.000E+00  0.000E+00 ] (microJy per square arcsec)
#FLAG  MJD       FILT  MAG     MERR  MSKYERR MGALERR  FLUX       FLUXERR    SKYERR     GALERR    NPRE TELE   RUN  STRIP  IDCCD
  256  53616.251112  1  27.824  0.316  0.253  0.000  -3.836e+00   1.093e+00   9.007e-01   0.000e+00  20  sdss  5566  82N  3 
  256  53616.247795  2  26.624  0.785  0.274  0.000  -2.242e+00   1.546e+00   6.068e-01   0.000e+00  18  sdss  5566  82N  3 
  256  53616.248624  3  27.908  0.141  0.047  0.000  -1.682e+01   2.180e+00   7.235e-01   0.000e+00  22  sdss  5566  82N  3 
  256  53616.250283  4  24.213  0.889  0.077  0.000  -8.699e+00   7.638e+00   7.245e-01   0.000e+00  23  sdss  5566  82N  3 
  288  53616.249453  0  23.070  1.219  0.291  0.000   2.166e+00   2.221e+00   6.266e-01   0.000e+00  10  sdss  5566  82N  3 
  288  53622.264266  1  23.392  0.732  0.789  0.000   1.502e+00   9.905e-01   1.178e+00   0.000e+00  20  sdss  5582  82S  3 
  256  53622.260948  2  26.940  0.531  0.486  0.000  -3.047e+00   1.450e+00   1.418e+00   0.000e+00  18  sdss  5582  82S  3 
  256  53622.261778  3  27.206  0.270  0.223  0.000  -8.778e+00   2.163e+00   1.828e+00   0.000e+00  22  sdss  5582  82S  3 
  256  53622.263436  4  24.418  0.696  0.270  0.000  -1.078e+01   7.133e+00   3.001e+00   0.000e+00  23  sdss  5582  82S  3 
  416  53622.262607  0  22.678  0.816  0.612  0.000   3.197e+00   2.142e+00   1.834e+00   0.000e+00  10  sdss  5582  82S  3 
  256  53623.241270  1  26.320  0.968  0.397  0.000  -8.614e-01   8.892e-01   3.896e-01   0.000e+00  20  sdss  5590  82N  3 
  256  53623.237953  2  26.941  0.461  0.101  0.000  -3.050e+00   1.280e+00   2.945e-01   0.000e+00  18  sdss  5590  82N  3 
  256  53623.238783  3  26.269  0.542  0.087  0.000  -3.612e+00   1.798e+00   3.076e-01   0.000e+00  22  sdss  5590  82N  3 
  256  53623.240441  4  24.285  0.611  0.135  0.000  -9.393e+00   5.757e+00   1.347e+00   0.000e+00  23  sdss  5590  82N  3 
  264  53623.239612  0  24.917  1.339  0.999  0.000  -2.459e-01   1.664e+00   9.918e-01   0.000e+00  10  sdss  5590  82N  3 
  256  53625.260367  1  25.197  1.006  0.613  0.000  -4.671e-02   6.816e-01   3.623e-01   0.000e+00  20  sdss  5597  82S  3 
  256  53625.257050  2  26.873  0.365  0.160  0.000  -2.857e+00   9.727e-01   4.395e-01   0.000e+00  18  sdss  5597  82S  3 
  256  53625.257879  3  25.466  0.781  0.260  0.000  -1.545e+00   1.387e+00   4.818e-01   0.000e+00  22  sdss  5597  82S  3 
  288  53625.259537  4  21.143  0.347  0.113  0.000   1.200e+01   4.108e+00   1.374e+00   0.000e+00  23  sdss  5597  82S  3 
  416  53625.258708  0  23.805  1.048  0.170  0.000   9.239e-01   1.354e+00   2.158e-01   0.000e+00  10  sdss  5597  82S  3 
  281  53626.227581  1  26.834  0.788  1.417  0.000  -1.486e+00   1.045e+00   2.097e+00   0.000e+00  20  sdss  5603  82N  3 
  265  53626.224264  2  27.549  0.297  0.347  0.000  -5.410e+00   1.465e+00   1.749e+00   0.000e+00  18  sdss  5603  82N  3 
  256  53626.225093  3  26.856  0.319  0.087  0.000  -6.327e+00   1.851e+00   5.196e-01   0.000e+00  22  sdss  5603  82N  3 
  392  53626.226751  4  24.295  0.620  0.661  0.000  -9.493e+00   5.874e+00   6.648e+00   0.000e+00  23  sdss  5603  82N  3 
  289  53626.225922  0  23.965  1.531  0.559  0.000   7.271e-01   2.119e+00   6.511e-01   0.000e+00  10  sdss  5603  82N  3 
  257  53627.221531  1  25.860  1.521  1.101  0.000  -4.717e-01   1.287e+00   8.030e-01   0.000e+00  20  sdss  5607  82S  3 
  257  53627.218214  2  27.139  0.413  0.206  0.000  -3.682e+00   1.380e+00   7.178e-01   0.000e+00  18  sdss  5607  82S  3 
  288  53627.219043  3  23.301  1.063  0.687  0.000   1.466e+00   1.839e+00   1.234e+00   0.000e+00  22  sdss  5607  82S  3 
  256  53627.220701  4  23.809  0.816  0.252  0.000  -5.432e+00   5.581e+00   1.764e+00   0.000e+00  23  sdss  5607  82S  3 
  257  53627.219872  0  24.698  1.764  1.025  0.000  -3.152e-02   2.567e+00   9.933e-01   0.000e+00  10  sdss  5607  82S  3 
  257  53628.212521  1  27.710  0.624  0.215  0.000  -3.449e+00   1.816e+00   6.894e-01   0.000e+00  20  sdss  5610  82N  3 
  257  53628.209204  2  27.872  0.319  0.108  0.000  -7.305e+00   2.103e+00   7.294e-01   0.000e+00  18  sdss  5610  82N  3 
  257  53628.210034  3  27.915  0.163  0.051  0.000  -1.693e+01   2.528e+00   8.046e-01   0.000e+00  22  sdss  5610  82N  3 
  256  53628.211692  4  24.956  0.432  0.188  0.000  -1.835e+01   7.318e+00   3.329e+00   0.000e+00  23  sdss  5610  82N  3 
  289  53628.210863  0  22.501  1.849  0.740  0.000   3.789e+00   4.410e+00   2.587e+00   0.000e+00  10  sdss  5610  82N  3 
  291  53634.213444  1  23.435  1.911  2.381  0.000   1.438e+00   2.249e+00   3.428e+00   0.000e+00  20  sdss  5619  82S  3 
  259  53634.210127  2  28.365  0.218  0.272  0.000  -1.153e+01   2.294e+00   2.895e+00   0.000e+00  18  sdss  5619  82S  3 
  386  53634.210956  3  28.167  0.170  0.319  0.000  -2.136e+01   3.328e+00   6.289e+00   0.000e+00  22  sdss  5619  82S  3 
  258  53634.212614  4  24.727  0.785  0.657  0.000  -1.469e+01   1.005e+01   9.506e+00   0.000e+00  23  sdss  5619  82S  3 
  419  53634.211785  0  22.426  2.094  1.297  0.000   4.071e+00   5.162e+00   4.846e+00   0.000e+00  10  sdss  5619  82S  3 
  257  53635.220684  1  27.418  0.411  0.080  0.000  -2.619e+00   9.704e-01   1.968e-01   0.000e+00  20  sdss  5622  82N  3 
  256  53635.217366  2  27.705  0.244  0.071  0.000  -6.256e+00   1.394e+00   4.153e-01   0.000e+00  18  sdss  5622  82N  3 
  256  53635.218196  3  27.511  0.164  0.037  0.000  -1.165e+01   1.755e+00   3.993e-01   0.000e+00  22  sdss  5622  82N  3 
  256  53635.219854  4  25.345  0.213  0.043  0.000  -2.652e+01   5.275e+00   1.087e+00   0.000e+00  23  sdss  5622  82N  3 
  289  53635.219025  0  24.278  1.578  0.553  0.000   3.835e-01   2.153e+00   5.684e-01   0.000e+00  10  sdss  5622  82N  3 
  289  53636.218841  1  24.388  1.275  0.924  0.000   4.628e-01   1.009e+00   6.695e-01   0.000e+00  20  sdss  5628  82S  3 
  288  53636.215524  2  24.367  1.193  0.936  0.000   3.570e-01   1.191e+00   8.089e-01   0.000e+00  18  sdss  5628  82S  3 
  264  53636.216353  3  27.233  0.194  0.213  0.000  -9.000e+00   1.610e+00   1.784e+00   0.000e+00  22  sdss  5628  82S  3 
  256  53636.218012  4  24.468  0.470  0.157  0.000  -1.135e+01   5.223e+00   1.826e+00   0.000e+00  23  sdss  5628  82S  3 
  289  53636.217182  0  23.383  1.263  0.472  0.000   1.553e+00   1.954e+00   7.953e-01   0.000e+00  10  sdss  5628  82S  3 
  256  53637.213547  1  27.506  0.411  0.181  0.000  -2.847e+00   1.051e+00   4.812e-01   0.000e+00  20  sdss  5633  82N  3 
  256  53637.210230  2  27.959  0.221  0.098  0.000  -7.918e+00   1.603e+00   7.178e-01   0.000e+00  18  sdss  5633  82N  3 
  256  53637.211059  3  27.180  0.290  0.076  0.000  -8.567e+00   2.267e+00   6.075e-01   0.000e+00  22  sdss  5633  82N  3 
  256  53637.212718  4  25.043  0.397  0.115  0.000  -1.994e+01   7.313e+00   2.197e+00   0.000e+00  23  sdss  5633  82N  3 
  288  53637.211888  0  23.032  1.146  0.711  0.000   2.252e+00   2.157e+00   1.579e+00   0.000e+00  10  sdss  5633  82N  3 
  256  53644.205891  1  27.307  0.328  0.065  0.000  -2.359e+00   7.126e-01   1.446e-01   0.000e+00  20  sdss  5670  82N  3 
  256  53644.202574  2  28.240  0.118  0.018  0.000  -1.027e+01   1.112e+00   1.748e-01   0.000e+00  18  sdss  5670  82N  3 
  256  53644.203403  3  27.680  0.128  0.023  0.000  -1.362e+01   1.607e+00   2.865e-01   0.000e+00  22  sdss  5670  82N  3 
  256  53644.205062  4  24.721  0.343  0.073  0.000  -1.460e+01   4.804e+00   1.050e+00   0.000e+00  23  sdss  5670  82N  3 
  288  53644.204233  0  23.848  1.165  0.099  0.000   8.692e-01   1.511e+00   1.227e-01   0.000e+00  10  sdss  5670  82N  3 
  288  53648.260638  1  24.166  1.149  1.110  0.000   6.350e-01   9.490e-01   9.174e-01   0.000e+00  20  sdss  5698  82S  3 
  256  53648.257322  2  27.195  0.527  0.563  0.000  -3.882e+00   1.803e+00   2.063e+00   0.000e+00  18  sdss  5698  82S  3 
  256  53648.258151  3  28.082  0.134  0.126  0.000  -1.975e+01   2.435e+00   2.294e+00   0.000e+00  22  sdss  5698  82S  3 
  256  53648.259809  4  24.570  0.564  0.334  0.000  -1.258e+01   6.696e+00   4.222e+00   0.000e+00  23  sdss  5698  82S  3 
  420  53648.258980  0  24.278  1.600  0.977  0.000   3.835e-01   2.201e+00   1.003e+00   0.000e+00  10  sdss  5698  82S  3 
  257  53654.239635  1  27.926  0.215  0.058  0.000  -4.219e+00   8.265e-01   2.262e-01   0.000e+00  20  sdss  5709  82N  3 
  256  53654.236319  2  28.018  0.167  0.037  0.000  -8.363e+00   1.283e+00   2.849e-01   0.000e+00  18  sdss  5709  82N  3 
  256  53654.237148  3  27.926  0.110  0.028  0.000  -1.710e+01   1.727e+00   4.500e-01   0.000e+00  22  sdss  5709  82N  3 
  256  53654.238806  4  22.849  0.994  0.486  0.000  -7.788e-02   5.555e+00   2.370e+00   0.000e+00  23  sdss  5709  82N  3 
  289  53654.237977  0  23.241  1.014  0.185  0.000   1.810e+00   1.705e+00   3.463e-01   0.000e+00  10  sdss  5709  82N  3 
  289  53655.190144  1  24.736  1.736  2.396  0.000   2.299e-01   1.532e+00   1.498e+00   0.000e+00  20  sdss  5713  82S  3 
  289  53655.186827  2  23.927  1.567  1.924  0.000   7.772e-01   1.869e+00   2.064e+00   0.000e+00  18  sdss  5713  82S  3 
  256  53655.187656  3  27.179  0.347  0.389  0.000  -8.559e+00   2.685e+00   3.107e+00   0.000e+00  22  sdss  5713  82S  3 
  288  53655.189315  4  21.570  0.875  0.629  0.000   7.643e+00   6.994e+00   5.410e+00   0.000e+00  23  sdss  5713  82S  3 
  289  53655.188486  0  21.520  0.463  0.258  0.000   9.504e+00   3.714e+00   2.185e+00   0.000e+00  10  sdss  5713  82S  3 
  387  53656.187234  1  28.046  0.599  0.315  0.000  -4.717e+00   2.376e+00   1.372e+00   0.000e+00  20  sdss  5719  82N  3 
  257  53656.183918  2  27.888  0.335  0.100  0.000  -7.414e+00   2.232e+00   6.867e-01   0.000e+00  18  sdss  5719  82N  3 
  257  53656.184747  3  28.001  0.173  0.057  0.000  -1.833e+01   2.907e+00   9.614e-01   0.000e+00  22  sdss  5719  82N  3 
  416  53656.186405  4  22.241  1.416  0.903  0.000   3.034e+00   9.411e+00   5.088e+00   0.000e+00  23  sdss  5719  82N  3 
  259  53656.185576  0  26.254  2.210  1.326  0.000  -2.149e+00   4.435e+00   2.835e+00   0.000e+00  10  sdss  5719  82N  3 
  257  53663.199918  1  27.941  0.240  0.032  0.000  -4.279e+00   9.348e-01   1.252e-01   0.000e+00  20  sdss  5744  82N  3 
  257  53663.196601  2  27.895  0.170  0.019  0.000  -7.462e+00   1.169e+00   1.348e-01   0.000e+00  18  sdss  5744  82N  3 
  256  53663.197430  3  27.591  0.135  0.022  0.000  -1.255e+01   1.566e+00   2.571e-01   0.000e+00  22  sdss  5744  82N  3 
  288  53663.199089  4  22.290  0.805  0.044  0.000   2.756e+00   4.635e+00   2.420e-01   0.000e+00  23  sdss  5744  82N  3 
  257  53663.198259  0  25.454  1.520  0.458  0.000  -8.330e-01   2.125e+00   5.586e-01   0.000e+00  10  sdss  5744  82N  3 
  289  53664.214281  1  22.588  0.504  0.410  0.000   3.256e+00   1.433e+00   1.243e+00   0.000e+00  20  sdss  5754  82S  3 
  289  53664.210965  2  23.952  1.595  1.526  0.000   7.506e-01   1.909e+00   1.613e+00   0.000e+00  18  sdss  5754  82S  3 
  288  53664.211794  3  21.761  0.328  0.215  0.000   6.994e+00   2.089e+00   1.413e+00   0.000e+00  22  sdss  5754  82S  3 
  256  53664.213452  4  24.840  0.399  0.082  0.000  -1.639e+01   6.144e+00   1.304e+00   0.000e+00  23  sdss  5754  82S  3 
 1441  53664.212623  0  21.672  0.538  0.412  0.000   8.253e+00   3.684e+00   3.040e+00   0.000e+00  10  sdss  5754  82S  3 
  288  53666.177621  1  23.659  0.639  0.466  0.000   1.143e+00   7.193e-01   5.576e-01   0.000e+00  20  sdss  5763  82S  3 
  288  53666.174305  2  22.403  0.326  0.140  0.000   3.904e+00   1.168e+00   5.165e-01   0.000e+00  18  sdss  5763  82S  3 
  288  53666.175134  3  21.518  0.210  0.118  0.000   8.775e+00   1.701e+00   9.639e-01   0.000e+00  22  sdss  5763  82S  3 
  288  53666.176792  4  20.632  0.283  0.064  0.000   1.974e+01   5.263e+00   1.217e+00   0.000e+00  23  sdss  5763  82S  3 
  416  53666.175963  0  22.713  0.556  0.260  0.000   3.090e+00   1.512e+00   7.544e-01   0.000e+00  10  sdss  5763  82S  3 
  256  53668.189433  1  27.961  0.230  0.103  0.000  -4.359e+00   9.123e-01   4.155e-01   0.000e+00  20  sdss  5770  82N  3 
  256  53668.186117  2  27.736  0.251  0.065  0.000  -6.438e+00   1.479e+00   3.914e-01   0.000e+00  18  sdss  5770  82N  3 
  256  53668.186946  3  27.917  0.136  0.041  0.000  -1.696e+01   2.123e+00   6.482e-01   0.000e+00  22  sdss  5770  82N  3 
  256  53668.188604  4  24.252  0.759  0.299  0.000  -9.071e+00   6.819e+00   2.903e+00   0.000e+00  23  sdss  5770  82N  3 
  416  53668.187775  0  22.048  0.377  0.132  0.000   5.811e+00   1.907e+00   6.935e-01   0.000e+00  10  sdss  5770  82N  3 
  256  53669.173400  1  26.167  0.843  0.634  0.000  -7.187e-01   7.179e-01   5.590e-01   0.000e+00  20  sdss  5776  82S  3 
  288  53669.170084  2  22.480  0.351  0.194  0.000   3.630e+00   1.169e+00   6.658e-01   0.000e+00  18  sdss  5776  82S  3 
  288  53669.170913  3  23.217  0.915  0.440  0.000   1.621e+00   1.650e+00   8.393e-01   0.000e+00  22  sdss  5776  82S  3 
  288  53669.172571  4  20.922  0.358  0.056  0.000   1.493e+01   5.103e+00   8.226e-01   0.000e+00  23  sdss  5776  82S  3 
  288  53669.171742  0  23.301  0.965  0.424  0.000   1.698e+00   1.575e+00   7.589e-01   0.000e+00  10  sdss  5776  82S  3 
  256  53670.193903  1  27.698  0.268  0.115  0.000  -3.409e+00   8.334e-01   3.658e-01   0.000e+00  20  sdss  5781  82N  3 
  256  53670.190586  2  28.187  0.159  0.055  0.000  -9.779e+00   1.424e+00   4.981e-01   0.000e+00  18  sdss  5781  82N  3 
  256  53670.191416  3  26.694  0.397  0.195  0.000  -5.432e+00   1.964e+00   1.004e+00   0.000e+00  22  sdss  5781  82N  3 
  288  53670.193074  4  21.338  0.597  0.159  0.000   9.825e+00   5.821e+00   1.645e+00   0.000e+00  23  sdss  5781  82N  3 
  288  53670.192245  0  23.926  1.327  0.112  0.000   7.735e-01   1.747e+00   1.331e-01   0.000e+00  10  sdss  5781  82N  3 
  290  53671.257926  1  22.626  0.571  1.206  0.000   3.141e+00   1.542e+00   3.531e+00   0.000e+00  20  sdss  5786  82S  3 
  258  53671.254609  2  28.101  0.249  0.391  0.000  -9.031e+00   2.046e+00   3.270e+00   0.000e+00  18  sdss  5786  82S  3 
  418  53671.255438  3  21.398  0.371  0.750  0.000   9.810e+00   3.260e+00   6.839e+00   0.000e+00  22  sdss  5786  82S  3 
  258  53671.257097  4  23.562  1.491  1.728  0.000  -3.832e+00   1.036e+01   1.043e+01   0.000e+00  23  sdss  5786  82S  3 
  290  53671.256268  0  21.778  0.833  1.091  0.000   7.478e+00   4.729e+00   7.315e+00   0.000e+00  10  sdss  5786  82S  3 
  256  53673.161768  1  26.832  0.621  0.260  0.000  -1.483e+00   8.525e-01   3.843e-01   0.000e+00  20  sdss  5792  82N  3 
  256  53673.158451  2  27.614  0.274  0.087  0.000  -5.748e+00   1.438e+00   4.634e-01   0.000e+00  18  sdss  5792  82N  3 
  256  53673.159281  3  27.884  0.132  0.048  0.000  -1.645e+01   2.001e+00   7.246e-01   0.000e+00  22  sdss  5792  82N  3 
  256  53673.160939  4  24.622  0.482  0.219  0.000  -1.325e+01   6.064e+00   2.897e+00   0.000e+00  23  sdss  5792  82N  3 
  288  53673.160110  0  22.981  0.844  0.327  0.000   2.369e+00   1.738e+00   7.574e-01   0.000e+00  10  sdss  5792  82N  3 
  288  53674.157018  1  22.734  0.320  0.307  0.000   2.838e+00   8.276e-01   8.162e-01   0.000e+00  20  sdss  5797  82S  3 
  256  53674.153701  2  27.637  0.239  0.169  0.000  -5.873e+00   1.287e+00   9.267e-01   0.000e+00  18  sdss  5797  82S  3 
  256  53674.154530  3  26.324  0.532  0.319  0.000  -3.810e+00   1.853e+00   1.182e+00   0.000e+00  22  sdss  5797  82S  3 
  256  53674.156189  4  24.932  0.310  0.056  0.000  -1.791e+01   5.237e+00   9.735e-01   0.000e+00  23  sdss  5797  82S  3 
  416  53674.155360  0  23.069  0.950  0.661  0.000   2.168e+00   1.801e+00   1.424e+00   0.000e+00  10  sdss  5797  82S  3 
  256  53675.158370  1  27.375  0.353  0.136  0.000  -2.514e+00   8.112e-01   3.223e-01   0.000e+00  20  sdss  5800  82N  3 
  256  53675.155053  2  27.565  0.259  0.068  0.000  -5.492e+00   1.302e+00   3.479e-01   0.000e+00  18  sdss  5800  82N  3 
  256  53675.155883  3  26.985  0.274  0.069  0.000  -7.142e+00   1.800e+00   4.603e-01   0.000e+00  22  sdss  5800  82N  3 
  256  53675.157541  4  24.711  0.407  0.106  0.000  -1.446e+01   5.594e+00   1.514e+00   0.000e+00  23  sdss  5800  82N  3 
  288  53675.156712  0  23.522  1.131  0.223  0.000   1.324e+00   1.639e+00   3.398e-01   0.000e+00  10  sdss  5800  82N  3 
  288  53676.246262  1  22.424  0.221  0.150  0.000   3.797e+00   7.689e-01   5.271e-01   0.000e+00  20  sdss  5807  82S  3 
  288  53676.242945  2  21.859  0.198  0.098  0.000   6.493e+00   1.184e+00   5.888e-01   0.000e+00  18  sdss  5807  82S  3 
  256  53676.243775  3  24.829  1.070  0.534  0.000  -5.697e-01   1.544e+00   6.921e-01   0.000e+00  22  sdss  5807  82S  3 
  256  53676.245433  4  23.986  0.581  0.102  0.000  -6.742e+00   4.453e+00   8.086e-01   0.000e+00  23  sdss  5807  82S  3 
  416  53676.244604  0  24.198  1.388  0.555  0.000   4.667e-01   1.784e+00   5.846e-01   0.000e+00  10  sdss  5807  82S  3 
  256  53677.179368  1  27.870  0.189  0.052  0.000  -4.004e+00   6.930e-01   1.938e-01   0.000e+00  20  sdss  5813  82N  3 
  256  53677.176051  2  27.983  0.151  0.031  0.000  -8.096e+00   1.127e+00   2.315e-01   0.000e+00  18  sdss  5813  82N  3 
  256  53677.176880  3  27.942  0.097  0.017  0.000  -1.736e+01   1.554e+00   2.797e-01   0.000e+00  22  sdss  5813  82N  3 
  256  53677.178538  4  25.090  0.224  0.078  0.000  -2.085e+01   4.414e+00   1.559e+00   0.000e+00  23  sdss  5813  82N  3 
  256  53677.177709  0  25.525  1.104  0.061  0.000  -9.220e-01   1.436e+00   7.784e-02   0.000e+00  10  sdss  5813  82N  3 
  288  53679.217824  1  23.908  1.067  1.225  0.000   8.690e-01   9.805e-01   1.211e+00   0.000e+00  20  sdss  5820  82S  3 
  256  53679.214509  2  28.793  0.097  0.089  0.000  -1.711e+01   1.524e+00   1.399e+00   0.000e+00  18  sdss  5820  82S  3 
  256  53679.215339  3  27.400  0.215  0.193  0.000  -1.051e+01   2.077e+00   1.885e+00   0.000e+00  22  sdss  5820  82S  3 
  256  53679.216995  4  24.998  0.364  0.215  0.000  -1.909e+01   6.480e+00   3.946e+00   0.000e+00  23  sdss  5820  82S  3 
  416  53679.216168  0  23.519  1.456  0.739  0.000   1.329e+00   2.180e+00   1.127e+00   0.000e+00  10  sdss  5820  82S  3 
  256  53680.165600  1  27.849  0.210  0.072  0.000  -3.927e+00   7.537e-01   2.602e-01   0.000e+00  20  sdss  5823  82N  3 
  256  53680.162284  2  27.578  0.245  0.053  0.000  -5.559e+00   1.249e+00   2.736e-01   0.000e+00  18  sdss  5823  82N  3 
  256  53680.163113  3  27.557  0.150  0.035  0.000  -1.216e+01   1.685e+00   3.950e-01   0.000e+00  22  sdss  5823  82N  3 
  256  53680.164771  4  24.929  0.287  0.024  0.000  -1.786e+01   4.855e+00   4.136e-01   0.000e+00  23  sdss  5823  82N  3 
  256  53680.163942  0  25.887  1.050  0.152  0.000  -1.449e+00   1.577e+00   2.451e-01   0.000e+00  10  sdss  5823  82N  3 
  288  53681.209115  1  23.346  0.498  0.312  0.000   1.572e+00   7.349e-01   4.834e-01   0.000e+00  20  sdss  5836  82S  3 
  288  53681.205798  2  24.438  1.151  0.714  0.000   2.963e-01   1.126e+00   6.029e-01   0.000e+00  18  sdss  5836  82S  3 
  384  53681.206627  3  26.013  0.554  0.276  0.000  -2.801e+00   1.484e+00   7.828e-01   0.000e+00  22  sdss  5836  82S  3 
  288  53681.208285  4  22.771  0.790  0.310  0.000   3.001e-01   4.204e+00   1.513e+00   0.000e+00  23  sdss  5836  82S  3 
  296  53681.207456  0  22.680  0.545  0.265  0.000   3.191e+00   1.528e+00   7.935e-01   0.000e+00  10  sdss  5836  82S  3 
  265  53685.168160  1  26.073  1.831  3.707  0.000  -6.377e-01   1.769e+00   3.070e+00   0.000e+00  20  sdss  5853  82S  3 
  289  53685.164843  2  24.714  1.600  1.085  0.000   7.041e-02   1.795e+00   8.700e-01   0.000e+00  18  sdss  5853  82S  3 
  417  53685.165672  3  21.248  0.226  0.136  0.000   1.128e+01   2.327e+00   1.421e+00   0.000e+00  22  sdss  5853  82S  3 
  256  53685.167330  4  24.791  0.402  0.173  0.000  -1.563e+01   5.925e+00   2.647e+00   0.000e+00  23  sdss  5853  82S  3 
  385  53685.166501  0  21.884  0.735  0.221  0.000   6.775e+00   3.919e+00   1.343e+00   0.000e+00  10  sdss  5853  82S  3 
  259  53686.231968  1  25.767  2.394  2.234  0.000  -4.049e-01   2.889e+00   1.553e+00   0.000e+00  20  sdss  5865  82N  3 
  257  53686.228651  2  26.999  1.164  0.433  0.000  -3.224e+00   2.783e+00   1.330e+00   0.000e+00  18  sdss  5865  82N  3 
  257  53686.229480  3  27.719  0.241  0.073  0.000  -1.412e+01   3.101e+00   9.593e-01   0.000e+00  22  sdss  5865  82N  3 
  256  53686.231139  4  25.232  0.434  0.292  0.000  -2.385e+01   9.380e+00   6.619e+00   0.000e+00  23  sdss  5865  82N  3 
  259  53686.230310  0  27.720  1.425  0.705  0.000  -8.731e+00   7.493e+00   5.500e+00   0.000e+00  10  sdss  5865  82N  3 
  257  53687.206128  1  26.792  1.604  0.794  0.000  -1.425e+00   1.839e+00   1.135e+00   0.000e+00  20  sdss  5870  82S  3 
  257  53687.202812  2  28.045  0.239  0.147  0.000  -8.575e+00   1.865e+00   1.163e+00   0.000e+00  18  sdss  5870  82S  3 
  289  53687.203641  3  20.811  0.161  0.114  0.000   1.689e+01   2.493e+00   1.776e+00   0.000e+00  22  sdss  5870  82S  3 
  256  53687.205299  4  23.522  0.967  0.337  0.000  -3.590e+00   5.951e+00   1.988e+00   0.000e+00  23  sdss  5870  82S  3 
  289  53687.204470  0  21.817  1.176  0.225  0.000   7.211e+00   5.684e+00   1.453e+00   0.000e+00  10  sdss  5870  82S  3 
  257  53693.166198  1  28.035  0.281  0.054  0.000  -4.670e+00   1.185e+00   2.326e-01   0.000e+00  20  sdss  5878  82N  3 
  257  53693.162882  2  27.997  0.185  0.031  0.000  -8.202e+00   1.389e+00   2.338e-01   0.000e+00  18  sdss  5878  82N  3 
  256  53693.163711  3  27.977  0.108  0.014  0.000  -1.793e+01   1.790e+00   2.361e-01   0.000e+00  22  sdss  5878  82N  3 
  256  53693.165369  4  24.955  0.303  0.107  0.000  -1.833e+01   5.236e+00   1.897e+00   0.000e+00  23  sdss  5878  82N  3 
  257  53693.164540  0  24.886  1.813  1.187  0.000  -2.150e-01   2.701e+00   1.172e+00   0.000e+00  10  sdss  5878  82N  3 
  260  53697.164637  1  26.867  0.867  0.701  0.000  -1.537e+00   1.159e+00   1.068e+00   0.000e+00  20  sdss  5895  82S  3 
  260  53697.161320  2  28.041  0.255  0.203  0.000  -8.543e+00   1.981e+00   1.603e+00   0.000e+00  18  sdss  5895  82S  3 
  260  53697.162149  3  25.878  0.957  0.515  0.000  -2.438e+00   2.153e+00   1.309e+00   0.000e+00  22  sdss  5895  82S  3 
  260  53697.163808  4  25.016  0.386  0.131  0.000  -1.943e+01   6.953e+00   2.443e+00   0.000e+00  23  sdss  5895  82S  3 
  420  53697.162978  0  22.208  0.605  0.450  0.000   5.005e+00   2.516e+00   2.046e+00   0.000e+00  10  sdss  5895  82S  3 
 1412  53698.163105  1  27.518  1.646  1.132  0.000  -2.879e+00   2.940e+00   3.050e+00   0.000e+00  20  sdss  5898  82N  3 
 1317  53698.159788  2  20.376  4.494  1.168  0.000   2.556e+01   3.733e+01   2.750e+01   0.000e+00  18  sdss  5898  82N  3 
 1412  53698.160617  3  30.870  0.102  0.012  0.000  -2.578e+02   2.426e+01   2.780e+00   0.000e+00  22  sdss  5898  82N  3 
 1284  53698.162276  4  25.856  1.103  0.396  0.000  -4.272e+01   3.366e+01   1.579e+01   0.000e+00  23  sdss  5898  82N  3 
 1316  53698.161446  0  21.996  3.311  1.629  0.000   6.102e+00   1.252e+01   8.953e+00   0.000e+00  10  sdss  5898  82N  3 
 1412  53699.186503  1  27.687  1.421  0.850  0.000  -3.375e+00   3.093e+00   2.668e+00   0.000e+00  20  sdss  5902  82N  3 
 1308  53699.183186  2  28.485  0.314  1.120  0.000  -1.288e+01   3.638e+00   1.331e+01   0.000e+00  18  sdss  5902  82N  3 
 1412  53699.184016  3  27.605  1.462  0.568  0.000  -1.271e+01   1.135e+01   6.696e+00   0.000e+00  22  sdss  5902  82N  3 
 1284  53699.185674  4  24.248  2.563  0.597  0.000  -9.032e+00   2.921e+01   5.789e+00   0.000e+00  23  sdss  5902  82N  3 
 1412  53699.184845  0  27.343  1.982  0.995  0.000  -6.151e+00   6.459e+00   5.515e+00   0.000e+00  10  sdss  5902  82N  3 
  256  53700.163239  1  26.832  0.569  0.423  0.000  -1.483e+00   7.891e-01   6.258e-01   0.000e+00  20  sdss  5905  82S  3 
  256  53700.159922  2  27.533  0.276  0.216  0.000  -5.330e+00   1.344e+00   1.074e+00   0.000e+00  18  sdss  5905  82S  3 
  256  53700.160751  3  25.162  1.133  0.765  0.000  -1.036e+00   1.791e+00   1.164e+00   0.000e+00  22  sdss  5905  82S  3 
  288  53700.162410  4  20.575  0.271  0.141  0.000   2.084e+01   5.298e+00   2.808e+00   0.000e+00  23  sdss  5905  82S  3 
  288  53700.161580  0  22.699  0.652  0.222  0.000   3.133e+00   1.754e+00   6.522e-01   0.000e+00  10  sdss  5905  82S  3 
  258  53702.161065  1  28.368  0.239  0.343  0.000  -6.360e+00   1.372e+00   2.003e+00   0.000e+00  20  sdss  5909  82N  3 
  258  53702.157748  2  28.106  0.294  0.334  0.000  -9.073e+00   2.414e+00   2.803e+00   0.000e+00  18  sdss  5909  82N  3 
  258  53702.158577  3  28.599  0.115  0.163  0.000  -3.182e+01   3.368e+00   4.800e+00   0.000e+00  22  sdss  5909  82N  3 
  258  53702.160236  4  24.761  0.896  0.679  0.000  -1.518e+01   1.146e+01   1.011e+01   0.000e+00  23  sdss  5909  82N  3 
  256  53702.159406  0  27.200  1.299  0.169  0.000  -5.379e+00   4.592e+00   8.205e-01   0.000e+00  10  sdss  5909  82N  3 
  256  53704.148818  1  28.199  0.168  0.061  0.000  -5.438e+00   8.347e-01   3.057e-01   0.000e+00  20  sdss  5918  82N  3 
  256  53704.145501  2  28.058  0.158  0.037  0.000  -8.679e+00   1.257e+00   2.993e-01   0.000e+00  18  sdss  5918  82N  3 
  256  53704.146331  3  27.062  0.262  0.052  0.000  -7.675e+00   1.844e+00   3.718e-01   0.000e+00  22  sdss  5918  82N  3 
  256  53704.147989  4  25.025  0.309  0.134  0.000  -1.960e+01   5.673e+00   2.522e+00   0.000e+00  23  sdss  5918  82N  3 
  256  53704.147160  0  26.129  0.991  0.043  0.000  -1.887e+00   1.712e+00   8.239e-02   0.000e+00  10  sdss  5918  82N  3 
  256  53705.149620  1  25.199  1.238  1.584  0.000  -4.791e-02   8.984e-01   9.348e-01   0.000e+00  20  sdss  5924  82S  3 
  256  53705.146303  2  27.353  0.327  0.261  0.000  -4.504e+00   1.343e+00   1.102e+00   0.000e+00  18  sdss  5924  82S  3 
  256  53705.147133  3  26.992  0.286  0.200  0.000  -7.188e+00   1.886e+00   1.343e+00   0.000e+00  22  sdss  5924  82S  3 
  256  53705.148791  4  24.557  0.460  0.087  0.000  -1.241e+01   5.509e+00   1.088e+00   0.000e+00  23  sdss  5924  82S  3 
  416  53705.147962  0  22.207  0.491  0.274  0.000   5.010e+00   2.101e+00   1.244e+00   0.000e+00  10  sdss  5924  82S  3 
