# SDSS CID:  20583 IAU:          RA: 347.479004 DEC:   0.129612  (J2000)
# GALAXY_SB [ugriz] = [ 24.92 24.49 24.34 23.77 22.60 ] +/- [  0.43  0.12  0.11  0.10  0.12 ] (asinh mag/square arcsec)
# GALAXY_SB_FLUX [ugriz] = [ -2.766E-01  3.903E-01  3.773E-01  7.419E-01  1.109E+00 ] +/- [  4.268E-01  8.439E-02  9.541E-02  1.302E-01  5.901E-01 ] (microJy per square arcsec)
#FLAG  MJD       FILT  MAG     MERR  MSKYERR MGALERR  FLUX       FLUXERR    SKYERR     GALERR    NPRE TELE   RUN  STRIP  IDCCD
    0  54357.249071  1  23.110  0.277  0.141  0.261   1.982e+00   5.178e-01   2.679e-01   4.981e-01  11  sdss  6955  82S  4 
    0  54357.245754  2  23.256  0.454  0.054  0.263   1.696e+00   7.641e-01   9.423e-02   4.595e-01  11  sdss  6955  82S  4 
    0  54357.246583  3  22.828  0.484  0.195  0.244   2.484e+00   1.188e+00   4.978e-01   6.243e-01  11  sdss  6955  82S  4 
   32  54357.248241  4  22.627  0.793  0.252  0.651   1.010e+00   4.267e+00   1.250e+00   3.233e+00  11  sdss  6955  82S  4 
    4  54357.247412  0  22.591  0.578  0.054  0.929   3.478e+00   1.741e+00   1.744e-01   3.019e+00  6  sdss  6955  82S  4 
    8  54362.298734  1  22.971  0.236  0.168  0.215   2.266e+00   5.014e-01   3.619e-01   4.626e-01  11  sdss  6976  82S  4 
    0  54362.295417  2  23.514  0.566  0.175  0.286   1.288e+00   7.743e-01   2.492e-01   4.080e-01  11  sdss  6976  82S  4 
    0  54362.296246  3  22.607  0.396  0.095  0.143   3.110e+00   1.179e+00   2.923e-01   4.398e-01  11  sdss  6976  82S  4 
    0  54362.297905  4  21.408  0.450  0.121  0.233   9.123e+00   4.187e+00   1.168e+00   2.234e+00  11  sdss  6976  82S  4 
    4  54362.297075  0  23.040  0.824  0.128  1.166   2.231e+00   1.638e+00   2.842e-01   2.582e+00  6  sdss  6976  82S  4 
    1  54376.307269  1  22.607  0.212  0.065  0.114   3.199e+00   6.243e-01   1.941e-01   3.407e-01  11  sdss  7013  82S  4 
    0  54376.303952  2  22.937  0.381  0.089  0.156   2.338e+00   8.446e-01   2.041e-01   3.577e-01  11  sdss  7013  82S  4 
    0  54376.304781  3  22.516  0.388  0.129  0.130   3.404e+00   1.249e+00   4.296e-01   4.331e-01  11  sdss  7013  82S  4 
   32  54376.306439  4  22.593  0.756  0.141  0.368   1.177e+00   4.055e+00   7.056e-01   1.835e+00  11  sdss  7013  82S  4 
    5  54376.305610  0  23.705  1.318  0.034  1.431   1.056e+00   1.828e+00   4.583e-02   1.934e+00  6  sdss  7013  82S  4 
    0  54379.288370  1  22.862  0.213  0.066  0.168   2.514e+00   4.998e-01   1.564e-01   3.976e-01  11  sdss  7024  82S  4 
    0  54379.285053  2  23.223  0.422  0.088  0.205   1.755e+00   7.335e-01   1.583e-01   3.674e-01  11  sdss  7024  82S  4 
    0  54379.285883  3  23.207  0.612  0.233  0.257   1.640e+00   1.127e+00   4.446e-01   4.904e-01  11  sdss  7024  82S  4 
    0  54379.287541  4  23.171  0.655  0.305  0.384  -1.675e+00   3.505e+00   1.556e+00   1.964e+00  11  sdss  7024  82S  4 
   12  54379.286712  0  22.549  0.519  0.298  0.657   3.618e+00   1.642e+00   1.005e+00   2.212e+00  6  sdss  7024  82S  4 
  128  54385.296219  1  23.067  0.299  0.085  0.375   2.066e+00   5.785e-01   1.690e-01   7.408e-01  11  sdss  7051  82S  4 
    0  54385.292902  2  23.334  0.562  0.213  0.415   1.566e+00   8.769e-01   3.497e-01   6.822e-01  11  sdss  7051  82S  4 
    0  54385.293731  3  23.043  0.575  0.300  0.297   1.977e+00   1.188e+00   6.475e-01   6.398e-01  11  sdss  7051  82S  4 
  128  54385.295390  4  21.010  0.338  0.247  0.278   1.370e+01   4.399e+00   3.295e+00   3.711e+00  11  sdss  7051  82S  4 
    4  54385.294561  0  22.537  0.527  0.022  0.729   3.661e+00   1.682e+00   7.352e-02   2.482e+00  6  sdss  7051  82S  4 
    0  54387.296521  1  23.086  0.295  0.074  0.319   2.028e+00   5.627e-01   1.442e-01   6.207e-01  11  sdss  7057  82S  4 
    0  54387.293204  2  22.354  0.232  0.050  0.148   4.090e+00   8.770e-01   1.900e-01   5.654e-01  11  sdss  7057  82S  4 
    0  54387.294033  3  22.519  0.405  0.094  0.215   3.394e+00   1.294e+00   3.127e-01   7.129e-01  11  sdss  7057  82S  4 
    0  54387.295692  4  24.381  0.456  0.287  0.336  -1.038e+01   4.658e+00   3.049e+00   3.566e+00  11  sdss  7057  82S  4 
    4  54387.294863  0  26.086  1.179  0.141  1.995  -1.804e+00   1.959e+00   2.650e-01   3.746e+00  6  sdss  7057  82S  4 
    8  54392.290880  1  23.056  0.280  0.262  0.330   2.088e+00   5.483e-01   5.224e-01   6.585e-01  11  sdss  7076  82S  4 
    0  54392.287563  2  23.912  0.851  0.390  0.638   7.940e-01   9.128e-01   4.218e-01   6.900e-01  11  sdss  7076  82S  4 
    0  54392.288392  3  22.694  0.467  0.224  0.257   2.850e+00   1.279e+00   6.385e-01   7.356e-01  11  sdss  7076  82S  4 
   32  54392.290051  4  21.841  0.699  0.197  0.645   5.537e+00   4.782e+00   1.377e+00   4.515e+00  11  sdss  7076  82S  4 
    0  54392.289222  0  22.098  0.397  0.077  0.698   5.549e+00   1.922e+00   3.903e-01   3.523e+00  6  sdss  7076  82S  4 
    3  54394.278713  1  22.373  0.458  0.453  0.308   3.982e+00   1.598e+00   1.670e+00   1.135e+00  11  sdss  7084  82S  4 
    1  54394.275396  2  22.921  0.896  0.508  0.478   2.375e+00   1.790e+00   1.177e+00   1.109e+00  11  sdss  7084  82S  4 
    8  54394.276225  3  22.540  0.665  1.594  0.383   3.324e+00   1.983e+00   5.189e+00   1.247e+00  11  sdss  7084  82S  4 
   32  54394.277883  4  22.688  1.128  1.308  1.286   7.096e-01   6.572e+00   6.437e+00   6.324e+00  11  sdss  7084  82S  4 
    3  54394.277054  0  22.899  2.012  0.368  2.302   2.574e+00   4.042e+00   9.186e-01   5.736e+00  6  sdss  7084  82S  4 
    1  54402.288444  1  22.205  0.376  0.080  0.156   4.656e+00   1.557e+00   3.428e-01   6.686e-01  11  sdss  7101  82S  4 
    1  54402.285128  2  22.971  0.675  0.176  0.238   2.262e+00   1.370e+00   3.922e-01   5.293e-01  11  sdss  7101  82S  4 
    0  54402.285957  3  23.131  0.855  0.349  0.342   1.791e+00   1.616e+00   7.050e-01   6.906e-01  11  sdss  7101  82S  4 
   32  54402.287615  4  22.049  0.898  0.573  0.705   4.164e+00   5.636e+00   3.533e+00   4.350e+00  11  sdss  7101  82S  4 
    1  54402.286786  0  22.560  2.129  0.060  1.157   3.583e+00   4.953e+00   2.005e-01   3.865e+00  6  sdss  7101  82S  4 
    0  54408.202447  1  22.788  0.202  0.068  0.151   2.696e+00   5.075e-01   1.716e-01   3.821e-01  11  sdss  7127  82S  4 
    8  54408.199130  2  22.561  0.239  0.095  0.079   3.362e+00   7.489e-01   3.011e-01   2.514e-01  11  sdss  7127  82S  4 
    0  54408.199960  3  22.989  0.586  0.135  0.157   2.094e+00   1.255e+00   3.034e-01   3.537e-01  11  sdss  7127  82S  4 
    4  54408.201618  4  21.426  0.423  0.045  0.161   8.950e+00   3.895e+00   4.254e-01   1.526e+00  11  sdss  7127  82S  4 
    4  54408.200789  0  22.902  0.717  0.065  0.695   2.566e+00   1.619e+00   1.612e-01   1.728e+00  6  sdss  7127  82S  4 
    0  54411.160230  1  23.172  0.256  0.024  0.147   1.866e+00   4.555e-01   4.397e-02   2.654e-01  11  sdss  7136  82S  4 
    0  54411.156913  2  23.176  0.382  0.039  0.131   1.842e+00   6.934e-01   7.305e-02   2.439e-01  11  sdss  7136  82S  4 
    0  54411.157742  3  22.242  0.271  0.046  0.078   4.438e+00   1.124e+00   1.936e-01   3.308e-01  11  sdss  7136  82S  4 
   32  54411.159401  4  22.071  0.599  0.237  0.248   4.027e+00   3.658e+00   1.444e+00   1.513e+00  11  sdss  7136  82S  4 
   12  54411.158571  0  22.460  0.414  0.108  0.484   3.940e+00   1.449e+00   3.945e-01   1.763e+00  6  sdss  7136  82S  4 
    0  54413.200580  1  23.091  0.284  0.069  0.319   2.018e+00   5.395e-01   1.336e-01   6.185e-01  11  sdss  7145  82S  4 
    0  54413.197263  2  23.850  1.014  0.544  1.012   8.615e-01   1.125e+00   6.115e-01   1.137e+00  11  sdss  7145  82S  4 
    0  54413.198093  3  22.606  0.507  0.244  0.354   3.113e+00   1.481e+00   7.518e-01   1.090e+00  11  sdss  7145  82S  4 
   32  54413.199751  4  22.376  0.815  0.419  0.613   2.292e+00   4.588e+00   2.223e+00   3.250e+00  11  sdss  7145  82S  4 
    4  54413.198922  0  23.228  1.092  0.079  2.120   1.837e+00   1.843e+00   1.508e-01   4.037e+00  6  sdss  7145  82S  4 
    0  54415.197229  1  22.631  0.160  0.037  0.098   3.128e+00   4.628e-01   1.093e-01   2.857e-01  11  sdss  7151  82S  4 
    0  54415.193913  2  22.635  0.267  0.031  0.090   3.133e+00   7.829e-01   9.303e-02   2.691e-01  11  sdss  7151  82S  4 
    0  54415.194742  3  22.653  0.369  0.088  0.108   2.970e+00   1.061e+00   2.601e-01   3.187e-01  11  sdss  7151  82S  4 
   32  54415.196400  4  22.494  0.615  0.283  0.305   1.679e+00   3.274e+00   1.444e+00   1.556e+00  11  sdss  7151  82S  4 
    0  54415.195571  0  23.073  0.733  0.058  0.763   2.159e+00   1.448e+00   1.257e-01   1.646e+00  6  sdss  7151  82S  4 
    0  54418.200223  1  22.959  0.226  0.093  0.181   2.292e+00   4.851e-01   2.017e-01   3.936e-01  11  sdss  7161  82S  4 
    0  54418.196906  2  23.086  0.391  0.083  0.183   2.017e+00   7.625e-01   1.680e-01   3.676e-01  11  sdss  7161  82S  4 
    0  54418.197736  3  22.746  0.463  0.108  0.187   2.702e+00   1.215e+00   2.951e-01   5.110e-01  11  sdss  7161  82S  4 
   32  54418.199394  4  22.279  0.707  0.244  0.403   2.818e+00   4.023e+00   1.342e+00   2.220e+00  11  sdss  7161  82S  4 
    0  54418.198565  0  24.416  1.319  0.275  2.678   2.438e-01   1.628e+00   2.728e-01   2.660e+00  6  sdss  7161  82S  4 
    1  54422.204724  1  23.718  1.042  0.476  0.566   1.073e+00   1.065e+00   5.448e-01   6.475e-01  11  sdss  7173  82S  4 
    1  54422.201407  2  22.881  0.579  0.230  0.305   2.471e+00   1.294e+00   5.512e-01   7.324e-01  11  sdss  7173  82S  4 
    0  54422.202236  3  22.371  0.438  0.203  0.220   3.918e+00   1.578e+00   7.653e-01   8.300e-01  11  sdss  7173  82S  4 
    0  54422.203895  4  22.835  0.931  0.845  0.795  -1.029e-02   5.115e+00   4.118e+00   3.875e+00  11  sdss  7173  82S  4 
    1  54422.203065  0  25.921  1.872  0.127  2.769  -1.507e+00   3.168e+00   2.097e-01   4.588e+00  6  sdss  7173  82S  4 
