# SDSS CID:   3572 IAU: 2007ly   RA:   5.711735 DEC:   0.680954  (J2000)
# GALAXY_SB [ugriz] = [ 22.02 21.81 21.29 20.95 20.63 ] +/- [  0.07  0.02  0.01  0.01  0.03 ] (asinh mag/square arcsec)
# GALAXY_SB_FLUX [ugriz] = [  5.817E+00  6.714E+00  1.098E+01  1.491E+01  1.966E+01 ] +/- [  3.971E-01  1.178E-01  1.301E-01  1.754E-01  5.893E-01 ] (microJy per square arcsec)
#FLAG  MJD       FILT  MAG     MERR  MSKYERR MGALERR  FLUX       FLUXERR    SKYERR     GALERR    NPRE TELE   RUN  STRIP  IDCCD
   32  53616.331112  1  22.058  0.160  0.171  0.294   5.335e+00   7.840e-01   8.410e-01   1.448e+00  19  sdss  5566  82N  5 
   32  53616.327795  2  22.290  0.243  0.151  0.204   4.343e+00   9.764e-01   6.170e-01   8.341e-01  19  sdss  5566  82N  5 
   32  53616.328624  3  22.075  0.311  0.104  0.204   5.207e+00   1.498e+00   5.121e-01   1.005e+00  21  sdss  5566  82N  5 
   32  53616.330283  4  21.069  0.445  0.203  0.403   1.292e+01   5.470e+00   2.598e+00   5.155e+00  21  sdss  5566  82N  5 
   32  53616.329453  0  22.486  0.587  0.048  0.838   3.845e+00   1.959e+00   1.722e-01   3.026e+00  14  sdss  5566  82N  5 
 1028  53623.321590  1  21.515  0.906  1.076  0.084   8.817e+00   6.025e+00   8.723e+00   6.775e-01  19  sdss  5590  82N  5 
  172  53623.318272  2  22.801  0.518  0.503  0.267   2.671e+00   1.261e+00   1.300e+00   6.905e-01  19  sdss  5590  82N  5 
   32  53623.319102  3  22.090  0.330  0.149  0.166   5.134e+00   1.561e+00   7.253e-01   8.055e-01  21  sdss  5590  82N  5 
  164  53623.320760  4  21.640  1.026  0.344  0.356   7.061e+00   7.769e+00   2.792e+00   2.888e+00  21  sdss  5590  82N  5 
  140  53623.319931  0  21.637  0.315  0.184  0.302   8.523e+00   2.387e+00   1.432e+00   2.347e+00  14  sdss  5590  82N  5 
   32  53626.307623  1  21.992  0.140  0.081  0.157   5.671e+00   7.297e-01   4.262e-01   8.227e-01  19  sdss  5603  82N  5 
   32  53626.304306  2  22.416  0.264  0.144  0.201   3.857e+00   9.439e-01   5.252e-01   7.329e-01  19  sdss  5603  82N  5 
   32  53626.305136  3  22.125  0.311  0.109  0.187   4.965e+00   1.431e+00   5.118e-01   8.796e-01  21  sdss  5603  82N  5 
   32  53626.306794  4  21.723  0.579  0.375  0.442   6.405e+00   4.296e+00   2.866e+00   3.375e+00  21  sdss  5603  82N  5 
    0  53626.305965  0  21.506  0.214  0.042  0.343   9.624e+00   1.851e+00   3.718e-01   3.006e+00  14  sdss  5603  82N  5 
    1  53628.292652  1  21.508  0.171  0.054  0.100   8.874e+00   1.387e+00   4.425e-01   8.129e-01  19  sdss  5610  82N  5 
   33  53628.289335  2  21.755  0.202  0.055  0.110   7.152e+00   1.324e+00   3.625e-01   7.292e-01  19  sdss  5610  82N  5 
   32  53628.290164  3  22.239  0.415  0.166  0.213   4.453e+00   1.694e+00   7.075e-01   9.083e-01  21  sdss  5610  82N  5 
   32  53628.291823  4  21.911  0.688  0.249  0.455   5.053e+00   4.561e+00   1.676e+00   3.058e+00  21  sdss  5610  82N  5 
    1  53635.301133  1  21.960  0.168  0.047  0.076   5.842e+00   8.995e-01   2.536e-01   4.084e-01  19  sdss  5622  82N  5 
   33  53635.297816  2  22.391  0.274  0.068  0.112   3.949e+00   1.000e+00   2.533e-01   4.170e-01  19  sdss  5622  82N  5 
   32  53635.298645  3  22.657  0.490  0.147  0.187   2.958e+00   1.384e+00   4.350e-01   5.552e-01  21  sdss  5622  82N  5 
   32  53635.300304  4  22.152  0.609  0.105  0.304   3.541e+00   3.604e+00   6.172e-01   1.784e+00  21  sdss  5622  82N  5 
   33  53635.299475  0  22.683  0.816  0.216  0.452   3.180e+00   2.170e+00   6.559e-01   1.373e+00  14  sdss  5622  82N  5 
  161  53637.294505  1  22.536  0.372  0.111  0.445   3.418e+00   1.144e+00   3.538e-01   1.418e+00  19  sdss  5633  82N  5 
   32  53637.291188  2  22.353  0.315  0.094  0.259   4.093e+00   1.183e+00   3.609e-01   9.983e-01  19  sdss  5633  82N  5 
   32  53637.292017  3  21.727  0.264  0.126  0.190   7.226e+00   1.746e+00   8.468e-01   1.281e+00  21  sdss  5633  82N  5 
    0  53637.293676  4  23.435  0.902  0.411  0.737  -3.092e+00   5.350e+00   2.318e+00   4.159e+00  21  sdss  5633  82N  5 
   33  53637.292846  0  23.503  1.649  0.493  2.586   1.354e+00   2.588e+00   7.702e-01   4.041e+00  14  sdss  5633  82N  5 
    0  53639.339849  1  22.074  0.128  0.025  0.094   5.256e+00   6.173e-01   1.207e-01   4.563e-01  19  sdss  5642  82N  5 
   32  53639.336532  2  22.272  0.201  0.058  0.114   4.417e+00   8.241e-01   2.392e-01   4.741e-01  19  sdss  5642  82N  5 
   32  53639.337361  3  22.464  0.354  0.105  0.151   3.582e+00   1.203e+00   3.668e-01   5.296e-01  21  sdss  5642  82N  5 
   32  53639.339020  4  22.024  0.520  0.211  0.310   4.322e+00   3.258e+00   1.327e+00   1.951e+00  21  sdss  5642  82N  5 
   40  53639.338191  0  22.450  0.432  0.188  0.428   3.980e+00   1.539e+00   7.018e-01   1.599e+00  14  sdss  5642  82N  5 
   32  53644.286741  1  22.499  0.197  0.128  0.288   3.538e+00   6.437e-01   4.226e-01   9.492e-01  19  sdss  5670  82N  5 
   32  53644.283424  2  22.293  0.235  0.060  0.235   4.330e+00   9.435e-01   2.437e-01   9.573e-01  19  sdss  5670  82N  5 
   32  53644.284254  3  22.852  0.659  0.707  0.677   2.423e+00   1.551e+00   1.784e+00   1.706e+00  21  sdss  5670  82N  5 
   32  53644.285912  4  21.386  0.441  0.335  0.490   9.342e+00   4.212e+00   3.299e+00   4.825e+00  21  sdss  5670  82N  5 
   32  53644.285083  0  22.604  0.666  0.152  1.523   3.433e+00   1.969e+00   4.944e-01   4.959e+00  14  sdss  5670  82N  5 
   32  53654.321330  1  22.585  0.193  0.126  0.173   3.264e+00   5.836e-01   3.846e-01   5.285e-01  19  sdss  5709  82N  5 
   32  53654.318013  2  23.313  0.531  0.090  0.299   1.599e+00   8.481e-01   1.505e-01   5.013e-01  19  sdss  5709  82N  5 
   32  53654.318842  3  23.006  0.626  0.244  0.283   2.057e+00   1.323e+00   5.446e-01   6.312e-01  21  sdss  5709  82N  5 
   32  53654.320500  4  22.281  0.671  0.205  0.348   2.811e+00   3.810e+00   1.132e+00   1.919e+00  21  sdss  5709  82N  5 
   40  53654.319671  0  22.187  0.363  0.142  0.369   5.105e+00   1.656e+00   6.710e-01   1.742e+00  14  sdss  5709  82N  5 
   33  53663.281959  1  22.435  0.272  0.066  0.099   3.756e+00   9.319e-01   2.306e-01   3.466e-01  19  sdss  5744  82N  5 
   33  53663.278642  2  23.050  0.488  0.105  0.161   2.091e+00   9.693e-01   2.198e-01   3.365e-01  19  sdss  5744  82N  5 
   32  53663.279471  3  22.764  0.509  0.073  0.155   2.653e+00   1.316e+00   1.965e-01   4.196e-01  21  sdss  5744  82N  5 
   32  53663.281130  4  21.788  0.472  0.162  0.203   5.918e+00   3.387e+00   1.184e+00   1.480e+00  21  sdss  5744  82N  5 
   33  53663.280301  0  23.679  1.520  0.315  0.813   1.094e+00   2.218e+00   4.365e-01   1.127e+00  14  sdss  5744  82N  5 
   33  53666.351961  1  22.819  0.449  0.203  0.341   2.617e+00   1.055e+00   5.029e-01   8.438e-01  19  sdss  5765  82N  5 
   32  53666.348644  2  22.989  0.516  0.188  0.295   2.222e+00   1.072e+00   4.120e-01   6.491e-01  19  sdss  5765  82N  5 
   32  53666.349473  3  23.054  0.726  0.213  0.374   1.952e+00   1.466e+00   4.571e-01   8.036e-01  21  sdss  5765  82N  5 
   32  53666.351132  4  21.909  0.625  0.211  0.382   5.066e+00   4.152e+00   1.422e+00   2.571e+00  21  sdss  5765  82N  5 
   33  53666.350303  0  24.413  1.885  0.228  2.858   2.472e-01   2.900e+00   2.271e-01   2.842e+00  14  sdss  5765  82N  5 
   34  53668.271227  1  22.517  0.262  0.334  0.532   3.479e+00   8.351e-01   1.083e+00   1.725e+00  19  sdss  5770  82N  5 
   32  53668.267911  2  22.996  0.593  0.284  0.803   2.207e+00   1.206e+00   6.206e-01   1.753e+00  19  sdss  5770  82N  5 
   32  53668.268740  3  22.111  0.382  0.203  0.362   5.032e+00   1.757e+00   9.682e-01   1.726e+00  21  sdss  5770  82N  5 
    0  53668.270398  4  23.756  0.851  0.359  0.915  -5.067e+00   5.652e+00   2.417e+00   6.164e+00  21  sdss  5770  82N  5 
   42  53668.269569  0  21.950  0.396  0.376  1.081   6.375e+00   2.226e+00   2.200e+00   6.325e+00  14  sdss  5770  82N  5 
   32  53670.276187  1  22.806  0.237  0.153  0.269   2.650e+00   5.845e-01   3.818e-01   6.720e-01  19  sdss  5781  82N  5 
   32  53670.272871  2  22.900  0.391  0.198  0.322   2.425e+00   8.954e-01   4.702e-01   7.639e-01  19  sdss  5781  82N  5 
   32  53670.273700  3  22.382  0.370  0.106  0.214   3.879e+00   1.347e+00   3.975e-01   8.033e-01  21  sdss  5781  82N  5 
   32  53670.275358  4  22.194  0.669  0.252  0.474   3.297e+00   3.912e+00   1.443e+00   2.718e+00  21  sdss  5781  82N  5 
   32  53670.274529  0  22.833  0.676  0.108  1.004   2.749e+00   1.648e+00   2.894e-01   2.680e+00  14  sdss  5781  82N  5 
   32  53673.243726  1  22.501  0.173  0.050  0.182   3.531e+00   5.661e-01   1.634e-01   5.994e-01  19  sdss  5792  82N  5 
   32  53673.240409  2  22.248  0.203  0.091  0.142   4.517e+00   8.522e-01   3.867e-01   6.008e-01  19  sdss  5792  82N  5 
   32  53673.241238  3  23.439  0.823  0.184  0.485   1.229e+00   1.328e+00   3.007e-01   7.937e-01  21  sdss  5792  82N  5 
   32  53673.242897  4  22.076  0.607  0.076  0.382   3.998e+00   3.713e+00   4.669e-01   2.333e+00  21  sdss  5792  82N  5 
   32  53673.242067  0  22.746  0.610  0.154  0.927   2.991e+00   1.621e+00   4.433e-01   2.667e+00  14  sdss  5792  82N  5 
   32  53675.240812  1  22.611  0.211  0.086  0.304   3.186e+00   6.215e-01   2.577e-01   9.062e-01  19  sdss  5800  82N  5 
   32  53675.237496  2  22.894  0.420  0.235  0.357   2.440e+00   9.624e-01   5.591e-01   8.507e-01  19  sdss  5800  82N  5 
   32  53675.238325  3  22.578  0.472  0.284  0.267   3.201e+00   1.429e+00   9.003e-01   8.459e-01  21  sdss  5800  82N  5 
   32  53675.239983  4  22.229  0.752  0.499  0.584   3.097e+00   4.376e+00   2.814e+00   3.297e+00  21  sdss  5800  82N  5 
   32  53675.239154  0  22.971  0.751  0.160  1.505   2.395e+00   1.615e+00   3.806e-01   3.575e+00  14  sdss  5800  82N  5 
   32  53677.261445  1  22.777  0.224  0.140  0.239   2.724e+00   5.676e-01   3.587e-01   6.126e-01  19  sdss  5813  82N  5 
   32  53677.258128  2  22.906  0.346  0.120  0.198   2.411e+00   7.948e-01   2.829e-01   4.670e-01  19  sdss  5813  82N  5 
   32  53677.258957  3  22.699  0.445  0.145  0.231   2.835e+00   1.225e+00   4.157e-01   6.601e-01  21  sdss  5813  82N  5 
   32  53677.260616  4  22.135  0.558  0.295  0.348   3.642e+00   3.321e+00   1.746e+00   2.055e+00  21  sdss  5813  82N  5 
   32  53677.259786  0  22.860  0.619  0.065  0.680   2.676e+00   1.496e+00   1.688e-01   1.774e+00  14  sdss  5813  82N  5 
   32  53680.248187  1  22.832  0.239  0.123  0.243   2.585e+00   5.755e-01   3.008e-01   5.939e-01  19  sdss  5823  82N  5 
   32  53680.244870  2  22.492  0.259  0.076  0.181   3.589e+00   8.643e-01   2.591e-01   6.162e-01  19  sdss  5823  82N  5 
   32  53680.245699  3  23.041  0.605  0.174  0.303   1.980e+00   1.252e+00   3.768e-01   6.573e-01  21  sdss  5823  82N  5 
   32  53680.247358  4  22.195  0.627  0.066  0.457   3.291e+00   3.655e+00   3.789e-01   2.622e+00  21  sdss  5823  82N  5 
   40  53680.246528  0  22.529  0.462  0.245  0.623   3.690e+00   1.528e+00   8.532e-01   2.167e+00  14  sdss  5823  82N  5 
   33  53693.249078  1  22.098  0.288  0.071  0.166   5.140e+00   1.339e+00   3.396e-01   7.887e-01  19  sdss  5878  82N  5 
   33  53693.245761  2  22.650  0.406  0.140  0.221   3.088e+00   1.153e+00   4.142e-01   6.530e-01  19  sdss  5878  82N  5 
  160  53693.246591  3  23.963  1.050  0.342  0.600   4.829e-01   1.490e+00   4.328e-01   7.592e-01  21  sdss  5878  82N  5 
   32  53693.248249  4  21.764  0.541  0.179  0.335   6.095e+00   3.919e+00   1.326e+00   2.484e+00  21  sdss  5878  82N  5 
    1  53693.247420  0  26.183  1.678  0.219  1.147  -1.998e+00   2.960e+00   4.497e-01   2.354e+00  14  sdss  5878  82N  5 
   32  53698.246065  1  23.151  0.334  0.165  0.380   1.904e+00   6.004e-01   3.046e-01   6.995e-01  19  sdss  5898  82N  5 
   32  53698.242749  2  22.623  0.306  0.066  0.231   3.169e+00   9.053e-01   2.010e-01   6.980e-01  19  sdss  5898  82N  5 
   32  53698.243578  3  23.622  0.904  0.251  0.556   9.463e-01   1.361e+00   3.689e-01   8.165e-01  21  sdss  5898  82N  5 
   32  53698.245236  4  21.813  0.555  0.189  0.360   5.736e+00   3.901e+00   1.357e+00   2.579e+00  21  sdss  5898  82N  5 
   40  53698.244407  0  23.122  0.859  0.506  1.044   2.052e+00   1.618e+00   1.060e+00   2.187e+00  14  sdss  5898  82N  5 
   32  53699.269477  1  23.297  0.406  0.220  0.313   1.650e+00   6.366e-01   3.580e-01   5.080e-01  19  sdss  5902  82N  5 
   32  53699.266161  2  24.611  1.083  0.478  0.757   1.534e-01   1.023e+00   3.882e-01   6.141e-01  19  sdss  5902  82N  5 
   32  53699.266990  3  22.775  0.595  0.265  0.301   2.624e+00   1.501e+00   7.125e-01   8.075e-01  21  sdss  5902  82N  5 
   32  53699.268648  4  22.198  0.685  0.211  0.342   3.274e+00   4.007e+00   1.209e+00   1.961e+00  21  sdss  5902  82N  5 
   40  53699.267819  0  21.808  0.307  0.178  0.340   7.270e+00   1.990e+00   1.185e+00   2.265e+00  14  sdss  5902  82N  5 
   32  53704.231420  1  23.315  0.421  0.368  0.606   1.621e+00   6.486e-01   5.885e-01   9.692e-01  19  sdss  5918  82N  5 
   32  53704.228104  2  23.123  0.503  0.312  0.448   1.944e+00   9.392e-01   6.115e-01   8.776e-01  19  sdss  5918  82N  5 
   32  53704.228933  3  22.884  0.639  0.412  0.425   2.344e+00   1.473e+00   1.012e+00   1.045e+00  21  sdss  5918  82N  5 
    0  53704.230591  4  22.960  0.918  0.518  0.922  -6.240e-01   5.049e+00   2.543e+00   4.526e+00  21  sdss  5918  82N  5 
   32  53704.229762  0  22.587  0.605  0.096  1.109   3.490e+00   1.842e+00   3.167e-01   3.664e+00  14  sdss  5918  82N  5 
