# SDSS CID:  13199 IAU:          RA:  38.910278 DEC:   0.432204  (J2000)
# GALAXY_SB [ugriz] = [ 23.26 22.71 22.06 21.74 21.41 ] +/- [  0.12  0.03  0.02  0.02  0.05 ] (asinh mag/square arcsec)
# GALAXY_SB_FLUX [ugriz] = [  1.713E+00  2.887E+00  5.372E+00  7.120E+00  9.013E+00 ] +/- [  2.226E-01  8.600E-02  1.091E-01  1.576E-01  5.269E-01 ] (microJy per square arcsec)
#FLAG  MJD       FILT  MAG     MERR  MSKYERR MGALERR  FLUX       FLUXERR    SKYERR     GALERR    NPRE TELE   RUN  STRIP  IDCCD
   32  53975.409320  1  22.019  0.116  0.048  0.119   5.530e+00   5.936e-01   2.447e-01   6.107e-01  13  sdss  6287  82S  5 
   32  53975.406002  2  21.970  0.164  0.022  0.124   5.857e+00   8.872e-01   1.217e-01   6.751e-01  13  sdss  6287  82S  5 
   32  53975.406832  3  22.354  0.368  0.195  0.245   3.983e+00   1.374e+00   7.489e-01   9.416e-01  13  sdss  6287  82S  5 
   32  53975.408490  4  21.593  0.503  0.321  0.374   7.448e+00   4.112e+00   2.706e+00   3.147e+00  12  sdss  6287  82S  5 
    8  53975.407661  0  22.135  0.329  0.169  0.318   5.357e+00   1.590e+00   8.400e-01   1.584e+00  9  sdss  6287  82S  5 
   32  53994.433725  1  22.165  0.137  0.039  0.101   4.829e+00   6.096e-01   1.743e-01   4.537e-01  13  sdss  6355  82S  5 
   32  53994.430408  2  21.990  0.156  0.015  0.095   5.749e+00   8.293e-01   7.782e-02   5.090e-01  13  sdss  6355  82S  5 
   32  53994.431237  3  21.748  0.196  0.067  0.104   7.080e+00   1.283e+00   4.411e-01   6.893e-01  13  sdss  6355  82S  5 
   32  53994.432896  4  21.282  0.355  0.138  0.228   1.040e+01   3.731e+00   1.482e+00   2.453e+00  12  sdss  6355  82S  5 
    8  53994.432066  0  21.813  0.252  0.109  0.207   7.239e+00   1.649e+00   7.288e-01   1.381e+00  9  sdss  6355  82S  5 
   32  53996.417652  1  22.277  0.137  0.055  0.121   4.351e+00   5.525e-01   2.217e-01   4.879e-01  13  sdss  6367  82S  5 
   32  53996.414335  2  21.992  0.175  0.036  0.171   5.738e+00   9.282e-01   1.909e-01   9.123e-01  13  sdss  6367  82S  5 
   32  53996.415164  3  21.640  0.194  0.077  0.147   7.832e+00   1.398e+00   5.625e-01   1.075e+00  13  sdss  6367  82S  5 
   32  53996.416823  4  21.503  0.412  0.144  0.293   8.231e+00   3.628e+00   1.300e+00   2.640e+00  12  sdss  6367  82S  5 
   40  53996.415994  0  22.896  0.643  0.328  0.691   2.581e+00   1.509e+00   8.340e-01   1.757e+00  9  sdss  6367  82S  5 
   32  54005.431408  1  22.412  0.151  0.074  0.102   3.837e+00   5.349e-01   2.658e-01   3.655e-01  13  sdss  6404  82S  5 
   32  54005.428091  2  21.874  0.133  0.013  0.070   6.404e+00   7.889e-01   7.442e-02   4.140e-01  13  sdss  6404  82S  5 
   32  54005.428920  3  21.749  0.185  0.054  0.081   7.073e+00   1.214e+00   3.539e-01   5.355e-01  13  sdss  6404  82S  5 
   32  54005.430579  4  21.156  0.292  0.087  0.144   1.183e+01   3.434e+00   1.044e+00   1.725e+00  12  sdss  6404  82S  5 
   32  54005.429750  0  23.441  0.942  0.039  0.553   1.454e+00   1.441e+00   6.383e-02   9.068e-01  9  sdss  6404  82S  5 
   32  54008.378153  1  22.463  0.184  0.090  0.212   3.658e+00   6.224e-01   3.073e-01   7.222e-01  13  sdss  6417  82S  5 
   32  54008.374836  2  21.848  0.146  0.072  0.107   6.561e+00   8.822e-01   4.373e-01   6.505e-01  13  sdss  6417  82S  5 
   32  54008.375665  3  21.623  0.193  0.074  0.127   7.957e+00   1.418e+00   5.507e-01   9.399e-01  13  sdss  6417  82S  5 
   32  54008.377324  4  20.897  0.297  0.130  0.205   1.530e+01   4.339e+00   1.938e+00   3.060e+00  12  sdss  6417  82S  5 
   32  54008.376494  0  23.663  1.182  0.139  1.117   1.115e+00   1.641e+00   1.958e-01   1.568e+00  9  sdss  6417  82S  5 
   32  54009.445399  1  22.566  0.169  0.024  0.116   3.322e+00   5.215e-01   7.345e-02   3.619e-01  13  sdss  6422  82S  5 
   32  54009.442082  2  22.165  0.179  0.028  0.109   4.882e+00   8.113e-01   1.287e-01   4.960e-01  13  sdss  6422  82S  5 
   32  54009.442911  3  21.731  0.187  0.055  0.092   7.194e+00   1.244e+00   3.700e-01   6.194e-01  13  sdss  6422  82S  5 
   32  54009.444570  4  21.584  0.417  0.188  0.233   7.524e+00   3.461e+00   1.599e+00   1.976e+00  12  sdss  6422  82S  5 
   32  54009.443741  0  22.943  0.648  0.180  0.453   2.463e+00   1.463e+00   4.392e-01   1.107e+00  9  sdss  6422  82S  5 
   32  54010.372637  1  22.269  0.121  0.039  0.061   4.383e+00   4.924e-01   1.591e-01   2.485e-01  13  sdss  6425  82S  5 
   32  54010.369320  2  21.907  0.124  0.013  0.049   6.210e+00   7.125e-01   7.333e-02   2.856e-01  13  sdss  6425  82S  5 
   32  54010.370149  3  21.764  0.172  0.034  0.061   6.975e+00   1.113e+00   2.193e-01   3.956e-01  13  sdss  6425  82S  5 
   32  54010.371808  4  20.999  0.227  0.013  0.107   1.384e+01   3.066e+00   1.784e-01   1.469e+00  12  sdss  6425  82S  5 
   32  54010.370979  0  23.559  0.901  0.036  0.439   1.268e+00   1.296e+00   5.417e-02   6.621e-01  9  sdss  6425  82S  5 
   33  54012.365455  1  22.452  0.292  0.104  0.099   3.696e+00   9.855e-01   3.569e-01   3.407e-01  13  sdss  6433  82S  5 
   41  54012.362138  2  21.902  0.192  0.223  0.069   6.239e+00   1.100e+00   1.293e+00   4.030e-01  13  sdss  6433  82S  5 
   33  54012.362967  3  21.573  0.198  0.113  0.072   8.338e+00   1.518e+00   8.775e-01   5.599e-01  13  sdss  6433  82S  5 
   32  54012.364626  4  21.475  0.470  0.191  0.222   8.487e+00   4.192e+00   1.756e+00   2.049e+00  12  sdss  6433  82S  5 
   33  54012.363797  0  22.601  0.814  0.241  0.312   3.445e+00   2.329e+00   7.931e-01   1.024e+00  9  sdss  6433  82S  5 
   57  54020.371796  1  22.864  0.551  2.322  0.245   2.507e+00   1.219e+00   5.523e+00   5.821e-01  13  sdss  6447  82S  5 
 1209  54020.368479  2  21.973  0.333  6.174  0.145   5.841e+00   1.756e+00   3.358e+01   7.879e-01  13  sdss  6447  82S  5 
  189  54020.369308  3  21.329  0.351  1.310  0.102   1.046e+01   3.290e+00   1.269e+01   9.928e-01  13  sdss  6447  82S  5 
   40  54020.370967  4  20.876  0.451  0.949  0.215   1.561e+01   6.545e+00   1.442e+01   3.264e+00  12  sdss  6447  82S  5 
   45  54020.370137  0  22.832  1.416  1.117  0.597   2.750e+00   2.955e+00   3.002e+00   1.605e+00  9  sdss  6447  82S  5 
   32  54024.453558  1  22.728  0.283  0.121  0.271   2.852e+00   7.450e-01   3.247e-01   7.272e-01  13  sdss  6458  82S  5 
   32  54024.450241  2  22.078  0.205  0.061  0.146   5.296e+00   1.000e+00   3.028e-01   7.238e-01  13  sdss  6458  82S  5 
   32  54024.451070  3  22.250  0.362  0.078  0.237   4.404e+00   1.480e+00   3.287e-01   9.984e-01  13  sdss  6458  82S  5 
   32  54024.452728  4  21.566  0.536  0.143  0.386   7.677e+00   4.443e+00   1.229e+00   3.316e+00  12  sdss  6458  82S  5 
   32  54024.451899  0  24.163  1.590  0.198  1.990   5.047e-01   2.199e+00   2.120e-01   2.134e+00  9  sdss  6458  82S  5 
  162  54028.441770  1  23.423  0.686  0.610  1.237   1.456e+00   9.195e-01   8.925e-01   1.809e+00  13  sdss  6471  82S  5 
   32  54028.438453  2  21.669  0.166  0.109  0.144   7.746e+00   1.186e+00   7.814e-01   1.033e+00  13  sdss  6471  82S  5 
   32  54028.439282  3  21.788  0.282  0.112  0.190   6.820e+00   1.763e+00   7.157e-01   1.210e+00  13  sdss  6471  82S  5 
   32  54028.440941  4  21.093  0.457  0.238  0.289   1.261e+01   5.526e+00   2.999e+00   3.640e+00  12  sdss  6471  82S  5 
    0  54028.440112  0  25.329  1.568  0.414  2.274  -6.840e-01   2.189e+00   4.771e-01   2.619e+00  9  sdss  6471  82S  5 
   32  54030.397237  1  22.595  0.169  0.039  0.091   3.233e+00   5.090e-01   1.187e-01   2.769e-01  13  sdss  6480  82S  5 
   32  54030.393920  2  22.001  0.162  0.049  0.077   5.690e+00   8.536e-01   2.599e-01   4.065e-01  13  sdss  6480  82S  5 
   32  54030.394750  3  21.797  0.212  0.054  0.082   6.763e+00   1.323e+00   3.390e-01   5.161e-01  13  sdss  6480  82S  5 
   32  54030.396408  4  21.024  0.276  0.045  0.104   1.350e+01   3.624e+00   5.954e-01   1.394e+00  12  sdss  6480  82S  5 
   32  54030.395579  0  23.210  0.822  0.030  0.444   1.873e+00   1.472e+00   5.816e-02   8.705e-01  9  sdss  6480  82S  5 
   32  54035.441202  1  22.413  0.203  0.086  0.233   3.833e+00   7.179e-01   3.067e-01   8.309e-01  13  sdss  6501  82S  5 
   32  54035.437885  2  22.168  0.273  0.167  0.227   4.869e+00   1.219e+00   7.590e-01   1.036e+00  13  sdss  6501  82S  5 
   40  54035.438714  3  21.655  0.233  0.227  0.152   7.724e+00   1.654e+00   1.633e+00   1.091e+00  13  sdss  6501  82S  5 
   32  54035.440373  4  21.335  0.542  0.427  0.374   9.850e+00   5.322e+00   4.404e+00   3.861e+00  12  sdss  6501  82S  5 
   32  54035.439543  0  23.832  1.527  0.351  1.763   8.890e-01   2.163e+00   4.437e-01   2.226e+00  9  sdss  6501  82S  5 
   32  54037.346755  1  22.662  0.181  0.012  0.113   3.036e+00   5.113e-01   3.342e-02   3.219e-01  13  sdss  6508  82S  5 
   32  54037.343438  2  22.023  0.154  0.024  0.084   5.575e+00   7.941e-01   1.242e-01   4.376e-01  13  sdss  6508  82S  5 
   32  54037.344267  3  21.753  0.180  0.060  0.085   7.047e+00   1.175e+00   3.943e-01   5.597e-01  13  sdss  6508  82S  5 
   32  54037.345926  4  21.165  0.262  0.086  0.138   1.173e+01   3.065e+00   1.018e+00   1.643e+00  12  sdss  6508  82S  5 
   32  54037.345097  0  23.550  0.989  0.048  0.669   1.282e+00   1.428e+00   7.318e-02   1.014e+00  9  sdss  6508  82S  5 
   33  54040.361092  1  22.825  0.307  0.196  0.150   2.603e+00   7.395e-01   4.837e-01   3.695e-01  13  sdss  6518  82S  5 
   33  54040.357776  2  22.392  0.288  0.110  0.140   3.945e+00   1.048e+00   4.091e-01   5.210e-01  13  sdss  6518  82S  5 
   32  54040.358605  3  21.898  0.276  0.090  0.122   6.151e+00   1.563e+00   5.178e-01   7.044e-01  13  sdss  6518  82S  5 
   32  54040.360263  4  21.052  0.310  0.060  0.134   1.313e+01   3.958e+00   7.828e-01   1.753e+00  12  sdss  6518  82S  5 
   40  54040.359434  0  22.968  0.791  0.328  0.444   2.401e+00   1.697e+00   7.859e-01   1.063e+00  9  sdss  6518  82S  5 
   33  54047.391697  1  22.113  2.336  1.190  0.540   5.068e+00   5.620e+00   5.587e+00   2.533e+00  13  sdss  6530  82S  5 
   35  54047.388380  2  23.065  1.699  0.678  1.044   2.060e+00   2.737e+00   1.395e+00   2.149e+00  13  sdss  6530  82S  5 
   35  54047.389210  3  21.838  0.566  0.428  0.473   6.507e+00   3.190e+00   2.612e+00   2.885e+00  13  sdss  6530  82S  5 
   32  54047.390868  4  20.778  0.513  0.605  0.534   1.716e+01   8.002e+00   1.003e+01   8.854e+00  12  sdss  6530  82S  5 
  163  54047.390039  0  22.646  3.069  0.578  2.058   3.299e+00   9.428e+00   1.825e+00   6.499e+00  9  sdss  6530  82S  5 
   33  54049.387662  1  23.461  0.866  0.326  0.366   1.402e+00   1.086e+00   4.624e-01   5.190e-01  13  sdss  6537  82S  5 
   33  54049.384345  2  22.193  0.294  0.121  0.165   4.756e+00   1.278e+00   5.403e-01   7.367e-01  13  sdss  6537  82S  5 
   32  54049.385174  3  21.832  0.284  0.120  0.151   6.545e+00   1.706e+00   7.364e-01   9.270e-01  13  sdss  6537  82S  5 
   32  54049.386833  4  20.909  0.324  0.132  0.172   1.512e+01   4.666e+00   1.946e+00   2.539e+00  12  sdss  6537  82S  5 
   33  54049.386004  0  23.143  1.703  0.323  0.714   2.008e+00   3.024e+00   6.680e-01   1.477e+00  9  sdss  6537  82S  5 
 1208  54053.367033  1  22.740  0.270  1.063  0.233   2.820e+00   7.033e-01   2.826e+00   6.187e-01  13  sdss  6556  82S  5 
 1208  54053.363716  2  22.195  0.248  1.574  0.203   4.747e+00   1.084e+00   6.997e+00   9.029e-01  13  sdss  6556  82S  5 
   32  54053.364545  3  22.117  0.402  0.278  0.299   5.000e+00   1.833e+00   1.321e+00   1.420e+00  13  sdss  6556  82S  5 
 1176  54053.366204  4  24.000  0.671  5.631  0.407  -6.851e+00   5.134e+00   4.494e+01   3.246e+00  12  sdss  6556  82S  5 
   40  54053.365374  0  23.515  1.443  1.256  1.627   1.337e+00   2.176e+00   1.954e+00   2.531e+00  9  sdss  6556  82S  5 
   32  54056.353463  1  22.771  0.241  0.191  0.216   2.739e+00   6.130e-01   4.926e-01   5.572e-01  13  sdss  6568  82S  5 
   32  54056.350146  2  22.322  0.244  0.023  0.164   4.214e+00   9.529e-01   8.953e-02   6.481e-01  13  sdss  6568  82S  5 
   32  54056.350976  3  22.081  0.324  0.127  0.197   5.174e+00   1.549e+00   6.214e-01   9.653e-01  13  sdss  6568  82S  5 
   32  54056.352634  4  21.603  0.581  0.236  0.346   7.364e+00   4.671e+00   1.976e+00   2.891e+00  12  sdss  6568  82S  5 
   32  54056.351805  0  22.665  0.691  0.179  0.587   3.238e+00   1.939e+00   5.549e-01   1.823e+00  9  sdss  6568  82S  5 
   32  54059.347618  1  22.861  0.280  0.309  0.328   2.514e+00   6.541e-01   7.377e-01   7.823e-01  13  sdss  6580  82S  5 
   32  54059.344301  2  22.263  0.235  0.019  0.178   4.454e+00   9.690e-01   8.129e-02   7.460e-01  13  sdss  6580  82S  5 
   32  54059.345130  3  21.827  0.257  0.121  0.171   6.575e+00   1.554e+00   7.485e-01   1.054e+00  13  sdss  6580  82S  5 
   32  54059.346789  4  21.399  0.526  0.367  0.360   9.208e+00   4.933e+00   3.592e+00   3.528e+00  12  sdss  6580  82S  5 
   40  54059.345959  0  22.303  0.446  0.367  0.442   4.573e+00   1.814e+00   1.570e+00   1.891e+00  9  sdss  6580  82S  5 
   34  54061.358543  1  22.602  0.327  0.294  0.646   3.212e+00   9.568e-01   8.840e-01   1.945e+00  13  sdss  6592  82S  5 
   32  54061.355226  2  22.686  0.444  0.209  0.490   2.983e+00   1.212e+00   5.982e-01   1.401e+00  13  sdss  6592  82S  5 
   34  54061.356055  3  22.691  0.853  0.586  1.009   2.856e+00   2.178e+00   1.689e+00   2.907e+00  13  sdss  6592  82S  5 
   34  54061.357714  4  20.664  0.449  0.408  0.561   1.915e+01   7.844e+00   7.471e+00   1.028e+01  12  sdss  6592  82S  5 
   42  54061.356884  0  23.516  1.800  2.155  3.088   1.335e+00   2.930e+00   3.350e+00   4.800e+00  9  sdss  6592  82S  5 
   32  54062.352361  1  22.956  0.240  0.027  0.128   2.297e+00   5.182e-01   5.931e-02   2.804e-01  13  sdss  6596  82S  5 
   32  54062.349044  2  22.175  0.212  0.036  0.127   4.837e+00   9.463e-01   1.607e-01   5.751e-01  13  sdss  6596  82S  5 
   32  54062.349874  3  21.837  0.248  0.072  0.111   6.513e+00   1.489e+00   4.378e-01   6.794e-01  13  sdss  6596  82S  5 
   32  54062.351532  4  21.081  0.321  0.081  0.111   1.276e+01   3.995e+00   1.030e+00   1.409e+00  12  sdss  6596  82S  5 
    8  54062.350703  0  25.127  1.301  1.004  1.082  -4.602e-01   1.628e+00   1.060e+00   1.142e+00  9  sdss  6596  82S  5 
   32  54064.348786  1  22.983  0.290  0.069  0.231   2.239e+00   6.087e-01   1.472e-01   4.943e-01  13  sdss  6604  82S  5 
   32  54064.345469  2  22.599  0.312  0.153  0.194   3.242e+00   9.420e-01   4.728e-01   6.002e-01  13  sdss  6604  82S  5 
   32  54064.346298  3  22.151  0.322  0.109  0.183   4.841e+00   1.447e+00   5.021e-01   8.408e-01  13  sdss  6604  82S  5 
   32  54064.347957  4  20.979  0.303  0.107  0.173   1.412e+01   4.121e+00   1.495e+00   2.410e+00  12  sdss  6604  82S  5 
   32  54064.347128  0  23.816  1.356  0.156  1.188   9.095e-01   1.848e+00   1.984e-01   1.515e+00  9  sdss  6604  82S  5 
   32  54068.329406  2  22.261  0.314  0.246  0.324   4.463e+00   1.283e+00   1.031e+00   1.357e+00  13  sdss  6618  82S  5 
   34  54068.330235  3  21.936  0.396  0.290  0.421   5.934e+00   2.126e+00   1.617e+00   2.349e+00  13  sdss  6618  82S  5 
   34  54068.331894  4  20.822  0.482  0.345  0.537   1.645e+01   7.283e+00   5.506e+00   8.558e+00  12  sdss  6618  82S  5 
  160  54068.331064  0  21.811  1.469  0.327  1.256   7.252e+00   6.555e+00   2.183e+00   8.386e+00  9  sdss  6618  82S  5 
