# SDSS CID:  13207 IAU:          RA:  33.025494 DEC:  -1.076553  (J2000)
# GALAXY_SB [ugriz] = [ 24.29 23.58 23.20 22.71 21.94 ] +/- [  0.42  0.06  0.05  0.04  0.09 ] (asinh mag/square arcsec)
# GALAXY_SB_FLUX [ugriz] = [  3.399E-01  1.238E+00  1.791E+00  2.792E+00  4.843E+00 ] +/- [  4.265E-01  7.822E-02  8.849E-02  1.195E-01  5.783E-01 ] (microJy per square arcsec)
#FLAG  MJD       FILT  MAG     MERR  MSKYERR MGALERR  FLUX       FLUXERR    SKYERR     GALERR    NPRE TELE   RUN  STRIP  IDCCD
    0  53975.393676  1  22.477  0.168  0.107  0.180   3.613e+00   5.580e-01   3.562e-01   6.000e-01  14  sdss  6287  82S  1 
    0  53975.390359  2  22.694  0.311  0.166  0.245   2.960e+00   8.625e-01   4.709e-01   6.936e-01  14  sdss  6287  82S  1 
   32  53975.391188  3  23.147  0.688  0.382  0.416   1.758e+00   1.315e+00   7.671e-01   8.351e-01  14  sdss  6287  82S  1 
   32  53975.392847  4  21.973  0.641  0.525  0.553   4.649e+00   4.130e+00   3.409e+00   3.592e+00  12  sdss  6287  82S  1 
    8  53975.392017  0  23.018  0.823  1.010  2.200   2.282e+00   1.619e+00   2.209e+00   4.811e+00  7  sdss  6287  82S  1 
    0  53994.417952  1  22.619  0.203  0.111  0.167   3.162e+00   5.906e-01   3.267e-01   4.919e-01  14  sdss  6355  82S  1 
    0  53994.414634  2  22.568  0.270  0.091  0.180   3.338e+00   8.420e-01   2.890e-01   5.721e-01  14  sdss  6355  82S  1 
   32  53994.415464  3  22.553  0.403  0.221  0.203   3.280e+00   1.265e+00   7.175e-01   6.588e-01  14  sdss  6355  82S  1 
    0  53994.417123  4  22.842  0.756  0.385  0.706  -4.424e-02   3.990e+00   1.879e+00   3.443e+00  12  sdss  6355  82S  1 
    0  53994.416293  0  22.956  0.816  0.060  1.594   2.432e+00   1.683e+00   1.375e-01   3.670e+00  7  sdss  6355  82S  1 
    0  53996.401863  1  22.496  0.158  0.090  0.145   3.549e+00   5.160e-01   2.953e-01   4.768e-01  14  sdss  6367  82S  1 
    0  53996.398545  2  22.240  0.206  0.114  0.174   4.550e+00   8.689e-01   4.840e-01   7.397e-01  14  sdss  6367  82S  1 
   32  53996.399375  3  22.269  0.320  0.243  0.193   4.324e+00   1.299e+00   1.009e+00   8.045e-01  14  sdss  6367  82S  1 
    0  53996.401034  4  23.340  0.680  0.211  0.606  -2.567e+00   3.816e+00   1.143e+00   3.285e+00  12  sdss  6367  82S  1 
    8  53996.400204  0  22.370  0.413  0.348  1.070   4.292e+00   1.509e+00   1.326e+00   4.080e+00  7  sdss  6367  82S  1 
    0  54005.415541  1  22.130  0.109  0.033  0.067   4.992e+00   4.988e-01   1.491e-01   3.088e-01  14  sdss  6404  82S  1 
    0  54005.412223  2  22.564  0.231  0.107  0.098   3.351e+00   7.259e-01   3.417e-01   3.120e-01  14  sdss  6404  82S  1 
    0  54005.413053  3  22.522  0.338  0.102  0.104   3.381e+00   1.098e+00   3.413e-01   3.478e-01  14  sdss  6404  82S  1 
   32  54005.414711  4  21.865  0.515  0.098  0.298   5.373e+00   3.526e+00   6.805e-01   2.074e+00  12  sdss  6404  82S  1 
    0  54005.413882  0  22.057  0.304  0.016  0.456   5.763e+00   1.495e+00   8.130e-02   2.300e+00  7  sdss  6404  82S  1 
    0  54008.361849  1  22.384  0.161  0.102  0.183   3.941e+00   5.811e-01   3.694e-01   6.653e-01  14  sdss  6417  82S  1 
    0  54008.358532  2  22.232  0.200  0.104  0.139   4.584e+00   8.488e-01   4.471e-01   5.977e-01  14  sdss  6417  82S  1 
   32  54008.359361  3  22.875  0.560  0.369  0.303   2.365e+00   1.319e+00   9.171e-01   7.521e-01  14  sdss  6417  82S  1 
   32  54008.361020  4  22.647  0.866  0.572  0.909   9.103e-01   4.722e+00   2.833e+00   4.499e+00  12  sdss  6417  82S  1 
  128  54008.360190  0  22.009  0.335  0.071  0.790   6.029e+00   1.713e+00   3.768e-01   4.160e+00  7  sdss  6417  82S  1 
    0  54010.356724  1  22.344  0.126  0.030  0.065   4.090e+00   4.729e-01   1.140e-01   2.444e-01  14  sdss  6425  82S  1 
    0  54010.353407  2  22.271  0.166  0.047  0.057   4.420e+00   6.818e-01   1.945e-01   2.381e-01  14  sdss  6425  82S  1 
    0  54010.354237  3  22.309  0.267  0.105  0.075   4.161e+00   1.052e+00   4.232e-01   3.017e-01  14  sdss  6425  82S  1 
   32  54010.355895  4  22.352  0.569  0.252  0.332   2.421e+00   3.130e+00   1.350e+00   1.780e+00  12  sdss  6425  82S  1 
  136  54010.355066  0  22.689  0.520  0.224  0.634   3.162e+00   1.414e+00   6.454e-01   1.827e+00  7  sdss  6425  82S  1 
    1  54012.349522  1  22.443  0.368  0.118  0.095   3.730e+00   1.224e+00   4.045e-01   3.285e-01  14  sdss  6433  82S  1 
   25  54012.346204  2  22.841  0.542  2.095  0.135   2.568e+00   1.267e+00   5.223e+00   3.358e-01  14  sdss  6433  82S  1 
   41  54012.347034  3  22.698  0.643  0.783  0.128   2.837e+00   1.711e+00   2.249e+00   3.688e-01  14  sdss  6433  82S  1 
    8  54012.348692  4  23.052  0.920  1.090  0.507  -1.075e+00   5.100e+00   5.420e+00   2.522e+00  12  sdss  6433  82S  1 
    1  54012.347863  0  22.227  0.765  0.181  0.562   4.916e+00   2.897e+00   7.863e-01   2.436e+00  7  sdss  6433  82S  1 
   33  54020.355785  1  23.286  0.769  0.350  0.530   1.668e+00   1.119e+00   5.693e-01   8.623e-01  14  sdss  6447  82S  1 
   32  54020.352468  2  22.997  0.511  0.325  0.263   2.203e+00   1.054e+00   7.073e-01   5.728e-01  14  sdss  6447  82S  1 
   32  54020.353297  3  22.958  0.677  0.332  0.308   2.166e+00   1.474e+00   7.703e-01   7.141e-01  14  sdss  6447  82S  1 
   32  54020.354956  4  21.457  0.586  0.486  0.493   8.658e+00   5.221e+00   4.547e+00   4.608e+00  12  sdss  6447  82S  1 
  129  54020.354126  0  22.226  0.655  0.353  1.042   4.920e+00   2.565e+00   1.533e+00   4.519e+00  7  sdss  6447  82S  1 
    0  54024.437091  1  22.146  0.161  0.083  0.153   4.918e+00   7.225e-01   3.733e-01   6.917e-01  14  sdss  6458  82S  1 
    0  54024.433773  2  21.866  0.174  0.088  0.127   6.450e+00   1.033e+00   5.248e-01   7.620e-01  14  sdss  6458  82S  1 
   32  54024.434603  3  22.244  0.343  0.231  0.203   4.429e+00   1.416e+00   9.839e-01   8.619e-01  14  sdss  6458  82S  1 
    0  54024.436261  4  21.045  0.373  0.234  0.337   1.323e+01   4.749e+00   3.069e+00   4.426e+00  12  sdss  6458  82S  1 
    2  54024.435432  0  22.820  1.005  0.097  2.081   2.782e+00   2.197e+00   2.506e-01   5.366e+00  7  sdss  6458  82S  1 
  128  54028.425674  1  22.836  0.245  0.133  0.213   2.576e+00   5.832e-01   3.220e-01   5.148e-01  14  sdss  6471  82S  1 
    0  54028.422356  2  22.465  0.268  0.139  0.136   3.681e+00   9.143e-01   4.825e-01   4.743e-01  14  sdss  6471  82S  1 
    0  54028.423186  3  22.396  0.363  0.169  0.126   3.825e+00   1.308e+00   6.289e-01   4.697e-01  14  sdss  6471  82S  1 
   32  54028.424844  4  21.979  0.680  0.265  0.376   4.610e+00   4.369e+00   1.712e+00   2.435e+00  12  sdss  6471  82S  1 
  136  54028.424015  0  22.046  0.353  0.237  0.617   5.823e+00   1.742e+00   1.206e+00   3.142e+00  7  sdss  6471  82S  1 
    0  54030.349318  1  23.011  0.239  0.078  0.141   2.180e+00   4.876e-01   1.614e-01   2.916e-01  14  sdss  6479  82S  1 
    0  54030.346000  2  22.579  0.236  0.073  0.077   3.303e+00   7.300e-01   2.304e-01   2.412e-01  14  sdss  6479  82S  1 
    0  54030.346830  3  22.345  0.302  0.118  0.080   4.019e+00   1.148e+00   4.593e-01   3.122e-01  14  sdss  6479  82S  1 
   32  54030.348488  4  22.759  0.712  0.160  0.384   3.605e-01   3.731e+00   7.800e-01   1.878e+00  12  sdss  6479  82S  1 
   32  54030.347659  0  23.764  1.087  0.155  1.455   9.770e-01   1.419e+00   1.989e-01   1.865e+00  7  sdss  6479  82S  1 
    0  54035.425031  1  22.785  0.265  0.219  0.292   2.704e+00   6.575e-01   5.533e-01   7.377e-01  14  sdss  6501  82S  1 
    0  54035.421714  2  22.292  0.272  0.141  0.174   4.333e+00   1.083e+00   5.718e-01   7.058e-01  14  sdss  6501  82S  1 
   32  54035.422544  3  22.867  0.752  0.977  0.461   2.385e+00   1.726e+00   2.440e+00   1.151e+00  14  sdss  6501  82S  1 
   32  54035.424202  4  22.586  1.022  0.931  1.049   1.214e+00   5.825e+00   4.655e+00   5.248e+00  12  sdss  6501  82S  1 
    2  54035.423373  0  23.179  1.323  0.336  2.952   1.935e+00   2.219e+00   6.469e-01   5.678e+00  7  sdss  6501  82S  1 
    0  54037.330565  1  22.522  0.164  0.064  0.133   3.464e+00   5.213e-01   2.063e-01   4.255e-01  14  sdss  6508  82S  1 
    0  54037.327247  2  22.964  0.312  0.127  0.108   2.277e+00   6.840e-01   2.854e-01   2.427e-01  14  sdss  6508  82S  1 
    0  54037.328077  3  22.321  0.270  0.063  0.075   4.113e+00   1.053e+00   2.492e-01   2.977e-01  14  sdss  6508  82S  1 
   32  54037.329735  4  22.452  0.665  0.403  0.600   1.894e+00   3.599e+00   2.088e+00   3.106e+00  12  sdss  6508  82S  1 
  128  54037.328906  0  22.149  0.304  0.030  0.457   5.291e+00   1.378e+00   1.410e-01   2.123e+00  7  sdss  6508  82S  1 
    1  54040.344870  1  22.064  0.200  0.092  0.089   5.308e+00   9.643e-01   4.493e-01   4.314e-01  14  sdss  6518  82S  1 
    1  54040.341553  2  22.829  0.456  0.185  0.159   2.598e+00   1.096e+00   4.662e-01   4.017e-01  14  sdss  6518  82S  1 
   32  54040.342382  3  22.428  0.448  0.161  0.156   3.707e+00   1.550e+00   5.814e-01   5.650e-01  14  sdss  6518  82S  1 
   32  54040.344041  4  21.709  0.612  0.319  0.347   6.516e+00   4.583e+00   2.472e+00   2.685e+00  12  sdss  6518  82S  1 
    1  54040.343211  0  21.926  0.405  0.093  0.557   6.516e+00   2.202e+00   5.308e-01   3.161e+00  7  sdss  6518  82S  1 
  163  54047.375402  1  23.198  2.327  1.616  1.110   1.819e+00   3.207e+00   2.838e+00   1.950e+00  14  sdss  6530  82S  1 
    3  54047.372085  2  21.499  0.369  0.360  0.233   9.064e+00   2.975e+00   3.015e+00   1.953e+00  14  sdss  6530  82S  1 
   11  54047.372915  3  25.093  1.719  6.473  1.646  -9.318e-01   3.119e+00   9.471e+00   2.408e+00  14  sdss  6530  82S  1 
   32  54047.374573  4  21.407  0.917  0.872  0.963   9.134e+00   8.049e+00   8.483e+00   9.371e+00  12  sdss  6530  82S  1 
 1187  54047.373744  0  24.113  3.133  0.706 12.623   5.585e-01   9.406e+00   7.634e-01   1.365e+01  7  sdss  6530  82S  1 
    1  54049.371347  1  22.518  0.379  0.171  0.188   3.477e+00   1.174e+00   5.516e-01   6.061e-01  14  sdss  6537  82S  1 
    1  54049.368030  2  21.984  0.254  0.183  0.135   5.779e+00   1.342e+00   9.827e-01   7.243e-01  14  sdss  6537  82S  1 
   32  54049.368859  3  23.317  1.016  0.652  0.486   1.437e+00   1.742e+00   1.159e+00   8.638e-01  14  sdss  6537  82S  1 
   32  54049.370517  4  21.682  0.695  0.476  0.481   6.727e+00   5.258e+00   3.753e+00   3.797e+00  12  sdss  6537  82S  1 
  161  54049.369688  0  24.323  2.093  0.211  4.768   3.369e-01   3.551e+00   2.131e-01   4.821e+00  7  sdss  6537  82S  1 
    0  54053.350676  1  22.202  0.163  0.124  0.121   4.669e+00   6.943e-01   5.299e-01   5.169e-01  14  sdss  6556  82S  1 
    0  54053.347359  2  22.672  0.313  0.215  0.138   3.023e+00   8.830e-01   6.217e-01   3.978e-01  14  sdss  6556  82S  1 
   32  54053.348189  3  23.295  0.797  0.654  0.268   1.476e+00   1.385e+00   1.180e+00   4.827e-01  14  sdss  6556  82S  1 
 1208  54053.349847  4  22.481  0.912  6.041  0.579   1.745e+00   5.135e+00   3.102e+01   2.974e+00  12  sdss  6556  82S  1 
  136  54053.349018  0  22.445  0.603  0.464  0.952   3.999e+00   1.981e+00   1.656e+00   3.396e+00  7  sdss  6556  82S  1 
    0  54056.337078  1  22.108  0.146  0.093  0.171   5.096e+00   6.767e-01   4.340e-01   7.995e-01  14  sdss  6568  82S  1 
   32  54056.333761  2  23.293  0.609  0.397  0.398   1.634e+00   9.750e-01   6.762e-01   6.770e-01  14  sdss  6568  82S  1 
   32  54056.334590  3  22.286  0.372  0.193  0.192   4.254e+00   1.475e+00   7.918e-01   7.871e-01  14  sdss  6568  82S  1 
   32  54056.336248  4  22.281  0.885  0.388  0.755   2.806e+00   5.167e+00   2.139e+00   4.166e+00  12  sdss  6568  82S  1 
    0  54056.335419  0  22.244  0.556  0.124  1.421   4.838e+00   2.199e+00   5.271e-01   6.062e+00  7  sdss  6568  82S  1 
    0  54059.331202  1  22.289  0.159  0.133  0.193   4.306e+00   6.269e-01   5.253e-01   7.642e-01  14  sdss  6580  82S  1 
   32  54059.327885  2  22.719  0.370  0.298  0.277   2.890e+00   9.933e-01   8.270e-01   7.692e-01  14  sdss  6580  82S  1 
    8  54059.328714  3  22.115  0.304  0.392  0.157   5.010e+00   1.415e+00   1.867e+00   7.502e-01  14  sdss  6580  82S  1 
   32  54059.330372  4  22.609  0.893  0.705  0.795   1.099e+00   4.918e+00   3.510e+00   3.958e+00  12  sdss  6580  82S  1 
    0  54059.329543  0  22.183  0.448  0.050  1.009   5.124e+00   1.918e+00   2.266e-01   4.547e+00  7  sdss  6580  82S  1 
  130  54061.342109  1  22.196  0.208  0.275  0.389   4.696e+00   8.886e-01   1.188e+00   1.677e+00  14  sdss  6592  82S  1 
    0  54061.338792  2  21.985  0.228  0.140  0.233   5.774e+00   1.208e+00   7.489e-01   1.250e+00  14  sdss  6592  82S  1 
    0  54061.339621  3  21.958  0.302  0.148  0.219   5.813e+00   1.620e+00   8.107e-01   1.203e+00  14  sdss  6592  82S  1 
  130  54061.341280  4  20.940  0.524  0.563  0.661   1.468e+01   7.104e+00   8.100e+00   9.507e+00  12  sdss  6592  82S  1 
    0  54061.340450  0  21.906  0.790  0.117  1.691   6.638e+00   3.939e+00   6.762e-01   9.779e+00  7  sdss  6592  82S  1 
    0  54062.335918  1  22.539  0.174  0.073  0.128   3.409e+00   5.436e-01   2.311e-01   4.048e-01  14  sdss  6596  82S  1 
    0  54062.332601  2  22.270  0.199  0.083  0.078   4.424e+00   8.144e-01   3.452e-01   3.235e-01  14  sdss  6596  82S  1 
    0  54062.333430  3  22.426  0.387  0.178  0.115   3.715e+00   1.356e+00   6.443e-01   4.185e-01  14  sdss  6596  82S  1 
   32  54062.335089  4  21.944  0.719  0.336  0.346   4.838e+00   4.700e+00   2.223e+00   2.287e+00  12  sdss  6596  82S  1 
  128  54062.334260  0  22.187  0.415  0.085  0.688   5.105e+00   1.785e+00   3.821e-01   3.089e+00  7  sdss  6596  82S  1 
    0  54064.332325  1  22.284  0.146  0.080  0.115   4.326e+00   5.760e-01   3.166e-01   4.571e-01  14  sdss  6604  82S  1 
    0  54064.329008  2  22.561  0.275  0.151  0.133   3.360e+00   8.607e-01   4.825e-01   4.256e-01  14  sdss  6604  82S  1 
   32  54064.329837  3  22.406  0.372  0.155  0.142   3.788e+00   1.329e+00   5.714e-01   5.233e-01  14  sdss  6604  82S  1 
   32  54064.331496  4  21.910  0.704  0.315  0.441   5.065e+00   4.681e+00   2.127e+00   2.978e+00  12  sdss  6604  82S  1 
  128  54064.330666  0  22.404  0.538  0.142  0.963   4.159e+00   1.860e+00   5.267e-01   3.563e+00  7  sdss  6604  82S  1 
    3  54068.316224  1  22.349  0.325  0.328  0.299   4.072e+00   1.185e+00   1.232e+00   1.123e+00  14  sdss  6618  82S  1 
    0  54068.312908  2  22.033  0.307  0.322  0.233   5.522e+00   1.536e+00   1.658e+00   1.197e+00  14  sdss  6618  82S  1 
   32  54068.313737  3  23.733  1.215  1.116  0.889   7.875e-01   1.869e+00   1.550e+00   1.235e+00  14  sdss  6618  82S  1 
    0  54068.315395  4  21.053  0.449  0.385  0.406   1.313e+01   5.610e+00   5.027e+00   5.296e+00  12  sdss  6618  82S  1 
    2  54068.314566  0  22.906  1.389  0.197  2.594   2.555e+00   2.685e+00   4.715e-01   6.222e+00  7  sdss  6618  82S  1 
