# SDSS CID:   6123 IAU:          RA:  30.516315 DEC:   0.235006  (J2000)
# GALAXY_SB [ugriz] = [ 23.93 23.52 23.12 22.85 22.19 ] +/- [  0.20  0.05  0.04  0.04  0.06 ] (asinh mag/square arcsec)
# GALAXY_SB_FLUX [ugriz] = [  7.291E-01  1.319E+00  1.942E+00  2.425E+00  3.289E+00 ] +/- [  2.416E-01  6.583E-02  7.534E-02  9.381E-02  3.730E-01 ] (microJy per square arcsec)
#FLAG  MJD       FILT  MAG     MERR  MSKYERR MGALERR  FLUX       FLUXERR    SKYERR     GALERR    NPRE TELE   RUN  STRIP  IDCCD
   32  53616.398108  1  23.165  0.359  0.380  0.414   1.879e+00   6.320e-01   6.894e-01   7.512e-01  20  sdss  5566  82N  4 
   32  53616.394791  2  22.339  0.248  0.141  0.184   4.147e+00   9.519e-01   5.487e-01   7.155e-01  25  sdss  5566  82N  4 
   32  53616.395620  3  22.432  0.394  0.251  0.191   3.692e+00   1.369e+00   9.021e-01   6.882e-01  24  sdss  5566  82N  4 
   32  53616.397279  4  21.896  0.818  0.162  0.461   5.158e+00   5.475e+00   1.106e+00   3.139e+00  26  sdss  5566  82N  4 
    4  53616.396450  0  22.579  0.771  0.137  0.923   3.518e+00   2.229e+00   4.486e-01   3.024e+00  17  sdss  5566  82N  4 
 1164  53626.375353  1  22.533  0.337  0.510  0.177   3.429e+00   1.042e+00   1.625e+00   5.635e-01  20  sdss  5603  82N  4 
   34  53626.372036  2  22.441  0.380  0.401  0.349   3.766e+00   1.303e+00   1.425e+00   1.243e+00  25  sdss  5603  82N  4 
    0  53626.372865  3  22.171  0.295  0.233  0.151   4.749e+00   1.306e+00   1.054e+00   6.826e-01  24  sdss  5603  82N  4 
   32  53626.374524  4  22.370  0.812  0.119  0.510   2.327e+00   4.581e+00   6.319e-01   2.718e+00  26  sdss  5603  82N  4 
    0  53626.373694  0  21.724  0.277  0.130  0.385   7.861e+00   1.917e+00   9.163e-01   2.717e+00  17  sdss  5603  82N  4 
    1  53628.360449  1  22.550  0.355  0.105  0.141   3.375e+00   1.079e+00   3.308e-01   4.430e-01  20  sdss  5610  82N  4 
    1  53628.357132  2  22.269  0.303  0.145  0.123   4.429e+00   1.228e+00   6.018e-01   5.089e-01  25  sdss  5610  82N  4 
    0  53628.357961  3  22.351  0.402  0.108  0.128   3.995e+00   1.493e+00   4.175e-01   4.947e-01  24  sdss  5610  82N  4 
   32  53628.359620  4  21.942  0.692  0.378  0.251   4.849e+00   4.522e+00   2.500e+00   1.660e+00  26  sdss  5610  82N  4 
    1  53628.358790  0  22.474  0.809  0.062  0.470   3.887e+00   2.524e+00   2.209e-01   1.689e+00  17  sdss  5610  82N  4 
    1  53635.369182  1  22.839  0.400  0.078  0.082   2.570e+00   9.303e-01   1.887e-01   1.975e-01  20  sdss  5622  82N  4 
    1  53635.365865  2  22.372  0.264  0.078  0.045   4.021e+00   9.801e-01   2.962e-01   1.719e-01  25  sdss  5622  82N  4 
    1  53635.366694  3  22.272  0.299  0.049  0.048   4.311e+00   1.211e+00   2.038e-01   1.966e-01  24  sdss  5622  82N  4 
    0  53635.368353  4  23.048  0.661  0.164  0.203  -1.056e+00   3.476e+00   8.172e-01   1.011e+00  26  sdss  5622  82N  4 
    1  53635.367524  0  21.780  0.381  0.049  0.116   7.468e+00   2.463e+00   3.293e-01   7.808e-01  17  sdss  5622  82N  4 
    1  53637.362219  1  22.251  0.259  0.047  0.141   4.462e+00   1.047e+00   1.921e-01   5.787e-01  20  sdss  5633  82N  4 
    0  53637.358901  2  22.457  0.314  0.130  0.116   3.710e+00   1.073e+00   4.561e-01   4.071e-01  25  sdss  5633  82N  4 
   32  53637.359731  3  22.899  0.653  0.200  0.210   2.307e+00   1.485e+00   4.853e-01   5.091e-01  24  sdss  5633  82N  4 
    0  53637.361389  4  21.619  0.642  0.452  0.248   7.233e+00   5.072e+00   3.735e+00   2.048e+00  26  sdss  5633  82N  4 
   33  53637.360560  0  23.372  1.612  0.170  1.122   1.572e+00   2.593e+00   2.888e-01   1.908e+00  17  sdss  5633  82N  4 
    0  53639.407640  1  22.543  0.180  0.058  0.082   3.397e+00   5.638e-01   1.822e-01   2.605e-01  20  sdss  5642  82N  4 
    0  53639.404323  2  22.536  0.232  0.032  0.077   3.442e+00   7.474e-01   1.030e-01   2.531e-01  25  sdss  5642  82N  4 
    0  53639.405152  3  22.554  0.343  0.085  0.079   3.279e+00   1.084e+00   2.741e-01   2.555e-01  24  sdss  5642  82N  4 
    0  53639.406811  4  23.432  0.579  0.310  0.209  -3.072e+00   3.319e+00   1.746e+00   1.181e+00  26  sdss  5642  82N  4 
    8  53639.405982  0  22.562  0.424  0.192  0.288   3.576e+00   1.352e+00   6.402e-01   9.575e-01  17  sdss  5642  82N  4 
    0  53641.406891  1  22.437  0.162  0.098  0.097   3.751e+00   5.587e-01   3.421e-01   3.360e-01  20  sdss  5658  82N  4 
    0  53641.403574  2  22.514  0.226  0.049  0.080   3.515e+00   7.432e-01   1.641e-01   2.669e-01  25  sdss  5658  82N  4 
    0  53641.404403  3  22.484  0.330  0.117  0.090   3.509e+00   1.105e+00   4.003e-01   3.099e-01  24  sdss  5658  82N  4 
   32  53641.406062  4  22.431  0.628  0.357  0.232   2.005e+00   3.399e+00   1.864e+00   1.212e+00  26  sdss  5658  82N  4 
    8  53641.405233  0  22.525  0.480  0.294  0.340   3.706e+00   1.563e+00   1.010e+00   1.169e+00  17  sdss  5658  82N  4 
    0  53644.355131  1  22.423  0.145  0.020  0.092   3.800e+00   5.083e-01   7.203e-02   3.253e-01  20  sdss  5670  82N  4 
    0  53644.351813  2  22.417  0.222  0.057  0.124   3.853e+00   7.961e-01   2.064e-01   4.494e-01  25  sdss  5670  82N  4 
    0  53644.352642  3  22.652  0.376  0.154  0.121   2.974e+00   1.087e+00   4.582e-01   3.602e-01  24  sdss  5670  82N  4 
   32  53644.354301  4  22.498  0.628  0.059  0.292   1.659e+00   3.347e+00   3.024e-01   1.492e+00  26  sdss  5670  82N  4 
    8  53644.353472  0  22.050  0.308  0.126  0.263   5.804e+00   1.580e+00   6.623e-01   1.380e+00  17  sdss  5670  82N  4 
    1  53657.366128  1  22.386  0.484  0.238  0.224   3.934e+00   1.658e+00   8.652e-01   8.151e-01  20  sdss  5731  82N  4 
    1  53657.362811  2  21.969  0.312  0.152  0.146   5.862e+00   1.657e+00   8.298e-01   7.961e-01  25  sdss  5731  82N  4 
   32  53657.363640  3  22.909  0.903  0.365  0.372   2.283e+00   1.961e+00   8.796e-01   8.976e-01  24  sdss  5731  82N  4 
   32  53657.365299  4  21.784  0.922  0.653  0.506   5.949e+00   6.517e+00   4.791e+00   3.710e+00  26  sdss  5731  82N  4 
    1  53663.350676  1  22.287  0.275  0.058  0.061   4.315e+00   1.073e+00   2.310e-01   2.416e-01  20  sdss  5744  82N  4 
    1  53663.347359  2  21.962  0.189  0.034  0.036   5.900e+00   1.025e+00   1.856e-01   1.996e-01  25  sdss  5744  82N  4 
    1  53663.348188  3  22.325  0.347  0.058  0.061   4.097e+00   1.331e+00   2.309e-01   2.415e-01  24  sdss  5744  82N  4 
   32  53663.349846  4  22.053  0.638  0.170  0.177   4.139e+00   3.950e+00   1.051e+00   1.098e+00  26  sdss  5744  82N  4 
    1  53666.420796  1  22.432  0.251  0.074  0.086   3.769e+00   8.631e-01   2.589e-01   3.001e-01  20  sdss  5765  82N  4 
    1  53666.417479  2  22.281  0.238  0.088  0.101   4.379e+00   9.641e-01   3.613e-01   4.131e-01  25  sdss  5765  82N  4 
    0  53666.418308  3  22.130  0.277  0.046  0.063   4.938e+00   1.274e+00   2.175e-01   2.939e-01  24  sdss  5765  82N  4 
   32  53666.419966  4  22.583  0.715  0.106  0.201   1.230e+00   3.813e+00   5.292e-01   1.007e+00  26  sdss  5765  82N  4 
    0  53668.340553  1  22.674  0.258  0.068  0.188   3.003e+00   7.113e-01   1.922e-01   5.273e-01  20  sdss  5770  82N  4 
    0  53668.337236  2  22.288  0.248  0.031  0.140   4.351e+00   9.980e-01   1.282e-01   5.725e-01  25  sdss  5770  82N  4 
   32  53668.338065  3  22.715  0.534  0.245  0.254   2.791e+00   1.431e+00   6.932e-01   7.176e-01  24  sdss  5770  82N  4 
   32  53668.339723  4  22.264  0.827  0.299  0.469   2.903e+00   4.813e+00   1.661e+00   2.611e+00  26  sdss  5770  82N  4 
   32  53668.338894  0  23.829  1.638  0.150  2.342   8.936e-01   2.393e+00   1.881e-01   2.935e+00  17  sdss  5770  82N  4 
   33  53669.428192  1  23.114  0.476  0.069  0.280   1.974e+00   8.565e-01   1.313e-01   5.308e-01  20  sdss  5777  82N  4 
   32  53669.424875  2  22.481  0.336  0.045  0.156   3.627e+00   1.122e+00   1.530e-01   5.350e-01  25  sdss  5777  82N  4 
   32  53669.425704  3  22.773  0.580  0.280  0.221   2.630e+00   1.472e+00   7.543e-01   5.960e-01  24  sdss  5777  82N  4 
   32  53669.427363  4  22.144  0.864  0.549  0.391   3.590e+00   5.239e+00   3.232e+00   2.302e+00  26  sdss  5777  82N  4 
    8  53670.345171  1  22.780  0.225  0.198  0.190   2.717e+00   5.673e-01   5.043e-01   4.836e-01  20  sdss  5781  82N  4 
   32  53670.341854  2  22.738  0.332  0.189  0.192   2.838e+00   8.836e-01   5.176e-01   5.242e-01  25  sdss  5781  82N  4 
   32  53670.342683  3  23.456  0.788  0.249  0.318   1.202e+00   1.261e+00   4.036e-01   5.154e-01  24  sdss  5781  82N  4 
    0  53670.344342  4  23.409  0.710  0.465  0.349  -2.943e+00   4.080e+00   2.594e+00   1.946e+00  26  sdss  5781  82N  4 
    0  53670.343512  0  22.915  0.838  0.170  0.870   2.533e+00   1.821e+00   4.159e-01   2.134e+00  17  sdss  5781  82N  4 
    0  53673.313241  1  22.527  0.149  0.026  0.067   3.448e+00   4.759e-01   8.204e-02   2.145e-01  20  sdss  5792  82N  4 
    0  53673.309924  2  22.365  0.192  0.008  0.056   4.047e+00   7.248e-01   2.967e-02   2.128e-01  25  sdss  5792  82N  4 
    0  53673.310753  3  22.494  0.319  0.072  0.066   3.475e+00   1.063e+00   2.466e-01   2.262e-01  24  sdss  5792  82N  4 
    0  53673.312412  4  23.458  0.542  0.104  0.164  -3.220e+00   3.132e+00   5.943e-01   9.371e-01  26  sdss  5792  82N  4 
    0  53673.311582  0  22.467  0.411  0.013  0.226   3.914e+00   1.427e+00   4.677e-02   8.179e-01  17  sdss  5792  82N  4 
    0  53675.309980  1  22.699  0.186  0.108  0.125   2.934e+00   5.064e-01   2.974e-01   3.428e-01  20  sdss  5800  82N  4 
    0  53675.306663  2  22.728  0.301  0.122  0.121   2.866e+00   8.118e-01   3.363e-01   3.340e-01  25  sdss  5800  82N  4 
   32  53675.307492  3  22.647  0.416  0.146  0.125   2.989e+00   1.203e+00   4.371e-01   3.752e-01  24  sdss  5800  82N  4 
   32  53675.309151  4  22.119  0.644  0.208  0.241   3.738e+00   3.878e+00   1.244e+00   1.438e+00  26  sdss  5800  82N  4 
    0  53675.308322  0  21.885  0.267  0.035  0.223   6.773e+00   1.600e+00   2.110e-01   1.359e+00  17  sdss  5800  82N  4 
    0  53677.331108  1  22.347  0.131  0.011  0.068   4.080e+00   4.922e-01   4.113e-02   2.552e-01  20  sdss  5813  82N  4 
    0  53677.327791  2  22.325  0.185  0.070  0.057   4.202e+00   7.242e-01   2.768e-01   2.263e-01  25  sdss  5813  82N  4 
    0  53677.328620  3  22.508  0.323  0.071  0.079   3.428e+00   1.063e+00   2.384e-01   2.654e-01  24  sdss  5813  82N  4 
    0  53677.330279  4  23.154  0.582  0.317  0.205  -1.589e+00   3.076e+00   1.612e+00   1.043e+00  26  sdss  5813  82N  4 
    8  53677.329449  0  22.378  0.410  0.252  0.281   4.260e+00   1.540e+00   9.847e-01   1.098e+00  17  sdss  5813  82N  4 
    0  53680.317536  1  22.811  0.210  0.061  0.136   2.638e+00   5.145e-01   1.522e-01   3.380e-01  20  sdss  5823  82N  4 
    0  53680.314219  2  22.765  0.302  0.099  0.111   2.764e+00   7.880e-01   2.649e-01   2.950e-01  25  sdss  5823  82N  4 
    0  53680.315049  3  22.785  0.425  0.102  0.099   2.598e+00   1.096e+00   2.712e-01   2.649e-01  24  sdss  5823  82N  4 
    0  53680.316707  4  23.155  0.648  0.318  0.248  -1.594e+00   3.459e+00   1.619e+00   1.261e+00  26  sdss  5823  82N  4 
    8  53680.315878  0  22.681  0.463  0.163  0.392   3.187e+00   1.321e+00   4.873e-01   1.175e+00  17  sdss  5823  82N  4 
    0  53683.376129  1  22.631  0.200  0.149  0.142   3.127e+00   5.758e-01   4.333e-01   4.138e-01  20  sdss  5842  82N  4 
   32  53683.372812  2  24.136  1.031  0.515  0.498   5.666e-01   1.041e+00   4.912e-01   4.748e-01  25  sdss  5842  82N  4 
    0  53683.373642  3  22.083  0.302  0.093  0.078   5.164e+00   1.443e+00   4.568e-01   3.811e-01  24  sdss  5842  82N  4 
    1  53683.375300  4  23.270  0.993  0.423  0.282  -2.190e+00   5.766e+00   2.231e+00   1.489e+00  26  sdss  5842  82N  4 
    4  53683.374471  0  22.220  0.466  0.053  0.323   4.947e+00   1.990e+00   2.401e-01   1.456e+00  17  sdss  5842  82N  4 
    1  53686.316828  1  22.256  0.492  0.174  0.198   4.441e+00   1.895e+00   7.121e-01   8.129e-01  20  sdss  5866  82N  4 
   33  53686.313511  2  22.503  0.512  0.189  0.176   3.552e+00   1.617e+00   6.347e-01   5.927e-01  25  sdss  5866  82N  4 
   33  53686.314340  3  23.319  1.109  0.374  0.451   1.434e+00   1.906e+00   6.628e-01   7.989e-01  24  sdss  5866  82N  4 
  160  53686.315998  4  22.429  0.952  0.237  0.597   2.016e+00   5.453e+00   1.236e+00   3.114e+00  26  sdss  5866  82N  4 
   11  53687.374314  1  22.179  2.670  5.149  0.570   4.770e+00   5.957e+00   2.263e+01   2.504e+00  20  sdss  5872  82N  4 
    3  53687.370997  2  21.840  0.942  0.620  0.308   6.609e+00   4.702e+00   3.802e+00   1.889e+00  25  sdss  5872  82N  4 
   43  53687.371827  3  22.873  1.904  5.383  0.709   2.371e+00   4.235e+00   1.336e+01   1.759e+00  24  sdss  5872  82N  4 
    1  53687.373485  4  24.866  1.950  2.450  0.674  -1.682e+01   2.223e+01   3.975e+01   1.095e+01  26  sdss  5872  82N  4 
    1  53693.318862  1  22.360  0.406  0.129  0.145   4.030e+00   1.448e+00   4.805e-01   5.411e-01  20  sdss  5878  82N  4 
   33  53693.315545  2  22.864  0.649  0.180  0.249   2.512e+00   1.453e+00   4.406e-01   6.085e-01  25  sdss  5878  82N  4 
   32  53693.316374  3  22.625  0.616  0.222  0.239   3.055e+00   1.746e+00   6.753e-01   7.289e-01  24  sdss  5878  82N  4 
   32  53693.318033  4  21.944  0.764  0.555  0.361   4.836e+00   4.997e+00   3.667e+00   2.386e+00  26  sdss  5878  82N  4 
    0  53698.315998  1  22.674  0.226  0.090  0.138   3.003e+00   6.263e-01   2.514e-01   3.860e-01  20  sdss  5898  82N  4 
   12  53698.312681  2  22.617  0.373  0.625  0.109   3.187e+00   1.096e+00   1.898e+00   3.306e-01  25  sdss  5898  82N  4 
   24  53698.313511  3  22.570  0.417  0.658  0.109   3.227e+00   1.284e+00   2.102e+00   3.467e-01  24  sdss  5898  82N  4 
    0  53698.315169  4  23.283  0.693  0.390  0.275  -2.259e+00   3.831e+00   2.068e+00   1.459e+00  26  sdss  5898  82N  4 
   12  53698.314340  0  22.520  0.589  0.457  0.418   3.723e+00   1.879e+00   1.578e+00   1.441e+00  17  sdss  5898  82N  4 
    0  53704.301940  1  22.636  0.194  0.150  0.158   3.112e+00   5.577e-01   4.344e-01   4.578e-01  20  sdss  5918  82N  4 
   32  53704.298623  2  22.491  0.260  0.111  0.148   3.592e+00   8.698e-01   3.773e-01   5.030e-01  25  sdss  5918  82N  4 
   40  53704.299452  3  22.970  0.581  0.432  0.215   2.140e+00   1.269e+00   9.928e-01   4.932e-01  24  sdss  5918  82N  4 
    0  53704.301111  4  21.575  0.546  0.233  0.221   7.603e+00   4.494e+00   1.985e+00   1.883e+00  26  sdss  5918  82N  4 
    0  53704.300281  0  22.031  0.365  0.049  0.370   5.909e+00   1.883e+00   2.604e-01   1.978e+00  17  sdss  5918  82N  4 
