# SDSS CID:  18170 IAU:          RA:  53.511276 DEC:  -0.761756  (J2000)
# GALAXY_SB [ugriz] = [ 23.77 25.03 24.57 23.95 22.79 ] +/- [  0.48  0.13  0.11  0.09  0.10 ] (asinh mag/square arcsec)
# GALAXY_SB_FLUX [ugriz] = [  9.311E-01  5.009E-02  1.872E-01  5.020E-01  1.908E-01 ] +/- [  6.158E-01  7.698E-02  9.364E-02  1.163E-01  4.893E-01 ] (microJy per square arcsec)
#FLAG  MJD       FILT  MAG     MERR  MSKYERR MGALERR  FLUX       FLUXERR    SKYERR     GALERR    NPRE TELE   RUN  STRIP  IDCCD
    1  54347.453238  1  25.384  1.475  1.006  1.075  -1.582e-01   1.170e+00   6.105e-01   6.527e-01  12  sdss  6930  82S  2 
    1  54347.449921  2  23.884  1.117  0.859  0.582   8.239e-01   1.238e+00   9.513e-01   6.447e-01  12  sdss  6930  82S  2 
    0  54347.450750  3  24.666  1.090  1.064  0.788  -3.647e-01   1.544e+00   1.311e+00   9.706e-01  11  sdss  6930  82S  2 
   32  54347.452409  4  22.770  0.728  0.568  0.578   3.063e-01   3.827e+00   2.775e+00   2.824e+00  12  sdss  6930  82S  2 
    5  54347.451579  0  26.618  1.221  0.115  1.898  -3.090e+00   2.874e+00   3.433e-01   5.669e+00  4  sdss  6930  82S  2 
    0  54357.428948  1  22.756  0.177  0.116  0.115   2.778e+00   4.644e-01   3.075e-01   3.058e-01  12  sdss  6955  82S  2 
    0  54357.425631  2  22.750  0.255  0.105  0.106   2.806e+00   6.846e-01   2.855e-01   2.892e-01  12  sdss  6955  82S  2 
    0  54357.426460  3  22.999  0.476  0.300  0.179   2.073e+00   1.036e+00   6.764e-01   4.024e-01  11  sdss  6955  82S  2 
    0  54357.428119  4  22.909  0.571  0.333  0.315  -3.714e-01   2.918e+00   1.630e+00   1.539e+00  12  sdss  6955  82S  2 
    4  54357.427289  0  25.074  1.151  0.119  2.761  -4.048e-01   1.373e+00   1.230e-01   2.863e+00  4  sdss  6955  82S  2 
    0  54362.479059  1  22.460  0.143  0.077  0.098   3.668e+00   4.933e-01   2.659e-01   3.392e-01  12  sdss  6976  82S  2 
    0  54362.475742  2  22.524  0.211  0.095  0.082   3.482e+00   6.966e-01   3.156e-01   2.728e-01  12  sdss  6976  82S  2 
    0  54362.476571  3  22.475  0.307  0.154  0.089   3.541e+00   1.045e+00   5.361e-01   3.114e-01  11  sdss  6976  82S  2 
    0  54362.478230  4  22.046  0.559  0.226  0.281   4.183e+00   3.455e+00   1.397e+00   1.737e+00  12  sdss  6976  82S  2 
    4  54362.477400  0  24.413  1.243  0.167  3.293   2.467e-01   1.498e+00   1.658e-01   3.276e+00  4  sdss  6976  82S  2 
    1  54376.475093  1  22.774  0.259  0.102  0.115   2.732e+00   6.636e-01   2.664e-01   2.998e-01  12  sdss  7016  82S  2 
    0  54376.471776  2  22.294  0.207  0.137  0.069   4.326e+00   8.381e-01   5.627e-01   2.845e-01  12  sdss  7016  82S  2 
   16  54376.472605  3  21.943  0.208  0.274  0.061   5.894e+00   1.148e+00   1.526e+00   3.382e-01  11  sdss  7016  82S  2 
    0  54376.474264  4  23.072  0.684  0.306  0.307  -1.176e+00   3.618e+00   1.528e+00   1.534e+00  12  sdss  7016  82S  2 
    1  54376.473435  0  25.318  1.480  0.394  2.857  -6.708e-01   2.008e+00   4.523e-01   3.277e+00  4  sdss  7016  82S  2 
    0  54382.460624  1  23.201  0.312  0.211  0.351   1.814e+00   5.446e-01   3.772e-01   6.266e-01  12  sdss  7038  82S  2 
    0  54382.457306  2  22.986  0.400  0.410  0.283   2.230e+00   8.575e-01   9.104e-01   6.282e-01  12  sdss  7038  82S  2 
   16  54382.458136  3  22.505  0.377  0.846  0.217   3.438e+00   1.238e+00   2.871e+00   7.377e-01  11  sdss  7038  82S  2 
    0  54382.459794  4  21.114  0.358  0.254  0.251   1.235e+01   4.265e+00   3.105e+00   3.071e+00  12  sdss  7038  82S  2 
    0  54382.458965  0  23.448  1.219  0.325  3.510   1.443e+00   1.852e+00   5.312e-01   5.748e+00  4  sdss  7038  82S  2 
    0  54385.478745  1  23.385  0.346  0.328  0.287   1.513e+00   5.146e-01   5.008e-01   4.372e-01  12  sdss  7051  82S  2 
    0  54385.475428  2  22.953  0.335  0.250  0.158   2.303e+00   7.463e-01   5.718e-01   3.600e-01  12  sdss  7051  82S  2 
   16  54385.476257  3  22.374  0.295  0.449  0.119   3.907e+00   1.097e+00   1.709e+00   4.506e-01  11  sdss  7051  82S  2 
   32  54385.477916  4  22.763  0.685  0.539  0.449   3.409e-01   3.574e+00   2.632e+00   2.194e+00  12  sdss  7051  82S  2 
  128  54385.477087  0  24.736  1.379  0.920  4.726  -6.867e-02   1.726e+00   8.934e-01   4.588e+00  4  sdss  7051  82S  2 
    0  54387.479250  1  23.239  0.354  0.237  0.399   1.747e+00   5.950e-01   4.102e-01   6.899e-01  12  sdss  7057  82S  2 
    0  54387.475933  2  22.270  0.211  0.126  0.146   4.425e+00   8.733e-01   5.281e-01   6.121e-01  12  sdss  7057  82S  2 
    0  54387.476762  3  22.550  0.384  0.608  0.235   3.289e+00   1.214e+00   1.984e+00   7.670e-01  11  sdss  7057  82S  2 
    0  54387.478421  4  21.323  0.398  0.097  0.296   9.977e+00   3.985e+00   1.003e+00   3.048e+00  12  sdss  7057  82S  2 
  136  54387.477591  0  23.076  1.020  0.823  2.593   2.152e+00   1.941e+00   1.806e+00   5.688e+00  4  sdss  7057  82S  2 
  134  54390.471683  1  22.328  0.380  0.554  0.404   4.149e+00   1.429e+00   2.162e+00   1.578e+00  12  sdss  7071  82S  2 
 1182  54390.468366  2  21.701  0.317  3.758  0.197   7.518e+00   2.172e+00   2.644e+01   1.384e+00  12  sdss  7071  82S  2 
  132  54390.469195  3  22.086  1.286  1.167  0.292   5.149e+00   4.690e+00   5.725e+00   1.434e+00  11  sdss  7071  82S  2 
 1154  54390.470854  4  21.220  0.994  1.123  0.784   1.110e+01   9.678e+00   1.258e+01   8.783e+00  12  sdss  7071  82S  2 
    2  54391.480367  1  23.512  0.666  0.888  1.251   1.330e+00   8.440e-01   1.217e+00   1.713e+00  12  sdss  7074  82S  2 
    0  54391.477049  2  23.064  0.727  0.667  0.526   2.063e+00   1.369e+00   1.385e+00   1.093e+00  12  sdss  7074  82S  2 
   32  54391.477879  3  23.321  1.004  2.422  0.881   1.429e+00   1.719e+00   4.296e+00   1.563e+00  11  sdss  7074  82S  2 
    2  54391.479537  4  20.740  0.441  0.616  0.490   1.781e+01   7.125e+00   1.041e+01   8.279e+00  12  sdss  7074  82S  2 
 1162  54391.478708  0  22.140  0.655  0.868  2.814   5.332e+00   2.933e+00   4.317e+00   1.399e+01  4  sdss  7074  82S  2 
    2  54394.462144  1  23.597  0.787  1.519  1.295   1.219e+00   9.148e-01   1.939e+00   1.654e+00  12  sdss  7084  82S  2 
  130  54394.458827  2  22.215  0.396  0.542  0.374   4.658e+00   1.675e+00   2.387e+00   1.646e+00  12  sdss  7084  82S  2 
   34  54394.459656  3  23.503  1.311  5.943  1.391   1.126e+00   2.175e+00   9.375e+00   2.194e+00  11  sdss  7084  82S  2 
  162  54394.461315  4  22.489  1.265  1.615  1.581   1.703e+00   7.784e+00   8.261e+00   8.088e+00  12  sdss  7084  82S  2 
 1158  54394.460485  0  25.295  2.126  2.570 14.894  -6.445e-01   3.705e+00   2.914e+00   1.689e+01  4  sdss  7084  82S  2 
    2  54396.482307  1  23.077  0.427  0.655  0.638   2.046e+00   8.144e-01   1.305e+00   1.270e+00  12  sdss  7096  82S  2 
    0  54396.478990  2  21.928  0.247  0.508  0.215   6.089e+00   1.389e+00   2.903e+00   1.232e+00  12  sdss  7096  82S  2 
   16  54396.479819  3  22.290  0.438  1.483  0.318   4.237e+00   1.713e+00   6.075e+00   1.301e+00  11  sdss  7096  82S  2 
    0  54396.481478  4  22.112  1.033  0.868  0.974   3.776e+00   6.454e+00   5.177e+00   5.809e+00  12  sdss  7096  82S  2 
 1162  54396.480649  0  23.109  1.675  3.899  5.408   2.081e+00   3.010e+00   8.321e+00   1.155e+01  4  sdss  7096  82S  2 
    1  54402.472669  1  23.040  1.486  0.326  0.379   2.120e+00   2.217e+00   6.702e-01   7.799e-01  12  sdss  7101  82S  2 
    1  54402.469352  2  24.097  1.636  0.615  0.738   6.038e-01   1.941e+00   6.007e-01   7.205e-01  12  sdss  7101  82S  2 
    1  54402.470181  3  24.847  1.254  1.231  0.621  -5.940e-01   1.902e+00   1.607e+00   8.109e-01  11  sdss  7101  82S  2 
    0  54402.471840  4  23.246  1.000  0.824  0.731  -2.064e+00   5.790e+00   4.308e+00   3.820e+00  12  sdss  7101  82S  2 
    5  54402.471010  0  27.198  2.233  0.127  1.308  -5.370e+00   6.558e+00   6.342e-01   6.548e+00  4  sdss  7101  82S  2 
    0  54408.387225  1  25.025  0.763  0.223  0.504   5.510e-02   4.880e-01   1.315e-01   2.977e-01  12  sdss  7127  82S  2 
    0  54408.383908  2  23.824  0.635  0.198  0.232   8.921e-01   7.155e-01   2.285e-01   2.670e-01  12  sdss  7127  82S  2 
    0  54408.384737  3  24.416  0.815  0.530  0.269  -6.393e-02   1.059e+00   6.278e-01   3.194e-01  11  sdss  7127  82S  2 
    0  54408.386396  4  21.416  0.390  0.266  0.190   9.041e+00   3.638e+00   2.538e+00   1.812e+00  12  sdss  7127  82S  2 
    8  54408.385567  0  22.845  0.626  0.404  1.097   2.715e+00   1.542e+00   1.077e+00   2.925e+00  4  sdss  7127  82S  2 
  128  54411.345287  1  24.429  0.761  0.384  0.813   4.337e-01   5.534e-01   2.743e-01   5.802e-01  12  sdss  7136  82S  2 
   32  54411.341970  2  24.598  0.901  0.635  0.641   1.640e-01   8.127e-01   5.168e-01   5.211e-01  12  sdss  7136  82S  2 
   32  54411.342799  3  23.937  0.824  0.659  0.439   5.164e-01   1.122e+00   8.414e-01   5.602e-01  11  sdss  7136  82S  2 
    0  54411.344458  4  22.042  0.561  0.389  0.346   4.208e+00   3.476e+00   2.409e+00   2.144e+00  12  sdss  7136  82S  2 
  136  54411.343629  0  25.777  1.262  1.218  3.590  -1.275e+00   1.841e+00   1.847e+00   5.441e+00  4  sdss  7136  82S  2 
    0  54413.385832  1  23.588  0.520  0.310  0.733   1.230e+00   6.383e-01   3.992e-01   9.427e-01  12  sdss  7145  82S  2 
   32  54413.382515  2  24.284  1.025  1.012  1.048   4.301e-01   9.983e-01   9.036e-01   9.361e-01  12  sdss  7145  82S  2 
   32  54413.383344  3  23.982  0.943  1.088  0.719   4.597e-01   1.304e+00   1.368e+00   9.043e-01  11  sdss  7145  82S  2 
  128  54413.385003  4  21.462  0.616  0.633  0.607   8.604e+00   5.386e+00   5.832e+00   5.596e+00  12  sdss  7145  82S  2 
  130  54413.384173  0  25.553  1.668  1.412  9.320  -9.589e-01   2.487e+00   1.845e+00   1.218e+01  4  sdss  7145  82S  2 
    0  54415.397720  1  23.809  0.468  0.259  0.341   9.719e-01   4.901e-01   2.798e-01   3.680e-01  12  sdss  7152  82S  2 
    0  54415.394404  2  24.941  0.801  0.332  0.385  -1.110e-01   7.027e-01   2.674e-01   3.101e-01  12  sdss  7152  82S  2 
   32  54415.395233  3  23.852  0.752  0.275  0.263   6.263e-01   1.035e+00   3.632e-01   3.465e-01  11  sdss  7152  82S  2 
    0  54415.396891  4  21.965  0.523  0.146  0.290   4.695e+00   3.366e+00   9.449e-01   1.877e+00  12  sdss  7152  82S  2 
    0  54415.396062  0  25.060  1.356  0.209  3.617  -3.902e-01   1.715e+00   2.162e-01   3.734e+00  4  sdss  7152  82S  2 
 1156  54417.387936  1  21.342  0.599  0.739  0.098   1.035e+01   5.258e+00   7.128e+00   9.479e-01  12  sdss  7158  82S  2 
 1156  54417.384618  2  26.803  3.047  3.534  0.196  -2.670e+00   7.637e+00   9.220e+00   5.115e-01  12  sdss  7158  82S  2 
    4  54417.385448  3  26.059  1.234  0.480  0.202  -2.934e+00   2.996e+00   1.420e+00   5.967e-01  11  sdss  7158  82S  2 
 1156  54417.387106  4  18.299  1.266  0.904  0.025   1.722e+02   1.400e+02   1.415e+02   3.936e+00  12  sdss  7158  82S  2 
    0  54418.385920  1  23.964  0.717  0.720  1.034   8.147e-01   6.579e-01   6.908e-01   9.926e-01  12  sdss  7161  82S  2 
    0  54418.382602  2  23.419  0.694  0.646  0.581   1.429e+00   1.008e+00   1.002e+00   9.009e-01  12  sdss  7161  82S  2 
   32  54418.383432  3  23.415  0.871  0.781  0.664   1.269e+00   1.425e+00   1.303e+00   1.107e+00  11  sdss  7161  82S  2 
    0  54418.385090  4  23.370  0.887  0.819  0.853  -2.731e+00   5.153e+00   4.480e+00   4.667e+00  12  sdss  7161  82S  2 
  130  54418.384261  0  25.122  1.616  1.188  8.929  -4.553e-01   2.248e+00   1.253e+00   9.416e+00  4  sdss  7161  82S  2 
    0  54422.390752  1  24.344  0.813  0.950  1.030   4.951e-01   6.129e-01   7.103e-01   7.698e-01  12  sdss  7173  82S  2 
    0  54422.387435  2  22.866  0.421  0.192  0.325   2.508e+00   9.963e-01   4.728e-01   8.005e-01  12  sdss  7173  82S  2 
    0  54422.388264  3  25.770  0.634  0.601  0.403  -2.176e+00   1.397e+00   1.403e+00   9.417e-01  11  sdss  7173  82S  2 
    0  54422.389922  4  22.053  0.818  0.653  0.636   4.139e+00   5.096e+00   4.022e+00   3.920e+00  12  sdss  7173  82S  2 
    0  54422.389093  0  25.251  1.578  0.247  6.244  -5.947e-01   2.191e+00   2.749e-01   6.937e+00  4  sdss  7173  82S  2 
    1  54424.326732  1  25.391  1.209  0.519  0.616  -1.624e-01   8.778e-01   3.156e-01   3.746e-01  12  sdss  7183  82S  2 
    0  54424.323416  2  23.947  0.886  0.372  0.361   7.562e-01   9.415e-01   3.961e-01   3.846e-01  12  sdss  7183  82S  2 
   32  54424.324245  3  23.752  0.796  0.462  0.290   7.603e-01   1.134e+00   6.357e-01   3.990e-01  11  sdss  7183  82S  2 
   32  54424.325903  4  22.729  0.609  0.352  0.365   5.045e-01   3.139e+00   1.725e+00   1.786e+00  12  sdss  7183  82S  2 
    1  54424.325074  0  25.437  1.565  0.942  2.914  -8.114e-01   2.219e+00   1.149e+00   3.556e+00  4  sdss  7183  82S  2 
