# SDSS CID:   5909 IAU:          RA:  17.485004 DEC:  -1.194244  (J2000)
# GALAXY_SB [ugriz] = [ 23.33 23.15 22.24 21.81 21.46 ] +/- [  0.23  0.06  0.03  0.03  0.08 ] (asinh mag/square arcsec)
# GALAXY_SB_FLUX [ugriz] = [  1.594E+00  1.901E+00  4.557E+00  6.653E+00  8.556E+00 ] +/- [  4.051E-01  1.043E-01  1.312E-01  1.868E-01  7.354E-01 ] (microJy per square arcsec)
#FLAG  MJD       FILT  MAG     MERR  MSKYERR MGALERR  FLUX       FLUXERR    SKYERR     GALERR    NPRE TELE   RUN  STRIP  IDCCD
   32  53622.376430  1  23.986  0.707  0.184  1.008   7.942e-01   6.331e-01   1.711e-01   9.390e-01  11  sdss  5582  82S  1 
    0  53622.373113  2  25.953  0.756  0.238  0.836  -1.103e+00   9.295e-01   3.070e-01   1.077e+00  11  sdss  5582  82S  1 
    0  53622.373942  3  24.395  1.122  0.985  1.470  -3.944e-02   1.578e+00   1.167e+00   1.742e+00  11  sdss  5582  82S  1 
   32  53622.375601  4  22.525  0.828  0.183  0.885   1.523e+00   4.546e+00   9.292e-01   4.490e+00  11  sdss  5582  82S  1 
   40  53622.374771  0  24.237  1.332  1.923  5.033   4.258e-01   1.674e+00   1.996e+00   5.224e+00  11  sdss  5582  82S  1 
    1  53627.333995  1  25.841  1.039  0.439  0.780  -4.581e-01   7.852e-01   3.164e-01   5.621e-01  11  sdss  5607  82S  1 
    0  53627.330678  2  25.509  0.927  0.259  0.603  -6.058e-01   9.326e-01   2.516e-01   5.866e-01  11  sdss  5607  82S  1 
   32  53627.331507  3  24.320  1.018  0.350  0.790   4.971e-02   1.390e+00   4.150e-01   9.362e-01  11  sdss  5607  82S  1 
   32  53627.333166  4  22.269  0.678  0.329  0.612   2.872e+00   3.864e+00   1.822e+00   3.385e+00  11  sdss  5607  82S  1 
   33  53627.332336  0  23.278  1.130  0.396  1.724   1.741e+00   1.831e+00   7.153e-01   3.111e+00  11  sdss  5607  82S  1 
  161  53634.326350  1  24.440  1.872  0.846  1.357   4.255e-01   1.780e+00   5.956e-01   9.557e-01  11  sdss  5619  82S  1 
   33  53634.323033  2  24.642  1.544  1.204  1.482   1.282e-01   1.698e+00   9.723e-01   1.196e+00  11  sdss  5619  82S  1 
   33  53634.323863  3  22.895  0.841  0.478  0.576   2.316e+00   1.859e+00   1.162e+00   1.401e+00  11  sdss  5619  82S  1 
   32  53634.325521  4  21.620  0.631  0.327  0.690   7.227e+00   4.963e+00   2.678e+00   5.658e+00  11  sdss  5619  82S  1 
    1  53634.324692  0  21.491  0.557  0.271  0.644   9.763e+00   4.411e+00   2.331e+00   5.531e+00  11  sdss  5619  82S  1 
   33  53638.367831  1  23.418  0.461  0.069  0.344   1.463e+00   6.428e-01   1.003e-01   5.001e-01  11  sdss  5637  82S  1 
   32  53638.364514  2  22.977  0.402  0.162  0.248   2.248e+00   8.582e-01   3.572e-01   5.486e-01  11  sdss  5637  82S  1 
   32  53638.365343  3  22.211  0.294  0.028  0.151   4.571e+00   1.253e+00   1.203e-01   6.582e-01  11  sdss  5637  82S  1 
    0  53638.367002  4  22.927  0.742  0.435  0.607  -4.593e-01   3.919e+00   2.129e+00   2.971e+00  11  sdss  5637  82S  1 
   33  53638.366172  0  23.281  1.025  0.173  1.413   1.736e+00   1.671e+00   3.111e-01   2.544e+00  11  sdss  5637  82S  1 
   32  53640.331848  1  22.698  0.231  0.074  0.260   2.936e+00   6.213e-01   2.011e-01   7.097e-01  11  sdss  5646  82S  1 
   32  53640.328531  2  22.468  0.269  0.179  0.264   3.674e+00   9.138e-01   6.209e-01   9.129e-01  11  sdss  5646  82S  1 
   32  53640.329360  3  22.889  0.570  0.217  0.435   2.332e+00   1.323e+00   5.314e-01   1.064e+00  11  sdss  5646  82S  1 
   32  53640.331019  4  21.872  0.610  0.163  0.585   5.324e+00   4.124e+00   1.121e+00   4.024e+00  11  sdss  5646  82S  1 
    0  53640.330189  0  25.542  1.288  0.127  2.904  -9.444e-01   1.730e+00   1.622e-01   3.697e+00  11  sdss  5646  82S  1 
    1  53655.304317  1  22.318  0.195  0.109  0.188   4.191e+00   7.416e-01   4.202e-01   7.253e-01  11  sdss  5713  82S  1 
   32  53655.301000  2  22.092  0.207  0.082  0.145   5.230e+00   9.919e-01   3.979e-01   7.039e-01  11  sdss  5713  82S  1 
   32  53655.301829  3  21.818  0.256  0.130  0.194   6.630e+00   1.561e+00   8.071e-01   1.203e+00  11  sdss  5713  82S  1 
   32  53655.303488  4  21.253  0.480  0.150  0.432   1.073e+01   5.029e+00   1.638e+00   4.724e+00  11  sdss  5713  82S  1 
   32  53655.302658  0  23.248  1.084  0.407  1.904   1.799e+00   1.792e+00   7.525e-01   3.518e+00  11  sdss  5713  82S  1 
  141  53664.328958  1  22.285  0.748  0.587  0.181   4.322e+00   2.590e+00   2.330e+00   7.202e-01  11  sdss  5754  82S  1 
   25  53664.325641  2  21.625  0.198  0.438  0.086   8.072e+00   1.454e+00   3.258e+00   6.418e-01  11  sdss  5754  82S  1 
   57  53664.326471  3  21.377  0.235  0.928  0.100   1.001e+01   2.140e+00   8.600e+00   9.219e-01  11  sdss  5754  82S  1 
   61  53664.328129  4  21.586  1.150  4.867  0.488   7.504e+00   8.896e+00   4.090e+01   4.099e+00  11  sdss  5754  82S  1 
 1161  53664.327300  0  26.523  2.084  1.346  1.304  -2.813e+00   4.341e+00   3.558e+00   3.447e+00  11  sdss  5754  82S  1 
   32  53669.288329  1  22.813  0.261  0.133  0.431   2.633e+00   6.320e-01   3.270e-01   1.063e+00  11  sdss  5776  82S  1 
   32  53669.285012  2  22.231  0.208  0.087  0.185   4.591e+00   8.789e-01   3.723e-01   7.912e-01  11  sdss  5776  82S  1 
   32  53669.285842  3  22.113  0.291  0.136  0.228   5.019e+00   1.357e+00   6.450e-01   1.084e+00  11  sdss  5776  82S  1 
   32  53669.287500  4  21.862  0.656  0.329  0.676   5.394e+00   4.453e+00   2.278e+00   4.678e+00  11  sdss  5776  82S  1 
  168  53669.286671  0  22.616  0.580  0.425  1.726   3.394e+00   1.682e+00   1.327e+00   5.388e+00  11  sdss  5776  82S  1 
   32  53671.372958  1  23.388  0.480  0.168  0.554   1.508e+00   6.833e-01   2.510e-01   8.263e-01  11  sdss  5786  82S  1 
   32  53671.369641  2  22.472  0.319  0.182  0.204   3.660e+00   1.071e+00   6.285e-01   7.024e-01  11  sdss  5786  82S  1 
   32  53671.370471  3  21.918  0.268  0.164  0.161   6.036e+00   1.490e+00   9.275e-01   9.135e-01  11  sdss  5786  82S  1 
   32  53671.372129  4  21.260  0.450  0.136  0.356   1.065e+01   4.712e+00   1.478e+00   3.867e+00  11  sdss  5786  82S  1 
   32  53671.371300  0  24.063  1.538  0.449  3.094   6.142e-01   2.106e+00   4.978e-01   3.428e+00  11  sdss  5786  82S  1 
   32  53674.272192  1  22.736  0.248  0.205  0.390   2.832e+00   6.444e-01   5.409e-01   1.030e+00  11  sdss  5797  82S  1 
   32  53674.268876  2  22.789  0.367  0.116  0.377   2.703e+00   9.264e-01   3.026e-01   9.820e-01  11  sdss  5797  82S  1 
   32  53674.269705  3  22.278  0.347  0.167  0.329   4.287e+00   1.386e+00   6.843e-01   1.352e+00  11  sdss  5797  82S  1 
   32  53674.271363  4  22.222  0.745  0.201  0.893   3.138e+00   4.342e+00   1.139e+00   5.051e+00  11  sdss  5797  82S  1 
    0  53674.270534  0  24.878  1.389  0.215  4.527  -2.067e-01   1.752e+00   2.117e-01   4.461e+00  11  sdss  5797  82S  1 
   32  53676.361533  1  24.045  0.608  0.102  0.467   7.396e-01   5.284e-01   9.142e-02   4.175e-01  11  sdss  5807  82S  1 
   32  53676.358216  2  22.328  0.218  0.086  0.125   4.192e+00   8.433e-01   3.386e-01   4.903e-01  11  sdss  5807  82S  1 
   32  53676.359046  3  22.199  0.299  0.105  0.172   4.624e+00   1.287e+00   4.636e-01   7.584e-01  11  sdss  5807  82S  1 
  128  53676.360704  4  21.712  0.474  0.214  0.294   6.490e+00   3.560e+00   1.639e+00   2.253e+00  11  sdss  5807  82S  1 
   32  53676.359875  0  23.229  1.011  0.181  1.510   1.835e+00   1.701e+00   3.388e-01   2.830e+00  11  sdss  5807  82S  1 
   32  53679.333227  1  23.240  0.423  0.094  0.682   1.747e+00   6.886e-01   1.587e-01   1.154e+00  11  sdss  5820  82S  1 
   32  53679.329910  2  23.182  0.608  0.312  0.554   1.831e+00   1.057e+00   5.797e-01   1.030e+00  11  sdss  5820  82S  1 
   32  53679.330740  3  22.240  0.432  0.331  0.435   4.446e+00   1.754e+00   1.407e+00   1.846e+00  11  sdss  5820  82S  1 
   32  53679.332398  4  22.456  0.972  0.629  1.194   1.875e+00   5.561e+00   3.249e+00   6.170e+00  11  sdss  5820  82S  1 
   32  53681.324601  1  24.288  0.698  0.283  0.561   5.378e-01   5.326e-01   2.162e-01   4.290e-01  11  sdss  5836  82S  1 
   36  53681.321284  2  22.444  0.379  0.162  0.099   3.757e+00   1.293e+00   5.714e-01   3.490e-01  11  sdss  5836  82S  1 
   36  53681.322114  3  22.033  0.284  0.103  0.086   5.415e+00   1.422e+00   5.264e-01   4.397e-01  11  sdss  5836  82S  1 
    0  53681.323772  4  23.289  0.678  0.342  0.396  -2.293e+00   3.746e+00   1.813e+00   2.099e+00  11  sdss  5836  82S  1 
    0  53681.322943  0  24.889  1.361  0.169  1.856  -2.180e-01   1.701e+00   1.668e-01   1.833e+00  11  sdss  5836  82S  1 
   33  53685.283797  1  23.521  1.379  0.445  0.452   1.318e+00   1.527e+00   5.935e-01   6.031e-01  11  sdss  5853  82S  1 
   33  53685.280480  2  22.987  0.792  0.288  0.305   2.226e+00   1.542e+00   6.307e-01   6.674e-01  11  sdss  5853  82S  1 
   33  53685.281309  3  21.985  0.340  0.116  0.158   5.666e+00   1.761e+00   6.160e-01   8.447e-01  11  sdss  5853  82S  1 
    0  53685.282968  4  23.267  0.810  0.427  0.627  -2.176e+00   4.536e+00   2.247e+00   3.303e+00  11  sdss  5853  82S  1 
 1153  53685.282138  0  22.934  1.493  0.542  1.166   2.485e+00   2.847e+00   1.290e+00   2.774e+00  11  sdss  5853  82S  1 
    9  53697.280668  1  26.967  0.582  0.876  0.355  -1.696e+00   8.956e-01   1.446e+00   5.853e-01  11  sdss  5895  82S  1 
   32  53697.277351  2  23.670  0.773  0.304  0.393   1.078e+00   9.388e-01   3.871e-01   4.989e-01  11  sdss  5895  82S  1 
   32  53697.278181  3  22.899  0.578  0.281  0.291   2.307e+00   1.329e+00   6.821e-01   7.060e-01  11  sdss  5895  82S  1 
   32  53697.279839  4  21.805  0.689  0.446  0.485   5.793e+00   4.824e+00   3.208e+00   3.485e+00  11  sdss  5895  82S  1 
    8  53697.279010  0  24.772  1.517  1.758  3.124  -1.035e-01   1.998e+00   1.711e+00   3.040e+00  11  sdss  5895  82S  1 
    0  53700.279345  1  25.615  0.964  0.647  1.653  -3.030e-01   6.795e-01   4.209e-01   1.074e+00  11  sdss  5905  82S  1 
   32  53700.276028  2  23.627  0.817  0.263  0.834   1.134e+00   1.015e+00   3.450e-01   1.093e+00  11  sdss  5905  82S  1 
   32  53700.276857  3  23.891  1.045  0.735  1.012   5.760e-01   1.500e+00   9.528e-01   1.312e+00  11  sdss  5905  82S  1 
   32  53700.278516  4  22.012  0.921  0.838  1.144   4.398e+00   5.879e+00   5.288e+00   7.222e+00  11  sdss  5905  82S  1 
    2  53700.277687  0  25.461  1.474  0.355  4.448  -8.408e-01   2.032e+00   4.317e-01   5.410e+00  11  sdss  5905  82S  1 
   32  53705.265830  1  24.960  0.887  0.644  1.190   9.369e-02   5.860e-01   3.832e-01   7.082e-01  11  sdss  5924  82S  1 
   32  53705.262513  2  23.596  0.632  0.380  0.462   1.175e+00   8.123e-01   5.100e-01   6.199e-01  11  sdss  5924  82S  1 
   32  53705.263343  3  22.832  0.505  0.173  0.353   2.475e+00   1.238e+00   4.436e-01   9.033e-01  11  sdss  5924  82S  1 
    0  53705.265001  4  23.106  0.717  0.214  0.752  -1.345e+00   3.834e+00   1.074e+00   3.779e+00  11  sdss  5924  82S  1 
   32  53705.264172  0  24.356  1.317  0.408  3.545   3.044e-01   1.630e+00   4.099e-01   3.562e+00  11  sdss  5924  82S  1 
