# SDSS CID:   4927 IAU:          RA: 327.230316 DEC:  -0.493802  (J2000)
# GALAXY_SB [ugriz] = [ 22.71 22.50 22.11 21.47 21.10 ] +/- [  0.17  0.04  0.03  0.02  0.05 ] (asinh mag/square arcsec)
# GALAXY_SB_FLUX [ugriz] = [  3.007E+00  3.507E+00  5.151E+00  9.157E+00  1.251E+01 ] +/- [  4.917E-01  1.172E-01  1.284E-01  1.539E-01  5.923E-01 ] (microJy per square arcsec)
#FLAG  MJD       FILT  MAG     MERR  MSKYERR MGALERR  FLUX       FLUXERR    SKYERR     GALERR    NPRE TELE   RUN  STRIP  IDCCD
   32  53623.214872  1  22.813  0.260  0.101  0.245   2.634e+00   6.356e-01   2.516e-01   6.081e-01  9  sdss  5590  82N  2 
   32  53623.211556  2  23.448  0.591  0.239  0.328   1.384e+00   8.434e-01   3.581e-01   4.908e-01  11  sdss  5590  82N  2 
   32  53623.212385  3  24.161  0.924  0.487  0.509   2.398e-01   1.242e+00   5.861e-01   6.134e-01  12  sdss  5590  82N  2 
   32  53623.214043  4  22.177  0.710  0.501  0.477   3.395e+00   4.179e+00   2.883e+00   2.747e+00  14  sdss  5590  82N  2 
   44  53623.213214  0  23.099  0.971  0.595  1.518   2.103e+00   1.811e+00   1.261e+00   3.217e+00  7  sdss  5590  82N  2 
   33  53626.200719  1  24.026  1.145  0.106  0.584   7.571e-01   9.988e-01   9.632e-02   5.312e-01  9  sdss  5603  82N  2 
   33  53626.197402  2  22.843  0.457  0.093  0.198   2.565e+00   1.081e+00   2.314e-01   4.908e-01  11  sdss  5603  82N  2 
   32  53626.198231  3  23.171  0.695  0.153  0.249   1.711e+00   1.306e+00   3.019e-01   4.903e-01  12  sdss  5603  82N  2 
   32  53626.199890  4  22.222  0.650  0.174  0.323   3.139e+00   3.741e+00   9.825e-01   1.820e+00  14  sdss  5603  82N  2 
   41  53626.199061  0  23.318  1.512  0.651  1.551   1.667e+00   2.450e+00   1.160e+00   2.762e+00  7  sdss  5603  82N  2 
  161  53628.185632  1  24.030  2.097  1.157  1.708   7.535e-01   2.275e+00   1.050e+00   1.549e+00  9  sdss  5610  82N  2 
   33  53628.182315  2  23.280  1.275  0.163  0.623   1.655e+00   1.860e+00   2.800e-01   1.066e+00  11  sdss  5610  82N  2 
   33  53628.183145  3  22.192  0.498  0.334  0.314   4.654e+00   2.081e+00   1.482e+00   1.395e+00  12  sdss  5610  82N  2 
   32  53628.184803  4  22.113  1.146  0.627  1.223   3.772e+00   7.289e+00   3.728e+00   7.273e+00  14  sdss  5610  82N  2 
 1187  53628.183974  0  24.658  2.636  3.485  8.923   7.642e-03   5.914e+00   3.376e+00   8.645e+00  7  sdss  5610  82N  2 
   33  53635.193696  1  22.621  0.366  0.145  0.322   3.157e+00   1.043e+00   4.283e-01   9.496e-01  9  sdss  5622  82N  2 
   32  53635.190380  2  22.868  0.364  0.105  0.155   2.503e+00   8.578e-01   2.541e-01   3.754e-01  11  sdss  5622  82N  2 
   32  53635.191209  3  22.797  0.458  0.155  0.181   2.566e+00   1.162e+00   4.075e-01   4.782e-01  12  sdss  5622  82N  2 
   32  53635.192867  4  22.284  0.614  0.389  0.426   2.792e+00   3.450e+00   2.137e+00   2.338e+00  14  sdss  5622  82N  2 
   33  53635.192038  0  22.765  0.825  0.053  0.914   2.938e+00   2.033e+00   1.481e-01   2.566e+00  7  sdss  5622  82N  2 
   32  53637.186954  1  22.616  0.235  0.192  0.340   3.172e+00   6.879e-01   5.697e-01   1.008e+00  9  sdss  5633  82N  2 
   32  53637.183637  2  22.270  0.245  0.107  0.216   4.427e+00   9.961e-01   4.428e-01   8.907e-01  11  sdss  5633  82N  2 
   32  53637.184467  3  23.469  0.899  0.556  0.636   1.180e+00   1.434e+00   8.928e-01   1.021e+00  12  sdss  5633  82N  2 
    0  53637.186125  4  23.404  0.865  0.098  0.632  -2.917e+00   5.048e+00   5.424e-01   3.504e+00  14  sdss  5633  82N  2 
   32  53637.185296  0  22.222  0.543  0.055  1.155   4.935e+00   2.288e+00   2.495e-01   5.234e+00  7  sdss  5633  82N  2 
   32  53644.178788  1  22.631  0.188  0.085  0.155   3.128e+00   5.439e-01   2.478e-01   4.525e-01  9  sdss  5670  82N  2 
   32  53644.175472  2  22.567  0.241  0.064  0.116   3.344e+00   7.510e-01   2.033e-01   3.684e-01  11  sdss  5670  82N  2 
   32  53644.176301  3  23.054  0.538  0.186  0.196   1.952e+00   1.112e+00   3.993e-01   4.218e-01  12  sdss  5670  82N  2 
   32  53644.177959  4  22.477  0.680  0.132  0.381   1.764e+00   3.665e+00   6.755e-01   1.952e+00  14  sdss  5670  82N  2 
  160  53644.177130  0  22.627  0.536  0.019  0.748   3.358e+00   1.590e+00   6.165e-02   2.365e+00  7  sdss  5670  82N  2 
   33  53654.212843  1  22.761  0.497  0.172  0.506   2.767e+00   1.218e+00   4.482e-01   1.315e+00  9  sdss  5709  82N  2 
   33  53654.209526  2  22.536  0.324  0.119  0.160   3.444e+00   1.027e+00   3.864e-01   5.216e-01  11  sdss  5709  82N  2 
   32  53654.210355  3  22.573  0.518  0.174  0.267   3.217e+00   1.562e+00   5.546e-01   8.485e-01  12  sdss  5709  82N  2 
  128  53654.212014  4  24.060  0.750  0.506  0.519  -7.343e+00   5.841e+00   4.154e+00   4.264e+00  14  sdss  5709  82N  2 
  161  53654.211184  0  23.163  1.605  0.477  2.651   1.966e+00   2.784e+00   9.595e-01   5.333e+00  7  sdss  5709  82N  2 
   33  53656.159998  1  22.715  0.887  0.265  0.521   2.889e+00   2.021e+00   7.174e-01   1.412e+00  9  sdss  5719  82N  2 
   33  53656.156681  2  23.042  1.016  0.240  0.485   2.109e+00   1.799e+00   5.006e-01   1.012e+00  11  sdss  5719  82N  2 
    1  53656.157511  3  24.521  1.288  0.786  0.910  -1.885e-01   1.916e+00   9.403e-01   1.089e+00  12  sdss  5719  82N  2 
    0  53656.159169  4  23.161  1.082  0.430  1.057  -1.624e+00   6.311e+00   2.189e+00   5.383e+00  14  sdss  5719  82N  2 
   35  53656.158340  0  23.884  2.380  2.323  5.281   8.242e-01   4.714e+00   2.831e+00   6.435e+00  7  sdss  5719  82N  2 
   32  53668.162094  1  22.466  0.176  0.081  0.209   3.651e+00   5.916e-01   2.746e-01   7.104e-01  9  sdss  5770  82N  2 
   32  53668.158777  2  22.221  0.227  0.057  0.177   4.635e+00   9.665e-01   2.442e-01   7.656e-01  11  sdss  5770  82N  2 
   32  53668.159606  3  23.814  0.983  0.652  0.602   6.770e-01   1.415e+00   8.728e-01   8.057e-01  12  sdss  5770  82N  2 
    0  53668.161264  4  23.294  0.915  0.503  0.661  -2.319e+00   5.249e+00   2.672e+00   3.508e+00  14  sdss  5770  82N  2 
   32  53668.160435  0  22.825  0.824  0.132  1.729   2.769e+00   1.937e+00   3.510e-01   4.610e+00  7  sdss  5770  82N  2 
   32  53670.166976  1  22.564  0.192  0.110  0.227   3.331e+00   5.907e-01   3.405e-01   7.065e-01  9  sdss  5781  82N  2 
   32  53670.163659  2  22.630  0.282  0.086  0.157   3.149e+00   8.260e-01   2.563e-01   4.711e-01  11  sdss  5781  82N  2 
   32  53670.164488  3  22.735  0.475  0.184  0.220   2.734e+00   1.263e+00   5.114e-01   6.102e-01  12  sdss  5781  82N  2 
    0  53670.166147  4  23.973  0.625  0.319  0.398  -6.643e+00   4.667e+00   2.462e+00   3.073e+00  14  sdss  5781  82N  2 
  160  53670.165317  0  22.157  0.384  0.070  0.799   5.248e+00   1.777e+00   3.376e-01   3.840e+00  7  sdss  5781  82N  2 
   32  53673.134395  1  22.390  0.161  0.112  0.179   3.919e+00   5.815e-01   4.084e-01   6.499e-01  9  sdss  5792  82N  2 
   32  53673.131078  2  22.716  0.340  0.100  0.243   2.900e+00   9.177e-01   2.769e-01   6.730e-01  11  sdss  5792  82N  2 
   32  53673.131908  3  22.205  0.295  0.119  0.149   4.597e+00   1.267e+00   5.225e-01   6.516e-01  12  sdss  5792  82N  2 
   32  53673.133566  4  22.767  0.778  0.458  0.550   3.188e-01   4.134e+00   2.238e+00   2.688e+00  14  sdss  5792  82N  2 
   40  53673.132737  0  22.293  0.428  0.211  0.802   4.620e+00   1.738e+00   8.990e-01   3.410e+00  7  sdss  5792  82N  2 
   32  53675.131414  1  22.528  0.173  0.089  0.170   3.445e+00   5.518e-01   2.860e-01   5.472e-01  9  sdss  5800  82N  2 
   32  53675.128097  2  22.296  0.215  0.109  0.123   4.320e+00   8.552e-01   4.381e-01   4.960e-01  11  sdss  5800  82N  2 
   32  53675.128926  3  22.615  0.412  0.108  0.182   3.086e+00   1.221e+00   3.326e-01   5.580e-01  12  sdss  5800  82N  2 
    0  53675.130584  4  23.059  0.746  0.457  0.484  -1.110e+00   3.984e+00   2.273e+00   2.409e+00  14  sdss  5800  82N  2 
    0  53675.129755  0  22.109  0.337  0.099  0.532   5.489e+00   1.639e+00   4.944e-01   2.671e+00  7  sdss  5800  82N  2 
   32  53677.151971  1  22.378  0.157  0.049  0.172   3.964e+00   5.738e-01   1.819e-01   6.315e-01  9  sdss  5813  82N  2 
   32  53677.148655  2  22.484  0.286  0.110  0.252   3.618e+00   9.555e-01   3.763e-01   8.589e-01  11  sdss  5813  82N  2 
   32  53677.149484  3  22.842  0.504  0.259  0.293   2.449e+00   1.226e+00   6.575e-01   7.461e-01  12  sdss  5813  82N  2 
   32  53677.151142  4  21.799  0.551  0.351  0.402   5.836e+00   3.876e+00   2.520e+00   2.884e+00  14  sdss  5813  82N  2 
  160  53677.150313  0  23.463  1.212  0.134  2.884   1.418e+00   1.815e+00   2.138e-01   4.613e+00  7  sdss  5813  82N  2 
   32  53680.138620  1  22.632  0.196  0.053  0.193   3.125e+00   5.669e-01   1.547e-01   5.631e-01  9  sdss  5823  82N  2 
   32  53680.135304  2  22.253  0.202  0.081  0.118   4.499e+00   8.368e-01   3.409e-01   4.929e-01  11  sdss  5823  82N  2 
   32  53680.136133  3  22.827  0.482  0.169  0.237   2.488e+00   1.190e+00   4.346e-01   6.087e-01  12  sdss  5823  82N  2 
   32  53680.137791  4  22.073  0.588  0.177  0.367   4.017e+00   3.581e+00   1.074e+00   2.228e+00  14  sdss  5823  82N  2 
   32  53680.136962  0  23.066  0.902  0.035  1.446   2.174e+00   1.741e+00   7.683e-02   3.149e+00  7  sdss  5823  82N  2 
  163  53686.204539  1  21.290  0.364  0.254  0.292   1.086e+01   3.502e+00   2.529e+00   2.904e+00  9  sdss  5865  82N  2 
   35  53686.201222  2  21.948  0.550  0.329  0.368   5.976e+00   2.811e+00   1.819e+00   2.034e+00  11  sdss  5865  82N  2 
    3  53686.202051  3  25.382  1.630  1.808  1.631  -1.394e+00   3.017e+00   3.152e+00   2.845e+00  12  sdss  5865  82N  2 
    2  53686.203710  4  25.467  0.353  0.058  0.357  -2.973e+01   9.308e+00   1.572e+00   9.719e+00  14  sdss  5865  82N  2 
   33  53693.139185  1  22.523  0.369  0.096  0.194   3.461e+00   1.148e+00   3.099e-01   6.248e-01  9  sdss  5878  82N  2 
   33  53693.135869  2  22.625  0.480  0.208  0.299   3.164e+00   1.364e+00   6.235e-01   8.971e-01  11  sdss  5878  82N  2 
   32  53693.136698  3  23.821  0.977  0.442  0.529   6.677e-01   1.404e+00   5.896e-01   7.050e-01  12  sdss  5878  82N  2 
    0  53693.138356  4  23.092  0.788  0.326  0.589  -1.279e+00   4.261e+00   1.636e+00   2.951e+00  14  sdss  5878  82N  2 
 1193  53693.137527  0  22.892  1.517  0.626  1.440   2.592e+00   2.996e+00   1.576e+00   3.625e+00  7  sdss  5878  82N  2 
 1060  53699.159491  1  22.780  1.025  0.603  0.250   2.718e+00   2.110e+00   1.541e+00   6.394e-01  9  sdss  5902  82N  2 
   44  53699.156174  2  22.002  0.340  0.409  0.094   5.683e+00   1.735e+00   2.151e+00   4.972e-01  11  sdss  5902  82N  2 
   36  53699.157003  3  21.921  0.623  0.311  0.083   6.018e+00   3.208e+00   1.761e+00   4.684e-01  12  sdss  5902  82N  2 
 1028  53699.158662  4  20.234  0.654  0.333  0.092   2.877e+01   1.554e+01   8.780e+00   2.438e+00  14  sdss  5902  82N  2 
 1156  53699.157833  0  20.869  0.475  0.038  0.184   1.735e+01   6.966e+00   5.951e-01   2.874e+00  7  sdss  5902  82N  2 
   34  53702.133629  1  22.416  0.333  0.601  1.013   3.826e+00   1.150e+00   2.134e+00   3.599e+00  9  sdss  5909  82N  2 
   34  53702.130312  2  23.697  1.332  1.767  2.311   1.043e+00   1.609e+00   2.200e+00   2.878e+00  11  sdss  5909  82N  2 
    2  53702.131141  3  26.285  0.651  0.996  0.798  -3.669e+00   2.128e+00   3.557e+00   2.850e+00  12  sdss  5909  82N  2 
   32  53702.132800  4  22.632  1.729  3.462  2.747   9.869e-01   1.251e+01   1.716e+01   1.362e+01  14  sdss  5909  82N  2 
   42  53702.131971  0  21.521  0.441  0.631  1.843   9.494e+00   3.591e+00   5.402e+00   1.579e+01  7  sdss  5909  82N  2 
   34  53703.142915  1  22.077  0.178  0.211  0.367   5.244e+00   8.518e-01   1.023e+00   1.777e+00  9  sdss  5915  82N  2 
   32  53703.139598  2  22.257  0.308  0.279  0.371   4.481e+00   1.257e+00   1.167e+00   1.550e+00  11  sdss  5915  82N  2 
   32  53703.140428  3  22.335  0.441  0.445  0.425   4.057e+00   1.649e+00   1.739e+00   1.662e+00  12  sdss  5915  82N  2 
    0  53703.142086  4  23.775  0.896  0.694  0.951  -5.197e+00   5.979e+00   4.691e+00   6.432e+00  14  sdss  5915  82N  2 
  162  53703.141257  0  23.345  1.632  0.205  4.508   1.620e+00   2.662e+00   3.575e-01   7.871e+00  7  sdss  5915  82N  2 
   32  53704.121386  1  22.228  0.155  0.080  0.183   4.558e+00   6.486e-01   3.357e-01   7.704e-01  9  sdss  5918  82N  2 
   32  53704.118070  2  22.461  0.254  0.113  0.161   3.698e+00   8.687e-01   3.925e-01   5.594e-01  11  sdss  5918  82N  2 
   32  53704.118899  3  22.403  0.349  0.134  0.186   3.798e+00   1.252e+00   4.921e-01   6.860e-01  12  sdss  5918  82N  2 
   32  53704.120557  4  21.899  0.596  0.132  0.360   5.134e+00   3.954e+00   8.887e-01   2.422e+00  14  sdss  5918  82N  2 
  168  53704.119728  0  22.165  0.389  0.285  0.655   5.208e+00   1.784e+00   1.358e+00   3.125e+00  7  sdss  5918  82N  2 
