# SDSS CID:   5533 IAU: 2005hu   RA: 328.669861 DEC:   0.413354  (J2000)
# GALAXY_SB [ugriz] = [ 24.06 23.60 22.97 22.85 22.19 ] +/- [  0.22  0.05  0.04  0.04  0.08 ] (asinh mag/square arcsec)
# GALAXY_SB_FLUX [ugriz] = [  5.873E-01  1.210E+00  2.255E+00  2.431E+00  3.274E+00 ] +/- [  2.390E-01  6.563E-02  8.431E-02  1.080E-01  4.380E-01 ] (microJy per square arcsec)
#FLAG  MJD       FILT  MAG     MERR  MSKYERR MGALERR  FLUX       FLUXERR    SKYERR     GALERR    NPRE TELE   RUN  STRIP  IDCCD
 1196  53616.228572  1  24.725  1.697  4.872  0.870   2.365e-01   1.475e+00   3.058e+00   5.462e-01  22  sdss  5566  82N  4 
    0  53616.225255  2  25.174  1.014  0.284  0.791  -3.027e-01   9.587e-01   2.404e-01   6.690e-01  24  sdss  5566  82N  4 
   32  53616.226085  3  22.524  0.495  0.261  0.253   3.377e+00   1.560e+00   8.664e-01   8.378e-01  27  sdss  5566  82N  4 
  140  53616.227743  4  22.841  1.068  1.698  0.608  -3.951e-02   6.091e+00   8.283e+00   2.964e+00  25  sdss  5566  82N  4 
    4  53616.226914  0  26.111  1.206  0.198  1.191  -1.853e+00   2.048e+00   3.847e-01   2.314e+00  11  sdss  5566  82N  4 
   32  53623.218646  1  24.522  0.792  0.325  0.496   3.690e-01   5.582e-01   2.208e-01   3.370e-01  22  sdss  5590  82N  4 
    0  53623.215329  2  25.190  0.868  0.264  0.386  -3.163e-01   7.980e-01   2.243e-01   3.286e-01  24  sdss  5590  82N  4 
   32  53623.216158  3  24.155  0.885  0.394  0.301   2.461e-01   1.179e+00   4.746e-01   3.630e-01  27  sdss  5590  82N  4 
    0  53623.217817  4  23.341  0.763  0.500  0.354  -2.571e+00   4.326e+00   2.710e+00   1.920e+00  25  sdss  5590  82N  4 
    4  53623.216987  0  25.128  1.269  0.117  1.176  -4.612e-01   1.575e+00   1.239e-01   1.242e+00  11  sdss  5590  82N  4 
    1  53625.237716  1  25.507  0.889  0.346  0.339  -2.341e-01   6.048e-01   2.169e-01   2.124e-01  22  sdss  5597  82S  5 
   32  53625.234399  2  24.390  0.823  0.077  0.232   3.369e-01   7.539e-01   6.611e-02   1.987e-01  24  sdss  5597  82S  5 
    0  53625.235228  3  24.991  0.803  0.205  0.194  -7.874e-01   1.151e+00   2.845e-01   2.688e-01  27  sdss  5597  82S  5 
    0  53625.236886  4  23.353  0.572  0.173  0.214  -2.637e+00   3.183e+00   9.435e-01   1.163e+00  25  sdss  5597  82S  5 
    0  53625.236057  0  23.820  1.090  0.050  0.579   9.051e-01   1.417e+00   6.312e-02   7.353e-01  11  sdss  5597  82S  5 
    1  53626.204922  1  25.969  1.178  0.404  0.403  -5.539e-01   9.458e-01   3.146e-01   3.137e-01  22  sdss  5603  82N  4 
   33  53626.201605  2  24.189  1.047  0.362  0.356   5.162e-01   1.045e+00   3.364e-01   3.308e-01  24  sdss  5603  82N  4 
    0  53626.202434  3  25.091  0.875  0.235  0.225  -9.301e-01   1.308e+00   3.431e-01   3.291e-01  27  sdss  5603  82N  4 
    0  53626.204093  4  21.763  0.590  0.330  0.226   6.100e+00   4.268e+00   2.449e+00   1.679e+00  25  sdss  5603  82N  4 
    1  53626.203264  0  26.280  1.150  0.089  0.492  -2.207e+00   2.170e+00   1.975e-01   1.096e+00  11  sdss  5603  82N  4 
    1  53627.198858  1  23.138  0.678  0.184  0.181   1.928e+00   1.148e+00   3.438e-01   3.375e-01  22  sdss  5607  82S  5 
   33  53627.195540  2  24.547  1.139  0.376  0.400   2.060e-01   1.098e+00   3.090e-01   3.285e-01  24  sdss  5607  82S  5 
    0  53627.196370  3  25.026  0.978  0.389  0.266  -8.365e-01   1.450e+00   5.482e-01   3.755e-01  27  sdss  5607  82S  5 
   32  53627.198028  4  22.452  0.802  0.348  0.402   1.896e+00   4.442e+00   1.803e+00   2.083e+00  25  sdss  5607  82S  5 
    9  53627.197199  0  22.382  0.690  0.387  0.279   4.245e+00   2.460e+00   1.540e+00   1.112e+00  11  sdss  5607  82S  5 
    1  53628.189839  1  25.151  2.071  1.150  1.415  -1.923e-02   2.106e+00   6.776e-01   8.338e-01  22  sdss  5610  82N  4 
   33  53628.186523  2  24.173  1.709  1.031  0.950   5.311e-01   2.062e+00   9.654e-01   8.891e-01  24  sdss  5610  82N  4 
    1  53628.187352  3  25.237  1.353  0.963  0.646  -1.152e+00   2.271e+00   1.530e+00   1.026e+00  27  sdss  5610  82N  4 
    0  53628.189010  4  23.275  1.146  0.896  0.803  -2.217e+00   6.911e+00   4.737e+00   4.242e+00  25  sdss  5610  82N  4 
    1  53628.188181  0  22.189  1.458  0.472  0.595   5.094e+00   4.769e+00   2.232e+00   2.813e+00  11  sdss  5610  82N  4 
    1  53634.187374  2  25.795  2.142  0.904  1.881  -9.091e-01   3.180e+00   1.045e+00   2.175e+00  24  sdss  5619  82S  5 
    1  53635.197500  1  26.299  0.793  0.256  0.274  -8.410e-01   7.307e-01   2.483e-01   2.664e-01  22  sdss  5622  82N  4 
    0  53635.194183  2  26.040  0.820  0.334  0.398  -1.217e+00   1.058e+00   4.590e-01   5.466e-01  24  sdss  5622  82N  4 
    0  53635.195012  3  25.306  0.758  0.207  0.280  -1.263e+00   1.233e+00   3.436e-01   4.646e-01  27  sdss  5622  82N  4 
    0  53635.196671  4  23.406  0.641  0.426  0.321  -2.929e+00   3.655e+00   2.374e+00   1.786e+00  25  sdss  5622  82N  4 
    9  53635.195842  0  23.307  1.512  0.835  1.161   1.688e+00   2.473e+00   1.515e+00   2.108e+00  11  sdss  5622  82N  4 
    9  53636.196067  1  25.288  0.964  1.063  0.400  -1.005e-01   6.489e-01   6.336e-01   2.387e-01  22  sdss  5628  82S  5 
    8  53636.192750  2  25.063  0.870  0.573  0.326  -2.101e-01   7.849e-01   4.709e-01   2.683e-01  24  sdss  5628  82S  5 
    0  53636.193580  3  24.793  0.907  0.574  0.285  -5.234e-01   1.254e+00   7.339e-01   3.642e-01  27  sdss  5628  82S  5 
   32  53636.195238  4  22.603  0.737  0.250  0.284   1.128e+00   3.936e+00   1.249e+00   1.417e+00  25  sdss  5628  82S  5 
    8  53636.194409  0  24.396  1.311  0.892  0.995   2.634e-01   1.617e+00   8.900e-01   9.934e-01  11  sdss  5628  82S  5 
   32  53637.190762  1  24.752  0.854  0.590  0.747   2.196e-01   5.747e-01   3.672e-01   4.653e-01  22  sdss  5633  82N  4 
    0  53637.187445  2  25.049  0.964  0.559  0.617  -1.994e-01   8.872e-01   4.579e-01   5.057e-01  24  sdss  5633  82N  4 
   32  53637.188274  3  24.347  1.048  0.606  0.575   1.761e-02   1.443e+00   7.175e-01   6.804e-01  27  sdss  5633  82N  4 
   32  53637.189933  4  22.436  0.952  0.312  0.507   1.980e+00   5.445e+00   1.625e+00   2.641e+00  25  sdss  5633  82N  4 
    8  53637.189104  0  22.678  0.721  0.479  0.700   3.196e+00   1.980e+00   1.468e+00   2.143e+00  11  sdss  5633  82N  4 
    0  53644.183035  1  25.708  0.659  0.304  0.344  -3.644e-01   4.573e-01   2.059e-01   2.333e-01  22  sdss  5670  82N  4 
    0  53644.179718  2  25.340  0.726  0.206  0.238  -4.475e-01   6.768e-01   1.855e-01   2.137e-01  24  sdss  5670  82N  4 
   32  53644.180548  3  24.078  0.817  0.178  0.225   3.399e-01   1.083e+00   2.181e-01   2.761e-01  27  sdss  5670  82N  4 
    0  53644.182206  4  22.914  0.688  0.398  0.256  -3.969e-01   3.593e+00   1.947e+00   1.253e+00  25  sdss  5670  82N  4 
    0  53644.181377  0  23.715  1.078  0.049  0.689   1.044e+00   1.453e+00   6.608e-02   9.338e-01  11  sdss  5670  82N  4 
    1  53654.216686  1  22.822  0.325  0.094  0.127   2.611e+00   7.815e-01   2.319e-01   3.143e-01  22  sdss  5709  82N  4 
    0  53654.213370  2  22.490  0.348  0.107  0.144   3.595e+00   1.147e+00   3.647e-01   4.910e-01  24  sdss  5709  82N  4 
    0  53654.214199  3  21.805  0.242  0.103  0.076   6.717e+00   1.496e+00   6.446e-01   4.795e-01  27  sdss  5709  82N  4 
    0  53654.215857  4  23.561  0.794  0.247  0.275  -3.822e+00   4.849e+00   1.484e+00   1.655e+00  25  sdss  5709  82N  4 
    9  53654.215028  0  26.348  1.103  0.520  0.703  -2.365e+00   2.192e+00   1.225e+00   1.657e+00  11  sdss  5709  82N  4 
  129  53655.167194  1  22.113  0.246  0.085  0.090   5.071e+00   1.135e+00   4.013e-01   4.250e-01  22  sdss  5713  82S  5 
    1  53655.163878  2  21.831  0.208  0.060  0.084   6.665e+00   1.269e+00   3.708e-01   5.196e-01  24  sdss  5713  82S  5 
    0  53655.164707  3  21.869  0.283  0.062  0.098   6.325e+00   1.642e+00   3.664e-01   5.816e-01  27  sdss  5713  82S  5 
    0  53655.166365  4  21.931  0.655  0.179  0.296   4.923e+00   4.301e+00   1.187e+00   1.971e+00  25  sdss  5713  82S  5 
  129  53655.165536  0  22.630  0.973  0.270  0.503   3.348e+00   2.594e+00   8.622e-01   1.605e+00  11  sdss  5713  82S  5 
  129  53656.164271  1  21.963  0.329  0.079  0.117   5.827e+00   1.720e+00   4.255e-01   6.321e-01  22  sdss  5719  82N  4 
    1  53656.160954  2  22.175  0.419  0.075  0.151   4.837e+00   1.809e+00   3.375e-01   6.837e-01  24  sdss  5719  82N  4 
    1  53656.161783  3  21.621  0.299  0.113  0.118   7.971e+00   2.161e+00   8.368e-01   8.720e-01  27  sdss  5719  82N  4 
   32  53656.163442  4  22.514  1.062  0.820  0.597   1.578e+00   6.160e+00   4.172e+00   3.037e+00  25  sdss  5719  82N  4 
    1  53656.162612  0  25.459  2.297  1.795  2.384  -8.387e-01   4.376e+00   2.213e+00   2.939e+00  11  sdss  5719  82N  4 
    1  53664.191266  1  21.284  0.109  0.033  0.047   1.092e+01   1.097e+00   3.342e-01   4.683e-01  22  sdss  5754  82S  5 
    1  53664.187950  2  21.248  0.111  0.037  0.050   1.143e+01   1.162e+00   3.849e-01   5.268e-01  24  sdss  5754  82S  5 
    0  53664.188779  3  21.030  0.132  0.041  0.055   1.380e+01   1.670e+00   5.275e-01   6.941e-01  27  sdss  5754  82S  5 
   32  53664.190437  4  22.227  0.808  0.431  0.479   3.109e+00   4.738e+00   2.437e+00   2.709e+00  25  sdss  5754  82S  5 
    1  53664.189608  0  23.758  1.873  0.548  1.853   9.852e-01   3.002e+00   7.224e-01   2.445e+00  11  sdss  5754  82S  5 
    0  53666.154594  1  21.303  0.052  0.015  0.020   1.073e+01   5.095e-01   1.466e-01   1.927e-01  22  sdss  5763  82S  5 
    0  53666.151277  2  21.145  0.068  0.011  0.020   1.257e+01   7.812e-01   1.229e-01   2.269e-01  24  sdss  5763  82S  5 
    0  53666.152107  3  21.051  0.100  0.015  0.022   1.353e+01   1.238e+00   1.836e-01   2.714e-01  27  sdss  5763  82S  5 
    0  53666.153765  4  21.183  0.318  0.099  0.089   1.152e+01   3.628e+00   1.155e+00   1.042e+00  25  sdss  5763  82S  5 
    8  53666.152936  0  22.831  0.510  0.145  0.284   2.754e+00   1.297e+00   3.881e-01   7.632e-01  11  sdss  5763  82S  5 
    0  53668.166387  1  21.404  0.068  0.034  0.059   9.770e+00   6.119e-01   3.030e-01   5.296e-01  22  sdss  5770  82N  4 
    0  53668.163070  2  21.280  0.095  0.037  0.050   1.110e+01   9.652e-01   3.824e-01   5.134e-01  24  sdss  5770  82N  4 
    0  53668.163900  3  21.315  0.157  0.060  0.071   1.060e+01   1.524e+00   5.836e-01   6.982e-01  27  sdss  5770  82N  4 
   32  53668.165558  4  22.105  0.948  0.527  0.458   3.821e+00   5.880e+00   3.169e+00   2.750e+00  25  sdss  5770  82N  4 
    0  53668.164729  0  22.216  0.405  0.104  0.424   4.966e+00   1.793e+00   4.816e-01   1.958e+00  11  sdss  5770  82N  4 
    0  53669.149930  1  21.375  0.057  0.022  0.026   1.004e+01   5.259e-01   2.059e-01   2.418e-01  22  sdss  5776  82S  5 
    0  53669.146614  2  21.008  0.060  0.011  0.019   1.427e+01   7.815e-01   1.404e-01   2.483e-01  24  sdss  5776  82S  5 
    0  53669.147443  3  21.059  0.098  0.025  0.024   1.344e+01   1.206e+00   3.119e-01   2.913e-01  27  sdss  5776  82S  5 
    0  53669.149101  4  21.771  0.467  0.095  0.157   6.047e+00   3.387e+00   7.031e-01   1.163e+00  25  sdss  5776  82S  5 
    0  53669.148272  0  23.225  0.729  0.038  0.416   1.844e+00   1.310e+00   7.303e-02   8.061e-01  11  sdss  5776  82S  5 
    0  53670.170844  1  21.388  0.064  0.026  0.045   9.916e+00   5.804e-01   2.385e-01   4.150e-01  22  sdss  5781  82N  4 
    0  53670.167527  2  21.200  0.082  0.032  0.036   1.195e+01   8.977e-01   3.573e-01   3.993e-01  24  sdss  5781  82N  4 
    0  53670.168356  3  21.264  0.146  0.072  0.064   1.111e+01   1.489e+00   7.428e-01   6.542e-01  27  sdss  5781  82N  4 
    0  53670.170015  4  23.701  0.698  0.319  0.251  -4.699e+00   4.506e+00   2.080e+00   1.632e+00  25  sdss  5781  82N  4 
    0  53670.169186  0  23.351  1.008  0.112  0.898   1.608e+00   1.614e+00   1.961e-01   1.575e+00  11  sdss  5781  82N  4 
    0  53671.234871  1  21.321  0.084  0.066  0.081   1.055e+01   8.191e-01   6.393e-01   7.850e-01  22  sdss  5786  82S  5 
    0  53671.231554  2  21.253  0.123  0.017  0.105   1.138e+01   1.281e+00   1.810e-01   1.103e+00  24  sdss  5786  82S  5 
    0  53671.232383  3  20.931  0.136  0.020  0.085   1.512e+01   1.888e+00   2.754e-01   1.177e+00  27  sdss  5786  82S  5 
   32  53671.234042  4  22.230  0.996  1.035  0.769   3.092e+00   5.997e+00   5.839e+00   4.337e+00  25  sdss  5786  82S  5 
  130  53671.233213  0  22.541  1.059  0.235  1.283   3.647e+00   2.956e+00   8.100e-01   4.432e+00  11  sdss  5786  82S  5 
    0  53673.138695  1  21.606  0.075  0.021  0.053   8.108e+00   5.590e-01   1.597e-01   3.986e-01  22  sdss  5792  82N  4 
    0  53673.135379  2  21.194  0.082  0.035  0.038   1.202e+01   9.102e-01   3.828e-01   4.158e-01  24  sdss  5792  82N  4 
    0  53673.136208  3  21.088  0.107  0.032  0.038   1.308e+01   1.287e+00   3.871e-01   4.523e-01  27  sdss  5792  82N  4 
    0  53673.137866  4  21.987  0.699  0.362  0.327   4.556e+00   4.468e+00   2.324e+00   2.103e+00  25  sdss  5792  82N  4 
    0  53673.137037  0  24.264  1.310  0.249  1.562   3.981e-01   1.634e+00   2.578e-01   1.615e+00  11  sdss  5792  82N  4 
    0  53674.133951  1  21.692  0.081  0.013  0.050   7.488e+00   5.594e-01   9.213e-02   3.480e-01  22  sdss  5797  82S  5 
    0  53674.130634  2  21.092  0.072  0.008  0.032   1.320e+01   8.712e-01   9.202e-02   3.934e-01  24  sdss  5797  82S  5 
    0  53674.131464  3  21.131  0.116  0.056  0.045   1.256e+01   1.338e+00   6.543e-01   5.249e-01  27  sdss  5797  82S  5 
    0  53674.133122  4  21.770  0.536  0.249  0.277   6.055e+00   3.878e+00   1.839e+00   2.049e+00  25  sdss  5797  82S  5 
    8  53674.132293  0  23.311  0.869  0.605  0.707   1.681e+00   1.445e+00   1.094e+00   1.279e+00  11  sdss  5797  82S  5 
    0  53675.135288  1  21.807  0.086  0.018  0.059   6.733e+00   5.335e-01   1.113e-01   3.677e-01  22  sdss  5800  82N  4 
    0  53675.131971  2  21.266  0.080  0.030  0.032   1.124e+01   8.293e-01   3.117e-01   3.323e-01  24  sdss  5800  82N  4 
    0  53675.132800  3  21.303  0.124  0.040  0.040   1.072e+01   1.226e+00   3.914e-01   3.972e-01  27  sdss  5800  82N  4 
    0  53675.134458  4  22.992  0.804  0.243  0.409  -7.808e-01   4.315e+00   1.199e+00   2.018e+00  25  sdss  5800  82N  4 
    0  53675.133629  0  26.050  0.885  0.065  0.787  -1.736e+00   1.497e+00   1.202e-01   1.458e+00  11  sdss  5800  82N  4 
    0  53676.223186  1  21.682  0.078  0.028  0.036   7.558e+00   5.404e-01   1.967e-01   2.484e-01  22  sdss  5807  82S  5 
    0  53676.219869  2  21.261  0.077  0.026  0.023   1.130e+01   7.992e-01   2.659e-01   2.425e-01  24  sdss  5807  82S  5 
    0  53676.220698  3  21.143  0.105  0.021  0.024   1.242e+01   1.202e+00   2.405e-01   2.773e-01  27  sdss  5807  82S  5 
   32  53676.222357  4  22.381  0.592  0.190  0.204   2.270e+00   3.236e+00   1.007e+00   1.080e+00  25  sdss  5807  82S  5 
    8  53676.221527  0  23.322  0.900  0.411  0.555   1.661e+00   1.481e+00   7.371e-01   9.950e-01  11  sdss  5807  82S  5 
    0  53677.156276  1  21.926  0.095  0.022  0.063   6.031e+00   5.304e-01   1.238e-01   3.523e-01  22  sdss  5813  82N  4 
    0  53677.152959  2  21.334  0.085  0.045  0.037   1.056e+01   8.289e-01   4.362e-01   3.584e-01  24  sdss  5813  82N  4 
    0  53677.153788  3  21.277  0.121  0.040  0.042   1.098e+01   1.219e+00   4.086e-01   4.302e-01  27  sdss  5813  82N  4 
    0  53677.155447  4  22.040  0.610  0.197  0.283   4.220e+00   3.800e+00   1.229e+00   1.761e+00  25  sdss  5813  82N  4 
    0  53677.154618  0  25.025  1.300  0.127  1.736  -3.550e-01   1.609e+00   1.302e-01   1.773e+00  11  sdss  5813  82N  4 
    0  53679.194737  1  21.941  0.121  0.100  0.106   5.947e+00   6.620e-01   5.519e-01   5.854e-01  22  sdss  5820  82S  5 
    0  53679.191421  2  21.319  0.104  0.047  0.071   1.071e+01   1.025e+00   4.662e-01   6.985e-01  24  sdss  5820  82S  5 
    0  53679.192250  3  21.564  0.190  0.085  0.104   8.406e+00   1.466e+00   6.603e-01   8.081e-01  27  sdss  5820  82S  5 
   32  53679.193908  4  21.896  0.613  0.418  0.404   5.159e+00   4.104e+00   2.841e+00   2.750e+00  25  sdss  5820  82S  5 
    0  53679.193079  0  22.842  0.823  0.043  0.821   2.724e+00   1.930e+00   1.144e-01   2.184e+00  11  sdss  5820  82S  5 
    0  53680.142499  1  22.398  0.140  0.060  0.082   3.890e+00   5.059e-01   2.180e-01   2.965e-01  22  sdss  5823  82N  4 
    0  53680.139182  2  21.352  0.086  0.035  0.036   1.039e+01   8.205e-01   3.354e-01   3.432e-01  24  sdss  5823  82N  4 
    0  53680.140012  3  21.582  0.147  0.030  0.041   8.267e+00   1.121e+00   2.341e-01   3.112e-01  27  sdss  5823  82N  4 
    0  53680.141670  4  21.887  0.533  0.029  0.212   5.221e+00   3.596e+00   1.962e-01   1.447e+00  25  sdss  5823  82N  4 
    8  53680.140841  0  22.825  0.596  0.383  0.457   2.770e+00   1.496e+00   1.034e+00   1.232e+00  11  sdss  5823  82N  4 
    0  53681.186020  1  22.348  0.146  0.080  0.077   4.075e+00   5.490e-01   3.039e-01   2.911e-01  22  sdss  5836  82S  5 
 1052  53681.182703  2  21.251  0.374  3.309  0.036   1.140e+01   3.788e+00   3.478e+01   3.792e-01  24  sdss  5836  82S  5 
   24  53681.183532  3  21.392  0.157  0.234  0.045   9.865e+00   1.424e+00   2.136e+00   4.066e-01  27  sdss  5836  82S  5 
    0  53681.185191  4  21.763  0.470  0.126  0.184   6.100e+00   3.424e+00   9.356e-01   1.369e+00  25  sdss  5836  82S  5 
    0  53681.184361  0  23.227  0.909  0.164  0.569   1.840e+00   1.588e+00   3.165e-01   1.100e+00  11  sdss  5836  82S  5 
 1049  53685.144627  1  22.395  0.498  3.088  0.069   3.900e+00   1.697e+00   1.123e+01   2.493e-01  22  sdss  5853  82S  5 
    1  53685.141311  2  21.486  0.179  0.092  0.033   9.175e+00   1.504e+00   7.756e-01   2.787e-01  24  sdss  5853  82S  5 
    1  53685.142140  3  21.863  0.311  0.111  0.059   6.361e+00   1.805e+00   6.600e-01   3.502e-01  27  sdss  5853  82S  5 
 1049  53685.143798  4  21.606  0.645  4.473  0.180   7.337e+00   5.128e+00   3.721e+01   1.501e+00  25  sdss  5853  82S  5 
    1  53685.142969  0  24.755  1.970  0.681  0.968  -8.680e-02   3.143e+00   6.620e-01   9.414e-01  11  sdss  5853  82S  5 
    1  53686.208850  1  22.613  0.998  0.321  0.254   3.181e+00   2.400e+00   9.572e-01   7.586e-01  22  sdss  5865  82N  4 
    3  53686.205534  2  21.556  0.341  0.154  0.143   8.600e+00   2.625e+00   1.226e+00   1.136e+00  24  sdss  5865  82N  4 
    1  53686.206363  3  21.521  0.330  0.131  0.140   8.749e+00   2.603e+00   1.065e+00   1.137e+00  27  sdss  5865  82N  4 
   32  53686.208021  4  22.065  1.230  0.517  0.688   4.065e+00   8.069e+00   3.177e+00   4.226e+00  25  sdss  5865  82N  4 
  131  53686.207192  0  21.241  0.789  0.140  0.325   1.231e+01   7.590e+00   1.576e+00   3.644e+00  11  sdss  5865  82N  4 
    1  53687.183022  1  22.392  0.456  0.147  0.085   3.911e+00   1.574e+00   5.363e-01   3.106e-01  22  sdss  5870  82S  5 
    1  53687.179705  2  21.460  0.158  0.052  0.034   9.399e+00   1.358e+00   4.554e-01   2.927e-01  24  sdss  5870  82S  5 
    1  53687.180535  3  21.677  0.232  0.053  0.053   7.565e+00   1.610e+00   3.707e-01   3.727e-01  27  sdss  5870  82S  5 
    0  53687.182193  4  22.118  0.657  0.054  0.239   3.743e+00   3.955e+00   3.216e-01   1.423e+00  25  sdss  5870  82S  5 
    1  53687.181364  0  21.776  0.664  0.053  0.168   7.495e+00   4.090e+00   3.677e-01   1.155e+00  11  sdss  5870  82S  5 
   33  53693.143071  1  24.036  1.230  0.219  0.389   7.478e-01   1.076e+00   1.986e-01   3.517e-01  22  sdss  5878  82N  4 
    1  53693.139754  2  22.531  0.347  0.047  0.109   3.458e+00   1.103e+00   1.538e-01   3.565e-01  24  sdss  5878  82N  4 
    0  53693.140583  3  21.831  0.229  0.075  0.070   6.556e+00   1.385e+00   4.596e-01   4.283e-01  27  sdss  5878  82N  4 
    0  53693.142241  4  21.893  0.642  0.323  0.283   5.180e+00   4.300e+00   2.198e+00   1.927e+00  25  sdss  5878  82N  4 
    1  53693.141412  0  27.444  0.474  0.059  0.257  -6.756e+00   2.782e+00   3.665e-01   1.597e+00  11  sdss  5878  82N  4 
 1028  53697.141525  1  22.228  0.725  0.391  0.068   4.557e+00   2.695e+00   1.653e+00   2.885e-01  22  sdss  5895  82S  5 
 1029  53697.138209  2  21.772  1.499  0.704  0.067   7.039e+00   6.398e+00   4.590e+00   4.352e-01  24  sdss  5895  82S  5 
 1028  53697.139038  3  20.548  0.447  0.293  0.031   2.153e+01   8.379e+00   5.793e+00   6.066e-01  27  sdss  5895  82S  5 
 1156  53697.140696  4  24.343  2.032  0.746  0.157  -9.978e+00   1.929e+01   7.735e+00   1.633e+00  25  sdss  5895  82S  5 
 1156  53697.139867  0  20.971  0.625  0.098  0.106   1.580e+01   8.125e+00   1.406e+00   1.520e+00  11  sdss  5895  82S  5 
    4  53699.163377  1  22.944  0.609  0.440  0.152   2.325e+00   1.239e+00   9.746e-01   3.377e-01  22  sdss  5902  82N  4 
 1036  53699.160061  2  22.107  0.807  0.755  0.071   5.154e+00   3.322e+00   3.629e+00   3.432e-01  24  sdss  5902  82N  4 
 1164  53699.160890  3  21.014  0.494  0.654  0.029   1.400e+01   5.972e+00   8.439e+00   3.755e-01  27  sdss  5902  82N  4 
 1156  53699.162548  4  24.724  1.423  0.625  0.117  -1.464e+01   1.556e+01   8.938e+00   1.673e+00  25  sdss  5902  82N  4 
 1156  53699.161719  0  21.298  1.302  0.122  0.144   1.167e+01   9.730e+00   1.305e+00   1.530e+00  11  sdss  5902  82N  4 
    0  53700.140129  1  25.294  0.820  0.334  0.544  -1.041e-01   5.343e-01   1.994e-01   3.247e-01  22  sdss  5905  82S  5 
    0  53700.136812  2  22.435  0.257  0.022  0.123   3.788e+00   9.019e-01   7.688e-02   4.398e-01  24  sdss  5905  82S  5 
    8  53700.137641  3  21.743  0.220  0.181  0.082   7.119e+00   1.441e+00   1.199e+00   5.451e-01  27  sdss  5905  82S  5 
   32  53700.139300  4  22.102  0.681  0.247  0.317   3.839e+00   4.131e+00   1.484e+00   1.906e+00  25  sdss  5905  82S  5 
  128  53700.138471  0  24.635  1.335  0.147  1.693   3.012e-02   1.646e+00   1.427e-01   1.641e+00  11  sdss  5905  82S  5 
   34  53702.137943  1  24.173  1.138  0.525  1.957   6.292e-01   9.386e-01   4.333e-01   1.615e+00  22  sdss  5909  82N  4 
   34  53702.134626  2  22.430  0.489  0.499  0.542   3.806e+00   1.653e+00   1.792e+00   1.945e+00  24  sdss  5909  82N  4 
  160  53702.135455  3  21.948  0.649  0.358  0.433   5.872e+00   3.237e+00   1.973e+00   2.391e+00  27  sdss  5909  82N  4 
   34  53702.137114  4  21.377  0.921  0.825  0.700   9.426e+00   8.218e+00   8.197e+00   6.959e+00  25  sdss  5909  82N  4 
    2  53702.136284  0  26.910  0.948  0.136  1.579  -4.089e+00   3.022e+00   5.218e-01   6.064e+00  11  sdss  5909  82N  4 
  130  53703.147229  1  25.301  1.256  2.687  2.515  -1.082e-01   9.200e-01   1.605e+00   1.502e+00  22  sdss  5915  82N  4 
   32  53703.143912  2  22.507  0.363  0.286  0.288   3.538e+00   1.176e+00   9.582e-01   9.637e-01  24  sdss  5915  82N  4 
 1184  53703.144742  3  22.371  0.548  0.548  0.428   3.922e+00   1.943e+00   2.079e+00   1.621e+00  27  sdss  5915  82N  4 
    8  53703.146400  4  21.206  0.628  1.256  0.495   1.125e+01   6.684e+00   1.435e+01   5.661e+00  25  sdss  5915  82N  4 
   10  53703.145571  0  22.479  0.885  0.513  1.270   3.871e+00   2.740e+00   1.872e+00   4.634e+00  11  sdss  5915  82N  4 
   32  53704.125272  1  23.654  0.465  0.287  0.312   1.148e+00   5.424e-01   3.471e-01   3.774e-01  22  sdss  5918  82N  4 
    0  53704.121955  2  22.648  0.291  0.063  0.137   3.093e+00   8.430e-01   1.862e-01   4.062e-01  24  sdss  5918  82N  4 
    0  53704.122784  3  22.489  0.377  0.092  0.133   3.495e+00   1.248e+00   3.131e-01   4.541e-01  27  sdss  5918  82N  4 
    0  53704.124443  4  23.808  0.596  0.424  0.264  -5.423e+00   4.081e+00   2.955e+00   1.842e+00  25  sdss  5918  82N  4 
    0  53704.123613  0  25.032  1.307  0.162  1.373  -3.613e-01   1.624e+00   1.656e-01   1.404e+00  11  sdss  5918  82N  4 
  128  53705.126521  1  26.323  0.719  0.789  0.695  -8.645e-01   6.764e-01   7.810e-01   6.878e-01  22  sdss  5924  82S  5 
    0  53705.123204  2  22.252  0.242  0.140  0.172   4.500e+00   1.004e+00   5.888e-01   7.241e-01  24  sdss  5924  82S  5 
    0  53705.124033  3  21.754  0.248  0.151  0.150   7.046e+00   1.605e+00   9.957e-01   9.880e-01  27  sdss  5924  82S  5 
    0  53705.125692  4  21.294  0.423  0.192  0.271   1.028e+01   4.355e+00   2.042e+00   2.876e+00  25  sdss  5924  82S  5 
    8  53705.124862  0  22.401  0.491  0.575  0.658   4.169e+00   1.810e+00   2.249e+00   2.575e+00  11  sdss  5924  82S  5 
