# SDSS CID:   4986 IAU:          RA: 359.337158 DEC:  -0.553790  (J2000)
# GALAXY_SB [ugriz] = [ 22.26 22.17 21.10 20.62 20.20 ] +/- [  0.13  0.03  0.01  0.01  0.02 ] (asinh mag/square arcsec)
# GALAXY_SB_FLUX [ugriz] = [  4.622E+00  4.808E+00  1.309E+01  2.012E+01  2.965E+01 ] +/- [  5.659E-01  1.240E-01  1.239E-01  1.591E-01  6.104E-01 ] (microJy per square arcsec)
#FLAG  MJD       FILT  MAG     MERR  MSKYERR MGALERR  FLUX       FLUXERR    SKYERR     GALERR    NPRE TELE   RUN  STRIP  IDCCD
 1188  53616.313518  1  21.668  0.366  0.286  0.150   7.658e+00   2.497e+00   2.022e+00   1.063e+00  17  sdss  5566  82N  2 
   32  53616.310200  2  22.379  0.278  0.093  0.218   3.993e+00   1.019e+00   3.464e-01   8.154e-01  17  sdss  5566  82N  2 
   32  53616.311030  3  22.042  0.297  0.160  0.206   5.370e+00   1.460e+00   8.035e-01   1.038e+00  16  sdss  5566  82N  2 
  164  53616.312688  4  22.308  1.592  1.071  0.577   2.658e+00   1.110e+01   5.807e+00   3.129e+00  20  sdss  5566  82N  2 
 1188  53616.311859  0  21.555  0.329  0.104  0.554   9.203e+00   2.664e+00   8.652e-01   4.617e+00  13  sdss  5566  82N  2 
  160  53623.303922  1  22.043  0.172  0.056  0.227   5.412e+00   8.549e-01   2.802e-01   1.138e+00  17  sdss  5590  82N  2 
 1180  53623.300605  2  26.437  1.619  6.161  0.550  -1.859e+00   2.476e+00   1.157e+01   1.033e+00  17  sdss  5590  82N  2 
  160  53623.301434  3  22.677  0.596  0.346  0.314   2.899e+00   1.610e+00   9.985e-01   9.075e-01  16  sdss  5590  82N  2 
   32  53623.303093  4  21.843  0.702  0.450  0.419   5.524e+00   4.769e+00   3.117e+00   2.902e+00  20  sdss  5590  82N  2 
   36  53623.302264  0  22.581  0.753  0.055  1.461   3.512e+00   2.204e+00   1.811e-01   4.824e+00  13  sdss  5590  82N  2 
   33  53626.290336  1  22.479  0.213  0.094  0.144   3.607e+00   7.100e-01   3.152e-01   4.837e-01  17  sdss  5603  82N  2 
   32  53626.287018  2  22.774  0.473  0.105  0.174   2.743e+00   1.182e+00   2.761e-01   4.587e-01  17  sdss  5603  82N  2 
   32  53626.287848  3  22.090  0.275  0.116  0.112   5.131e+00   1.300e+00   5.603e-01   5.416e-01  16  sdss  5603  82N  2 
   32  53626.289506  4  21.397  0.405  0.023  0.209   9.232e+00   3.775e+00   2.237e-01   1.997e+00  20  sdss  5603  82N  2 
   32  53626.288677  0  21.889  0.320  0.073  0.479   6.746e+00   1.914e+00   4.456e-01   2.943e+00  13  sdss  5603  82N  2 
   33  53628.274931  1  23.032  0.848  0.180  0.449   2.137e+00   1.500e+00   3.687e-01   9.217e-01  17  sdss  5610  82N  2 
   33  53628.271614  2  23.384  1.204  0.372  0.635   1.484e+00   1.665e+00   5.852e-01   1.000e+00  17  sdss  5610  82N  2 
    0  53628.272443  3  24.450  1.211  1.027  0.940  -1.046e-01   1.752e+00   1.221e+00   1.117e+00  16  sdss  5610  82N  2 
   32  53628.274101  4  22.808  0.862  0.587  0.683   1.205e-01   4.660e+00   2.861e+00   3.330e+00  20  sdss  5610  82N  2 
  161  53628.273272  0  21.706  0.587  0.124  0.674   8.000e+00   3.898e+00   9.028e-01   4.887e+00  13  sdss  5610  82N  2 
   33  53635.283335  1  22.894  0.499  0.083  0.325   2.439e+00   1.089e+00   1.934e-01   7.533e-01  17  sdss  5622  82N  2 
   33  53635.280018  2  22.400  0.345  0.110  0.187   3.914e+00   1.226e+00   4.019e-01   6.846e-01  17  sdss  5622  82N  2 
    0  53635.280847  3  25.816  0.655  0.394  0.351  -2.284e+00   1.470e+00   9.414e-01   8.393e-01  16  sdss  5622  82N  2 
   32  53635.282506  4  22.420  0.833  0.338  0.682   2.060e+00   4.656e+00   1.762e+00   3.554e+00  20  sdss  5622  82N  2 
   33  53635.281676  0  24.473  1.922  0.856  4.638   1.872e-01   3.004e+00   8.412e-01   4.561e+00  13  sdss  5622  82N  2 
  161  53637.276685  1  23.452  0.930  0.557  1.114   1.415e+00   1.159e+00   7.952e-01   1.591e+00  17  sdss  5633  82N  2 
   32  53637.273368  2  22.948  0.584  0.102  0.397   2.315e+00   1.231e+00   2.298e-01   8.987e-01  17  sdss  5633  82N  2 
    0  53637.274197  3  24.656  1.110  0.655  0.893  -3.520e-01   1.579e+00   8.035e-01   1.096e+00  16  sdss  5633  82N  2 
    0  53637.275855  4  23.408  1.077  0.986  1.008  -2.936e+00   6.522e+00   5.460e+00   5.579e+00  20  sdss  5633  82N  2 
   41  53637.275026  0  23.400  1.777  1.940  4.231   1.523e+00   2.941e+00   3.256e+00   7.095e+00  13  sdss  5633  82N  2 
   32  53639.322007  1  23.316  0.429  0.167  0.449   1.621e+00   6.609e-01   2.676e-01   7.204e-01  17  sdss  5642  82N  2 
   32  53639.318689  2  23.434  0.638  0.174  0.394   1.405e+00   9.130e-01   2.633e-01   5.959e-01  17  sdss  5642  82N  2 
   32  53639.319519  3  23.758  0.868  0.313  0.529   7.522e-01   1.243e+00   4.278e-01   7.240e-01  16  sdss  5642  82N  2 
   32  53639.321177  4  22.654  0.705  0.332  0.550   8.745e-01   3.717e+00   1.641e+00   2.718e+00  20  sdss  5642  82N  2 
   32  53639.320348  0  22.311  0.501  0.045  1.070   4.539e+00   1.974e+00   1.908e-01   4.489e+00  13  sdss  5642  82N  2 
   40  53644.268844  1  22.265  0.157  0.138  0.251   4.404e+00   6.384e-01   5.661e-01   1.028e+00  17  sdss  5670  82N  2 
   32  53644.265527  2  24.348  0.961  0.216  0.841   3.735e-01   9.109e-01   1.873e-01   7.308e-01  17  sdss  5670  82N  2 
   32  53644.266356  3  22.422  0.367  0.242  0.264   3.729e+00   1.277e+00   8.710e-01   9.495e-01  16  sdss  5670  82N  2 
   32  53644.268014  4  21.564  0.534  0.334  0.553   7.693e+00   4.344e+00   2.813e+00   4.657e+00  20  sdss  5670  82N  2 
   32  53644.267185  0  21.825  0.317  0.026  0.856   7.161e+00   2.009e+00   1.663e-01   5.574e+00  13  sdss  5670  82N  2 
   32  53654.303323  1  22.044  0.117  0.028  0.108   5.407e+00   5.851e-01   1.395e-01   5.417e-01  17  sdss  5709  82N  2 
   32  53654.300006  2  22.427  0.251  0.074  0.130   3.815e+00   8.853e-01   2.636e-01   4.638e-01  17  sdss  5709  82N  2 
   32  53654.300836  3  22.483  0.371  0.127  0.149   3.516e+00   1.227e+00   4.328e-01   5.072e-01  16  sdss  5709  82N  2 
   32  53654.302494  4  22.715  0.757  0.352  0.434   5.748e-01   4.011e+00   1.724e+00   2.126e+00  20  sdss  5709  82N  2 
   32  53654.301665  0  22.386  0.492  0.035  0.732   4.228e+00   1.821e+00   1.368e-01   2.869e+00  13  sdss  5709  82N  2 
   33  53656.250980  1  22.183  0.350  0.118  0.240   4.753e+00   1.494e+00   5.189e-01   1.058e+00  17  sdss  5719  82N  2 
   33  53656.247663  2  22.663  0.623  0.257  0.350   3.052e+00   1.657e+00   7.460e-01   1.016e+00  17  sdss  5719  82N  2 
   32  53656.248492  3  22.499  0.558  0.201  0.328   3.461e+00   1.757e+00   6.768e-01   1.104e+00  16  sdss  5719  82N  2 
   32  53656.250150  4  21.400  0.538  0.355  0.390   9.203e+00   4.915e+00   3.387e+00   3.720e+00  20  sdss  5719  82N  2 
  161  53656.249321  0  21.873  0.694  0.236  0.950   6.848e+00   3.839e+00   1.470e+00   5.921e+00  13  sdss  5719  82N  2 
   33  53663.263861  1  22.263  0.250  0.066  0.111   4.412e+00   1.008e+00   2.694e-01   4.556e-01  17  sdss  5744  82N  2 
   33  53663.260544  2  22.505  0.304  0.059  0.098   3.544e+00   9.927e-01   1.971e-01   3.272e-01  17  sdss  5744  82N  2 
   32  53663.261373  3  23.096  0.620  0.138  0.191   1.862e+00   1.225e+00   2.850e-01   3.947e-01  16  sdss  5744  82N  2 
    0  53663.263032  4  23.152  0.666  0.135  0.349  -1.578e+00   3.558e+00   6.852e-01   1.773e+00  20  sdss  5744  82N  2 
   33  53663.262202  0  22.330  0.784  0.181  0.633   4.458e+00   2.815e+00   7.476e-01   2.611e+00  13  sdss  5744  82N  2 
   34  53668.253502  1  22.742  0.292  0.208  0.686   2.817e+00   7.601e-01   5.541e-01   1.823e+00  17  sdss  5770  82N  2 
   32  53668.250185  2  23.066  0.618  0.311  0.583   2.059e+00   1.174e+00   6.358e-01   1.193e+00  17  sdss  5770  82N  2 
   32  53668.251014  3  22.976  0.764  0.435  0.642   2.125e+00   1.607e+00   9.857e-01   1.455e+00  16  sdss  5770  82N  2 
   32  53668.252672  4  21.687  0.836  0.885  0.862   6.687e+00   6.140e+00   6.816e+00   6.641e+00  20  sdss  5770  82N  2 
   34  53668.251843  0  22.954  1.246  0.165  3.915   2.437e+00   2.449e+00   3.956e-01   9.375e+00  13  sdss  5770  82N  2 
   32  53670.258021  1  22.788  0.236  0.047  0.297   2.697e+00   5.924e-01   1.206e-01   7.578e-01  17  sdss  5781  82N  2 
   32  53670.254704  2  22.763  0.347  0.057  0.209   2.772e+00   8.960e-01   1.521e-01   5.562e-01  17  sdss  5781  82N  2 
   32  53670.255534  3  22.720  0.479  0.206  0.247   2.775e+00   1.278e+00   5.736e-01   6.887e-01  16  sdss  5781  82N  2 
    0  53670.257192  4  23.254  0.723  0.396  0.492  -2.103e+00   3.973e+00   2.069e+00   2.570e+00  20  sdss  5781  82N  2 
   32  53670.256363  0  22.253  0.434  0.115  0.946   4.795e+00   1.828e+00   5.076e-01   4.180e+00  13  sdss  5781  82N  2 
   40  53673.225954  1  22.159  0.124  0.088  0.137   4.860e+00   5.572e-01   3.960e-01   6.180e-01  17  sdss  5792  82N  2 
   32  53673.222638  2  22.530  0.290  0.098  0.194   3.461e+00   9.271e-01   3.190e-01   6.342e-01  17  sdss  5792  82N  2 
   32  53673.223467  3  23.526  0.861  0.409  0.632   1.091e+00   1.335e+00   6.318e-01   9.760e-01  16  sdss  5792  82N  2 
   32  53673.225125  4  22.129  0.667  0.063  0.480   3.677e+00   3.976e+00   3.689e-01   2.818e+00  20  sdss  5792  82N  2 
   32  53673.224296  0  22.535  0.606  0.113  1.528   3.667e+00   1.915e+00   3.892e-01   5.251e+00  13  sdss  5792  82N  2 
   32  53675.222601  1  22.574  0.204  0.098  0.296   3.300e+00   6.225e-01   3.033e-01   9.155e-01  17  sdss  5800  82N  2 
   32  53675.219284  2  22.268  0.245  0.057  0.173   4.432e+00   9.961e-01   2.352e-01   7.129e-01  17  sdss  5800  82N  2 
   32  53675.220113  3  22.918  0.642  0.568  0.459   2.262e+00   1.434e+00   1.347e+00   1.088e+00  16  sdss  5800  82N  2 
    0  53675.221772  4  23.479  0.773  0.444  0.621  -3.343e+00   4.548e+00   2.537e+00   3.552e+00  20  sdss  5800  82N  2 
   32  53675.220942  0  22.408  0.548  0.024  1.513   4.141e+00   1.962e+00   9.092e-02   5.818e+00  13  sdss  5800  82N  2 
   32  53677.243639  1  22.527  0.170  0.062  0.168   3.449e+00   5.434e-01   1.995e-01   5.407e-01  17  sdss  5813  82N  2 
   32  53677.240322  2  22.604  0.268  0.034  0.126   3.228e+00   8.064e-01   1.054e-01   3.859e-01  17  sdss  5813  82N  2 
   32  53677.241151  3  22.394  0.312  0.085  0.119   3.831e+00   1.123e+00   3.126e-01   4.390e-01  16  sdss  5813  82N  2 
   32  53677.242810  4  22.359  0.604  0.314  0.412   2.386e+00   3.314e+00   1.672e+00   2.193e+00  20  sdss  5813  82N  2 
   40  53677.241981  0  22.304  0.382  0.109  0.643   4.570e+00   1.554e+00   4.613e-01   2.715e+00  13  sdss  5813  82N  2 
   32  53680.229933  1  22.473  0.172  0.097  0.201   3.627e+00   5.770e-01   3.296e-01   6.809e-01  17  sdss  5823  82N  2 
   32  53680.226616  2  22.607  0.288  0.076  0.158   3.219e+00   8.605e-01   2.312e-01   4.813e-01  17  sdss  5823  82N  2 
   32  53680.227445  3  22.292  0.300  0.076  0.138   4.229e+00   1.183e+00   3.065e-01   5.568e-01  16  sdss  5823  82N  2 
    0  53680.229103  4  22.945  0.700  0.199  0.532  -5.503e-01   3.667e+00   9.760e-01   2.609e+00  20  sdss  5823  82N  2 
   40  53680.228274  0  22.261  0.381  0.261  0.727   4.760e+00   1.611e+00   1.146e+00   3.188e+00  13  sdss  5823  82N  2 
   33  53693.230729  1  22.453  0.384  0.134  0.227   3.696e+00   1.276e+00   4.606e-01   7.838e-01  17  sdss  5878  82N  2 
   33  53693.227412  2  23.012  0.629  0.183  0.290   2.173e+00   1.245e+00   3.925e-01   6.203e-01  17  sdss  5878  82N  2 
   32  53693.228241  3  22.016  0.282  0.108  0.141   5.504e+00   1.420e+00   5.578e-01   7.278e-01  16  sdss  5878  82N  2 
   32  53693.229900  4  21.444  0.476  0.074  0.301   8.776e+00   4.242e+00   6.862e-01   2.776e+00  20  sdss  5878  82N  2 
   33  53693.229070  0  22.577  1.526  0.111  1.261   3.525e+00   3.655e+00   3.693e-01   4.178e+00  13  sdss  5878  82N  2 
 1196  53698.227686  1  21.948  0.162  0.152  0.130   5.910e+00   8.805e-01   8.329e-01   7.136e-01  17  sdss  5898  82N  2 
 1080  53698.224369  2  22.992  0.499  2.447  0.349   2.216e+00   1.031e+00   5.331e+00   7.611e-01  17  sdss  5898  82N  2 
 1208  53698.225198  3  22.225  0.401  1.111  0.190   4.511e+00   1.646e+00   4.746e+00   8.103e-01  16  sdss  5898  82N  2 
    0  53698.226857  4  23.869  0.697  0.450  0.426  -5.853e+00   4.853e+00   3.217e+00   3.042e+00  20  sdss  5898  82N  2 
  172  53698.226028  0  22.514  1.050  0.886  1.308   3.742e+00   2.975e+00   3.099e+00   4.579e+00  13  sdss  5898  82N  2 
  164  53699.251093  1  22.284  0.230  0.163  0.152   4.327e+00   9.121e-01   6.546e-01   6.113e-01  17  sdss  5902  82N  2 
   40  53699.247776  2  22.515  0.312  0.249  0.163   3.510e+00   1.006e+00   8.248e-01   5.406e-01  17  sdss  5902  82N  2 
   32  53699.248605  3  22.373  0.371  0.191  0.155   3.910e+00   1.349e+00   7.157e-01   5.802e-01  16  sdss  5902  82N  2 
  164  53699.250264  4  20.887  0.606  0.319  0.175   1.545e+01   8.193e+00   4.669e+00   2.556e+00  20  sdss  5902  82N  2 
   36  53699.249434  0  22.798  0.993  0.213  1.238   2.843e+00   2.291e+00   5.831e-01   3.384e+00  13  sdss  5902  82N  2 
   32  53704.213011  1  22.170  0.146  0.082  0.198   4.810e+00   6.462e-01   3.648e-01   8.840e-01  17  sdss  5918  82N  2 
   32  53704.209694  2  22.569  0.299  0.067  0.185   3.335e+00   9.207e-01   2.122e-01   5.844e-01  17  sdss  5918  82N  2 
   32  53704.210524  3  22.456  0.390  0.143  0.207   3.610e+00   1.315e+00   4.982e-01   7.228e-01  16  sdss  5918  82N  2 
   32  53704.212182  4  22.057  0.756  0.506  0.531   4.116e+00   4.655e+00   3.086e+00   3.239e+00  20  sdss  5918  82N  2 
   32  53704.211353  0  22.591  0.653  0.033  1.392   3.478e+00   1.945e+00   1.069e-01   4.556e+00  13  sdss  5918  82N  2 
