# SDSS CID:  17820 IAU:          RA:  16.139563 DEC:  -0.466528  (J2000)
# GALAXY_SB [ugriz] = [ 24.47 24.50 22.97 22.48 21.96 ] +/- [  0.45  0.13  0.04  0.03  0.08 ] (asinh mag/square arcsec)
# GALAXY_SB_FLUX [ugriz] = [  1.613E-01  3.810E-01  2.265E+00  3.528E+00  4.711E+00 ] +/- [  4.373E-01  9.231E-02  9.804E-02  1.201E-01  5.127E-01 ] (microJy per square arcsec)
#FLAG  MJD       FILT  MAG     MERR  MSKYERR MGALERR  FLUX       FLUXERR    SKYERR     GALERR    NPRE TELE   RUN  STRIP  IDCCD
   35  54346.338642  1  24.912  1.766  2.113  2.275   1.222e-01   1.568e+00   1.267e+00   1.363e+00  17  sdss  6920  82N  2 
    1  54346.335324  2  22.621  0.476  0.163  0.272   3.174e+00   1.357e+00   4.887e-01   8.188e-01  19  sdss  6920  82N  2 
    0  54346.336154  3  25.044  1.003  0.541  0.568  -8.620e-01   1.499e+00   7.703e-01   8.089e-01  19  sdss  6920  82N  2 
   32  54346.337812  4  22.590  0.937  0.538  0.967   1.194e+00   5.227e+00   2.689e+00   4.829e+00  19  sdss  6920  82N  2 
  135  54346.336983  0  22.350  1.453  0.939  1.855   4.376e+00   4.169e+00   3.809e+00   7.527e+00  11  sdss  6920  82N  2 
    0  54348.369189  1  22.551  0.226  0.118  0.191   3.368e+00   7.009e-01   3.704e-01   6.002e-01  17  sdss  6934  82N  2 
    0  54348.365871  2  22.539  0.286  0.038  0.180   3.432e+00   9.079e-01   1.223e-01   5.838e-01  19  sdss  6934  82N  2 
   32  54348.366701  3  22.741  0.496  0.344  0.305   2.716e+00   1.305e+00   9.468e-01   8.395e-01  19  sdss  6934  82N  2 
    0  54348.368359  4  21.520  0.476  0.328  0.330   8.078e+00   4.033e+00   2.863e+00   2.886e+00  19  sdss  6934  82N  2 
    4  54348.367530  0  24.046  1.555  0.246  3.324   6.331e-01   2.149e+00   2.768e-01   3.736e+00  11  sdss  6934  82N  2 
 1152  54358.325425  1  21.750  0.131  0.138  0.183   7.093e+00   8.520e-01   9.014e-01   1.194e+00  17  sdss  6958  82N  2 
    0  54358.322108  2  21.642  0.148  0.120  0.140   7.942e+00   1.071e+00   8.790e-01   1.020e+00  19  sdss  6958  82N  2 
    0  54358.322937  3  21.636  0.214  0.158  0.146   7.865e+00   1.542e+00   1.156e+00   1.064e+00  19  sdss  6958  82N  2 
    0  54358.324596  4  20.909  0.379  0.203  0.271   1.512e+01   5.297e+00   2.930e+00   3.913e+00  19  sdss  6958  82N  2 
  134  54358.323766  0  22.487  0.806  0.212  1.952   3.840e+00   2.517e+00   7.630e-01   7.011e+00  11  sdss  6958  82N  2 
    4  54359.319401  1  21.753  0.184  0.176  0.175   7.074e+00   1.188e+00   1.144e+00   1.142e+00  17  sdss  6963  82N  2 
    4  54359.316084  2  21.610  0.271  0.196  0.101   8.181e+00   1.997e+00   1.471e+00   7.598e-01  19  sdss  6963  82N  2 
    4  54359.316913  3  21.732  0.344  0.047  0.119   7.190e+00   2.231e+00   3.177e-01   7.941e-01  19  sdss  6963  82N  2 
    4  54359.318572  4  20.962  0.620  0.421  0.237   1.435e+01   7.897e+00   5.807e+00   3.262e+00  19  sdss  6963  82N  2 
   12  54359.317742  0  22.822  1.730  1.318  1.579   2.777e+00   3.521e+00   3.533e+00   4.236e+00  11  sdss  6963  82N  2 
    0  54365.358777  1  22.058  0.106  0.041  0.102   5.333e+00   5.201e-01   2.019e-01   5.018e-01  17  sdss  6982  82N  2 
    0  54365.355460  2  21.469  0.090  0.042  0.049   9.321e+00   7.677e-01   3.570e-01   4.184e-01  19  sdss  6982  82N  2 
    0  54365.356289  3  21.470  0.131  0.033  0.053   9.181e+00   1.106e+00   2.839e-01   4.465e-01  19  sdss  6982  82N  2 
    0  54365.357948  4  21.483  0.396  0.269  0.226   8.414e+00   3.482e+00   2.420e+00   2.033e+00  19  sdss  6982  82N  2 
    8  54365.357119  0  23.484  1.155  0.905  1.710   1.384e+00   1.714e+00   1.429e+00   2.699e+00  11  sdss  6982  82N  2 
    0  54381.378301  1  23.644  0.457  0.055  0.487   1.161e+00   5.369e-01   6.734e-02   5.924e-01  17  sdss  7034  82N  2 
    0  54381.374984  2  22.323  0.216  0.026  0.142   4.210e+00   8.375e-01   1.004e-01   5.589e-01  19  sdss  7034  82N  2 
    0  54381.375814  3  21.945  0.218  0.083  0.117   5.886e+00   1.188e+00   4.593e-01   6.479e-01  19  sdss  7034  82N  2 
    0  54381.377472  4  21.452  0.427  0.186  0.303   8.704e+00   3.829e+00   1.712e+00   2.793e+00  19  sdss  7034  82N  2 
    0  54381.376643  0  22.843  0.805  0.384  1.547   2.720e+00   1.881e+00   1.010e+00   4.073e+00  11  sdss  7034  82N  2 
    0  54384.385125  1  23.231  0.322  0.086  0.303   1.762e+00   5.414e-01   1.476e-01   5.221e-01  17  sdss  7047  82N  2 
    0  54384.381808  2  22.363  0.217  0.062  0.105   4.054e+00   8.131e-01   2.362e-01   3.975e-01  19  sdss  7047  82N  2 
    0  54384.382637  3  22.071  0.244  0.091  0.094   5.225e+00   1.185e+00   4.496e-01   4.619e-01  19  sdss  7047  82N  2 
    0  54384.384296  4  22.039  0.626  0.341  0.341   4.225e+00   3.874e+00   2.108e+00   2.109e+00  19  sdss  7047  82N  2 
    4  54384.383467  0  23.378  1.098  0.382  1.608   1.562e+00   1.716e+00   6.526e-01   2.746e+00  11  sdss  7047  82N  2 
  132  54386.370769  1  23.105  0.533  0.473  0.332   1.992e+00   9.602e-01   9.074e-01   6.376e-01  17  sdss  7054  82N  2 
    4  54386.367452  2  26.249  1.424  1.289  0.533  -1.530e+00   1.987e+00   2.075e+00   8.580e-01  19  sdss  7054  82N  2 
   32  54386.368281  3  22.997  0.884  0.526  0.358   2.078e+00   1.813e+00   1.179e+00   8.024e-01  19  sdss  7054  82N  2 
  132  54386.369940  4  21.970  1.012  0.547  0.501   4.664e+00   6.586e+00   3.519e+00   3.224e+00  19  sdss  7054  82N  2 
    4  54386.369111  0  22.243  0.586  0.132  0.904   4.842e+00   2.408e+00   5.887e-01   4.035e+00  11  sdss  7054  82N  2 
    0  54388.374835  1  23.185  0.316  0.097  0.308   1.843e+00   5.523e-01   1.745e-01   5.512e-01  17  sdss  7060  82N  2 
    0  54388.371518  2  23.078  0.400  0.094  0.183   2.035e+00   7.824e-01   1.906e-01   3.700e-01  19  sdss  7060  82N  2 
    0  54388.372347  3  22.024  0.219  0.077  0.083   5.463e+00   1.112e+00   3.943e-01   4.248e-01  19  sdss  7060  82N  2 
    0  54388.374006  4  22.451  0.647  0.075  0.388   1.902e+00   3.490e+00   3.896e-01   2.007e+00  19  sdss  7060  82N  2 
   12  54388.373176  0  22.831  0.708  0.343  0.954   2.753e+00   1.708e+00   9.114e-01   2.539e+00  11  sdss  7060  82N  2 
    0  54393.378530  1  23.464  0.381  0.227  0.331   1.398e+00   5.222e-01   3.203e-01   4.668e-01  17  sdss  7081  82N  2 
    0  54393.375213  2  22.739  0.347  0.126  0.179   2.835e+00   9.146e-01   3.406e-01   4.856e-01  19  sdss  7081  82N  2 
    0  54393.376043  3  21.962  0.245  0.080  0.104   5.793e+00   1.310e+00   4.343e-01   5.664e-01  19  sdss  7081  82N  2 
    0  54393.377701  4  23.111  0.761  0.236  0.405  -1.370e+00   4.102e+00   1.185e+00   2.037e+00  19  sdss  7081  82N  2 
    8  54393.376872  0  23.106  1.064  0.887  1.636   2.087e+00   1.952e+00   1.875e+00   3.460e+00  11  sdss  7081  82N  2 
   35  54396.241742  1  23.936  2.343  1.660  1.986   8.416e-01   2.849e+00   1.612e+00   1.929e+00  17  sdss  7095  82N  2 
   35  54396.238425  2  24.235  2.071  2.189  2.272   4.742e-01   2.893e+00   1.989e+00   2.065e+00  19  sdss  7095  82N  2 
   35  54396.239255  3  22.298  0.773  0.671  0.561   4.206e+00   2.748e+00   2.706e+00   2.261e+00  19  sdss  7095  82N  2 
    0  54396.240913  4  23.008  1.117  1.149  1.342  -8.590e-01   6.491e+00   5.671e+00   6.627e+00  19  sdss  7095  82N  2 
    3  54396.240084  0  24.811  2.749  3.921  8.720  -1.415e-01   6.577e+00   3.832e+00   8.521e+00  11  sdss  7095  82N  2 
   25  54403.288501  1  23.350  1.182  3.637  0.383   1.566e+00   1.500e+00   5.651e+00   5.944e-01  17  sdss  7106  82N  2 
 1049  54403.285184  2  22.939  0.538  2.272  0.198   2.335e+00   1.153e+00   5.176e+00   4.508e-01  19  sdss  7106  82N  2 
    0  54403.286013  3  23.173  0.720  0.408  0.256   1.708e+00   1.346e+00   8.010e-01   5.019e-01  19  sdss  7106  82N  2 
   24  54403.287672  4  22.325  0.825  1.980  0.485   2.567e+00   4.705e+00   1.068e+01   2.616e+00  19  sdss  7106  82N  2 
    5  54403.286842  0  26.593  1.197  0.409  0.910  -3.016e+00   2.751e+00   1.178e+00   2.624e+00  11  sdss  7106  82N  2 
    9  54404.345810  1  25.779  1.240  2.218  0.595  -4.136e-01   9.598e-01   1.553e+00   4.168e-01  17  sdss  7112  82N  2 
 1053  54404.342494  2  25.368  1.412  7.398  0.317  -4.732e-01   1.529e+00   6.719e+00   2.880e-01  19  sdss  7112  82N  2 
 1048  54404.343323  3  22.645  0.437  2.454  0.111   2.993e+00   1.256e+00   7.332e+00   3.303e-01  19  sdss  7112  82N  2 
    8  54404.344981  4  22.617  0.721  1.115  0.332   1.061e+00   3.825e+00   5.539e+00   1.649e+00  19  sdss  7112  82N  2 
    1  54404.344152  0  22.790  1.182  0.085  0.780   2.866e+00   2.627e+00   2.337e-01   2.150e+00  11  sdss  7112  82N  2 
    1  54405.343777  1  25.837  1.124  0.542  0.632  -4.551e-01   8.618e-01   3.910e-01   4.562e-01  17  sdss  7117  82N  2 
    0  54405.340460  2  23.128  0.470  0.156  0.164   1.934e+00   8.729e-01   3.024e-01   3.189e-01  19  sdss  7117  82N  2 
    0  54405.341289  3  22.768  0.454  0.093  0.132   2.642e+00   1.178e+00   2.517e-01   3.566e-01  19  sdss  7117  82N  2 
    8  54405.342948  4  20.713  0.245  0.311  0.099   1.828e+01   4.136e+00   5.335e+00   1.696e+00  19  sdss  7117  82N  2 
    9  54405.342119  0  23.301  1.402  0.672  1.171   1.699e+00   2.273e+00   1.216e+00   2.120e+00  11  sdss  7117  82N  2 
    0  54406.282111  1  23.664  0.434  0.238  0.396   1.137e+00   5.033e-01   2.844e-01   4.736e-01  17  sdss  7121  82N  2 
    0  54406.278794  2  23.772  0.657  0.229  0.332   9.517e-01   7.560e-01   2.704e-01   3.923e-01  19  sdss  7121  82N  2 
    0  54406.279623  3  22.969  0.482  0.162  0.169   2.142e+00   1.066e+00   3.721e-01   3.877e-01  19  sdss  7121  82N  2 
    0  54406.281282  4  22.080  0.551  0.330  0.325   3.974e+00   3.338e+00   1.991e+00   1.962e+00  19  sdss  7121  82N  2 
    0  54406.280452  0  23.484  1.023  0.176  1.398   1.384e+00   1.518e+00   2.782e-01   2.207e+00  11  sdss  7121  82N  2 
   32  54412.284867  1  25.101  0.981  1.100  1.236   1.028e-02   6.594e-01   6.482e-01   7.277e-01  17  sdss  7140  82N  2 
   36  54412.281550  2  23.859  1.045  0.821  0.484   8.522e-01   1.157e+00   9.155e-01   5.398e-01  19  sdss  7140  82N  2 
    0  54412.282380  3  23.092  0.748  0.389  0.312   1.871e+00   1.468e+00   8.107e-01   6.494e-01  19  sdss  7140  82N  2 
    0  54412.284038  4  23.630  0.796  0.539  0.481  -4.245e+00   4.968e+00   3.339e+00   2.975e+00  19  sdss  7140  82N  2 
    4  54412.283209  0  25.990  1.437  0.086  2.306  -1.625e+00   2.296e+00   1.506e-01   4.048e+00  11  sdss  7140  82N  2 
   32  54416.280364  1  24.307  0.630  0.380  0.537   5.233e-01   4.775e-01   2.885e-01   4.076e-01  17  sdss  7155  82N  2 
    0  54416.277047  2  23.787  0.649  0.242  0.328   9.339e-01   7.408e-01   2.831e-01   3.834e-01  19  sdss  7155  82N  2 
    0  54416.277876  3  22.842  0.445  0.182  0.165   2.447e+00   1.089e+00   4.607e-01   4.189e-01  19  sdss  7155  82N  2 
    0  54416.279535  4  22.748  0.676  0.400  0.390   4.150e-01   3.518e+00   1.959e+00   1.907e+00  19  sdss  7155  82N  2 
    0  54416.278706  0  23.956  1.207  0.235  1.859   7.377e-01   1.539e+00   2.764e-01   2.184e+00  11  sdss  7155  82N  2 
  160  54421.285832  1  23.878  0.706  0.560  0.641   8.995e-01   6.794e-01   5.672e-01   6.501e-01  17  sdss  7170  82N  2 
  156  54421.282516  2  25.978  1.018  2.377  0.495  -1.134e+00   1.249e+00   3.112e+00   6.472e-01  19  sdss  7170  82N  2 
   32  54421.283345  3  23.412  0.847  0.391  0.344   1.273e+00   1.382e+00   6.503e-01   5.718e-01  19  sdss  7170  82N  2 
 1156  54421.285003  4  24.573  0.915  0.686  0.224  -1.261e+01   9.823e+00   8.462e+00   2.759e+00  19  sdss  7170  82N  2 
    4  54421.284174  0  22.995  1.048  0.189  1.482   2.336e+00   2.074e+00   4.369e-01   3.431e+00  11  sdss  7170  82N  2 
   33  54423.262257  1  23.555  1.198  0.531  0.775   1.273e+00   1.329e+00   6.947e-01   1.014e+00  17  sdss  7177  82N  2 
    1  54423.258940  2  22.862  0.518  0.088  0.258   2.518e+00   1.189e+00   2.153e-01   6.279e-01  19  sdss  7177  82N  2 
   32  54423.259769  3  23.791  0.930  0.324  0.479   7.083e-01   1.333e+00   4.378e-01   6.475e-01  19  sdss  7177  82N  2 
    0  54423.261427  4  20.934  0.314  0.257  0.255   1.475e+01   4.339e+00   3.624e+00   3.601e+00  19  sdss  7177  82N  2 
    9  54423.260598  0  26.081  1.843  1.433  2.627  -1.794e+00   3.223e+00   2.699e+00   4.948e+00  11  sdss  7177  82N  2 
 1055  54431.289121  1  28.805  3.841  6.768  0.133  -9.527e+00   1.450e+01   5.931e+01   1.168e+00  17  sdss  7195  82N  2 
 1053  54431.285804  2  20.924  3.131  7.663  0.061   1.542e+01   1.705e+01   1.081e+02   8.645e-01  19  sdss  7195  82N  2 
 1037  54431.286633  3  28.321  0.832  1.949  0.038  -2.461e+01   1.583e+01   4.400e+01   8.675e-01  19  sdss  7195  82N  2 
 1029  54431.288292  4  25.093  2.950  1.419  0.257  -2.090e+01   4.474e+01   2.753e+01   4.987e+00  19  sdss  7195  82N  2 
 1031  54431.287463  0  21.590  4.426  1.987  0.813   8.903e+00   3.218e+01   1.605e+01   6.561e+00  11  sdss  7195  82N  2 
   29  54432.277067  1  23.322  1.971  8.537  0.366   1.610e+00   2.443e+00   1.357e+01   5.820e-01  17  sdss  7199  82N  2 
   29  54432.273750  2  26.156  2.341  5.506  0.265  -1.384e+00   3.931e+00   8.233e+00   3.961e-01  19  sdss  7199  82N  2 
 1181  54432.274579  3  21.625  1.522 18.681  0.112   7.946e+00   7.419e+00   1.379e+02   8.252e-01  19  sdss  7199  82N  2 
  141  54432.276238  4  21.273  1.581  2.200  0.246   1.051e+01   1.413e+01   2.337e+01   2.615e+00  19  sdss  7199  82N  2 
 1181  54432.275409  0  20.934  3.658  8.526  0.402   1.633e+01   2.205e+01   1.256e+02   5.923e+00  11  sdss  7199  82N  2 
    1  54433.284381  1  25.606  1.871  2.433  1.861  -2.968e-01   1.756e+00   1.578e+00   1.207e+00  17  sdss  7202  82N  2 
   35  54433.281064  2  24.331  1.770  3.002  1.813   3.880e-01   2.158e+00   2.624e+00   1.585e+00  19  sdss  7202  82N  2 
   32  54433.281893  3  24.319  1.516  1.787  1.473   5.097e-02   2.439e+00   2.117e+00   1.746e+00  19  sdss  7202  82N  2 
   34  54433.283552  4  22.681  1.339  1.923  1.580   7.420e-01   8.339e+00   9.467e+00   7.779e+00  19  sdss  7202  82N  2 
    7  54433.282723  0  22.924  2.515  0.248  3.151   2.509e+00   5.802e+00   6.105e-01   7.746e+00  11  sdss  7202  82N  2 
