# SDSS CID:  18041 IAU:          RA:  10.895216 DEC:  -0.698723  (J2000)
# GALAXY_SB [ugriz] = [ 24.97 24.78 24.71 24.52 22.89 ] +/- [  0.49  0.15  0.13  0.10  0.12 ] (asinh mag/square arcsec)
# GALAXY_SB_FLUX [ugriz] = [ -3.322E-01  2.026E-01  7.094E-02 -1.921E-01 -2.973E-01 ] +/- [  4.937E-01  9.165E-02  1.076E-01  1.240E-01  5.815E-01 ] (microJy per square arcsec)
#FLAG  MJD       FILT  MAG     MERR  MSKYERR MGALERR  FLUX       FLUXERR    SKYERR     GALERR    NPRE TELE   RUN  STRIP  IDCCD
    0  54357.313475  1  22.689  0.173  0.083  0.132   2.960e+00   4.820e-01   2.317e-01   3.715e-01  11  sdss  6955  82S  2 
    0  54357.310158  2  22.004  0.137  0.003  0.069   5.675e+00   7.248e-01   1.698e-02   3.673e-01  10  sdss  6955  82S  2 
    0  54357.310988  3  21.962  0.197  0.078  0.078   5.791e+00   1.070e+00   4.296e-01   4.280e-01  11  sdss  6955  82S  2 
    0  54357.312646  4  22.419  0.606  0.147  0.380   2.065e+00   3.278e+00   7.682e-01   1.984e+00  11  sdss  6955  82S  2 
    4  54357.311817  0  24.904  1.195  0.112  2.303  -2.332e-01   1.418e+00   1.116e-01   2.286e+00  5  sdss  6955  82S  2 
    0  54362.363732  1  22.553  0.188  0.103  0.245   3.363e+00   5.917e-01   3.261e-01   7.777e-01  11  sdss  6976  82S  2 
    0  54362.360415  2  21.614  0.112  0.059  0.077   8.153e+00   8.456e-01   4.489e-01   5.806e-01  10  sdss  6976  82S  2 
    0  54362.361244  3  21.974  0.229  0.074  0.121   5.726e+00   1.224e+00   4.032e-01   6.590e-01  11  sdss  6976  82S  2 
    0  54362.362903  4  22.133  0.795  0.129  0.676   3.652e+00   4.794e+00   7.610e-01   3.988e+00  11  sdss  6976  82S  2 
  132  54362.362074  0  26.033  1.099  0.081  2.526  -1.703e+00   1.814e+00   1.503e-01   4.666e+00  5  sdss  6976  82S  2 
    0  54379.353981  1  24.085  0.758  0.115  1.025   7.040e-01   6.458e-01   1.015e-01   9.016e-01  11  sdss  7024  82S  2 
 1180  54379.350664  2  22.073  0.395  3.519  0.197   5.322e+00   1.887e+00   1.752e+01   9.801e-01  10  sdss  7024  82S  2 
    0  54379.351494  3  22.222  0.303  0.146  0.162   4.524e+00   1.288e+00   6.339e-01   7.035e-01  11  sdss  7024  82S  2 
    0  54379.353152  4  23.289  0.879  0.969  0.898  -2.290e+00   5.008e+00   5.141e+00   4.759e+00  11  sdss  7024  82S  2 
 1164  54379.352323  0  22.093  0.711  0.457  1.215   5.573e+00   3.294e+00   2.391e+00   6.359e+00  5  sdss  7024  82S  2 
    2  54382.343689  1  23.665  0.656  0.606  1.353   1.134e+00   7.401e-01   7.313e-01   1.631e+00  11  sdss  7038  82S  2 
   10  54382.340372  2  21.862  0.216  0.273  0.315   6.477e+00   1.289e+00   1.646e+00   1.903e+00  10  sdss  7038  82S  2 
    2  54382.341201  3  22.349  0.469  0.448  0.495   4.004e+00   1.736e+00   1.741e+00   1.926e+00  11  sdss  7038  82S  2 
   32  54382.342860  4  22.716  1.116  0.724  1.626   5.693e-01   6.469e+00   3.551e+00   7.974e+00  11  sdss  7038  82S  2 
   10  54382.342031  0  25.501  1.724  3.435  8.769  -8.922e-01   2.600e+00   4.369e+00   1.115e+01  5  sdss  7038  82S  2 
    8  54385.361618  1  24.086  0.552  0.338  0.449   7.031e-01   4.743e-01   2.970e-01   3.945e-01  11  sdss  7051  82S  2 
    0  54385.358301  2  22.921  0.323  0.034  0.164   2.377e+00   7.363e-01   8.045e-02   3.832e-01  10  sdss  7051  82S  2 
    0  54385.359130  3  22.353  0.278  0.101  0.104   3.988e+00   1.058e+00   3.903e-01   4.044e-01  11  sdss  7051  82S  2 
   32  54385.360788  4  22.564  0.621  0.412  0.428   1.323e+00   3.265e+00   2.071e+00   2.148e+00  11  sdss  7051  82S  2 
    0  54385.359959  0  25.721  1.146  0.088  1.889  -1.191e+00   1.625e+00   1.296e-01   2.769e+00  5  sdss  7051  82S  2 
   42  54387.361988  1  23.555  0.551  0.678  0.893   1.274e+00   6.892e-01   8.957e-01   1.178e+00  11  sdss  7057  82S  2 
    0  54387.358671  2  23.050  0.526  0.095  0.497   2.093e+00   1.039e+00   1.984e-01   1.039e+00  10  sdss  7057  82S  2 
    0  54387.359500  3  23.220  0.762  0.459  0.576   1.615e+00   1.387e+00   8.760e-01   1.099e+00  11  sdss  7057  82S  2 
    0  54387.361159  4  21.269  0.523  0.530  0.514   1.055e+01   5.363e+00   5.696e+00   5.529e+00  11  sdss  7057  82S  2 
    0  54387.360329  0  24.147  1.631  0.280  5.545   5.218e-01   2.294e+00   3.032e-01   6.000e+00  5  sdss  7057  82S  2 
   32  54392.356512  1  24.593  0.970  0.589  1.790   3.213e-01   6.897e-01   3.893e-01   1.181e+00  11  sdss  7076  82S  2 
    0  54392.353195  2  24.926  1.196  0.483  1.527  -9.899e-02   1.163e+00   3.882e-01   1.228e+00  10  sdss  7076  82S  2 
    0  54392.354024  3  22.639  0.502  0.195  0.354   3.012e+00   1.444e+00   5.900e-01   1.072e+00  11  sdss  7076  82S  2 
    0  54392.355683  4  21.386  0.600  0.517  0.644   9.339e+00   5.561e+00   5.063e+00   6.301e+00  11  sdss  7076  82S  2 
    2  54392.354853  0  26.197  1.337  0.133  3.397  -2.027e+00   2.376e+00   2.802e-01   7.155e+00  5  sdss  7076  82S  2 
    0  54394.344827  1  25.780  0.890  0.534  1.063  -4.146e-01   6.491e-01   3.758e-01   7.476e-01  11  sdss  7084  82S  2 
    0  54394.341510  2  22.844  0.453  0.297  0.305   2.562e+00   1.080e+00   7.424e-01   7.619e-01  10  sdss  7084  82S  2 
    0  54394.342340  3  22.991  0.644  0.563  0.348   2.092e+00   1.381e+00   1.276e+00   7.907e-01  11  sdss  7084  82S  2 
    0  54394.343998  4  21.472  0.526  0.451  0.450   8.514e+00   4.628e+00   4.122e+00   4.114e+00  11  sdss  7084  82S  2 
    0  54394.343169  0  24.318  1.654  0.279  5.100   3.430e-01   2.321e+00   2.846e-01   5.198e+00  5  sdss  7084  82S  2 
    1  54402.354805  1  27.855  0.524  0.159  0.224  -3.951e+00   1.813e+00   5.881e-01   8.316e-01  11  sdss  7101  82S  2 
    1  54402.351488  2  23.329  1.134  0.387  0.450   1.574e+00   1.637e+00   6.419e-01   7.464e-01  10  sdss  7101  82S  2 
    9  54402.352317  3  22.629  0.552  0.543  0.219   3.041e+00   1.586e+00   1.660e+00   6.697e-01  11  sdss  7101  82S  2 
    0  54402.353975  4  21.940  0.785  0.105  0.584   4.863e+00   5.116e+00   6.927e-01   3.845e+00  11  sdss  7101  82S  2 
    1  54402.353146  0  22.488  2.249  0.127  1.414   3.837e+00   5.545e+00   4.655e-01   5.191e+00  5  sdss  7101  82S  2 
    0  54408.268547  1  24.246  0.607  0.223  0.503   5.706e-01   4.759e-01   1.764e-01   3.984e-01  11  sdss  7127  82S  2 
    0  54408.265230  2  23.865  0.698  0.270  0.340   8.451e-01   7.660e-01   3.015e-01   3.796e-01  10  sdss  7127  82S  2 
    0  54408.266059  3  23.288  0.630  0.092  0.203   1.489e+00   1.110e+00   1.677e-01   3.691e-01  11  sdss  7127  82S  2 
   32  54408.267717  4  22.702  0.723  0.098  0.447   6.389e-01   3.808e+00   4.827e-01   2.194e+00  11  sdss  7127  82S  2 
    0  54408.266888  0  22.963  0.696  0.059  1.094   2.414e+00   1.547e+00   1.427e-01   2.658e+00  5  sdss  7127  82S  2 
    8  54411.226406  1  24.401  0.597  0.342  0.403   4.535e-01   4.344e-01   2.476e-01   2.918e-01  11  sdss  7136  82S  2 
    0  54411.223089  2  23.958  0.669  0.026  0.313   7.446e-01   7.007e-01   2.691e-02   3.300e-01  10  sdss  7136  82S  2 
    0  54411.223919  3  22.895  0.450  0.120  0.162   2.317e+00   1.065e+00   2.944e-01   3.970e-01  11  sdss  7136  82S  2 
    0  54411.225577  4  21.822  0.480  0.156  0.261   5.674e+00   3.357e+00   1.106e+00   1.850e+00  11  sdss  7136  82S  2 
  140  54411.224748  0  25.850  0.939  0.174  1.403  -1.389e+00   1.415e+00   2.794e-01   2.255e+00  5  sdss  7136  82S  2 
    0  54413.267231  1  26.334  0.589  0.274  0.822  -8.757e-01   5.685e-01   2.745e-01   8.250e-01  11  sdss  7145  82S  2 
    0  54413.263915  2  24.024  0.775  0.063  0.500   6.764e-01   7.914e-01   6.368e-02   5.069e-01  10  sdss  7145  82S  2 
    0  54413.264744  3  22.940  0.517  0.027  0.251   2.209e+00   1.172e+00   6.385e-02   5.930e-01  11  sdss  7145  82S  2 
  128  54413.266402  4  21.960  0.667  0.479  0.589   4.731e+00   4.304e+00   3.116e+00   3.828e+00  11  sdss  7145  82S  2 
    8  54413.265573  0  24.485  1.394  1.235  4.528   1.755e-01   1.761e+00   1.214e+00   4.447e+00  5  sdss  7145  82S  2 
    0  54417.268655  1  25.694  0.697  0.079  0.685  -3.552e-01   4.835e-01   5.306e-02   4.624e-01  11  sdss  7158  82S  2 
    0  54417.265339  2  24.120  0.766  0.105  0.430   5.819e-01   7.526e-01   1.007e-01   4.143e-01  10  sdss  7158  82S  2 
    0  54417.266168  3  23.967  0.813  0.117  0.318   4.781e-01   1.098e+00   1.477e-01   4.016e-01  11  sdss  7158  82S  2 
    0  54417.267826  4  23.771  0.587  0.131  0.355  -5.169e+00   3.916e+00   8.845e-01   2.404e+00  11  sdss  7158  82S  2 
    8  54417.266997  0  24.076  1.207  0.764  2.807   5.996e-01   1.506e+00   8.524e-01   3.132e+00  5  sdss  7158  82S  2 
   32  54418.266991  1  24.013  0.645  0.451  0.883   7.693e-01   5.762e-01   4.173e-01   8.167e-01  11  sdss  7161  82S  2 
   24  54418.263674  2  24.005  0.850  1.575  0.423   6.958e-01   8.784e-01   1.615e+00   4.336e-01  10  sdss  7161  82S  2 
    0  54418.264503  3  23.845  0.817  0.424  0.386   6.350e-01   1.136e+00   5.607e-01   5.105e-01  11  sdss  7161  82S  2 
   32  54418.266161  4  22.543  0.743  0.530  0.625   1.431e+00   4.000e+00   2.675e+00   3.156e+00  11  sdss  7161  82S  2 
    0  54418.265332  0  24.906  1.357  0.183  3.678  -2.352e-01   1.697e+00   1.818e-01   3.652e+00  5  sdss  7161  82S  2 
    1  54422.271148  1  26.144  1.035  0.530  0.949  -6.980e-01   8.771e-01   4.642e-01   8.303e-01  11  sdss  7173  82S  2 
    0  54422.267832  2  23.258  0.663  0.385  0.436   1.695e+00   1.084e+00   6.770e-01   7.662e-01  10  sdss  7173  82S  2 
    0  54422.268661  3  24.064  0.989  0.525  0.681   3.579e-01   1.365e+00   6.460e-01   8.369e-01  11  sdss  7173  82S  2 
    0  54422.270319  4  21.827  0.684  0.712  0.641   5.638e+00   4.725e+00   5.034e+00   4.534e+00  11  sdss  7173  82S  2 
    8  54422.269490  0  26.485  0.955  0.811  1.781  -2.711e+00   2.188e+00   2.177e+00   4.778e+00  5  sdss  7173  82S  2 
    1  54424.207006  1  26.744  1.090  0.260  0.364  -1.357e+00   1.288e+00   3.616e-01   5.056e-01  11  sdss  7183  82S  2 
    1  54424.203689  2  24.151  1.146  0.341  0.406   5.524e-01   1.178e+00   3.236e-01   3.844e-01  10  sdss  7183  82S  2 
    1  54424.204518  3  23.166  0.713  0.189  0.211   1.720e+00   1.346e+00   3.757e-01   4.191e-01  11  sdss  7183  82S  2 
    0  54424.206177  4  22.280  0.711  0.077  0.453   2.814e+00   4.047e+00   4.236e-01   2.496e+00  11  sdss  7183  82S  2 
    1  54424.205348  0  23.998  1.971  0.167  2.707   6.881e-01   3.214e+00   1.935e-01   3.136e+00  5  sdss  7183  82S  2 
