# SDSS CID:   1575 IAU:          RA:  41.409531 DEC:  -0.784964  (J2000)
# GALAXY_SB [ugriz] = [ 22.93 22.11 21.41 20.81 20.44 ] +/- [  0.00  0.00  0.00  0.00  0.00 ] (asinh mag/square arcsec)
# GALAXY_SB_FLUX [ugriz] = [  2.418E+00  5.055E+00  9.855E+00  1.694E+01  2.362E+01 ] +/- [  0.000E+00  0.000E+00  0.000E+00  0.000E+00  0.000E+00 ] (microJy per square arcsec)
#FLAG  MJD       FILT  MAG     MERR  MSKYERR MGALERR  FLUX       FLUXERR    SKYERR     GALERR    NPRE TELE   RUN  STRIP  IDCCD
  296  53622.441190  1  22.875  0.229  0.125  0.000   2.484e+00   5.367e-01   2.960e-01   0.000e+00  10  sdss  5582  82S  2 
  288  53622.437873  2  22.688  0.288  0.051  0.000   2.979e+00   8.116e-01   1.469e-01   0.000e+00  13  sdss  5582  82S  2 
  288  53622.438702  3  22.067  0.242  0.058  0.000   5.245e+00   1.192e+00   2.900e-01   0.000e+00  15  sdss  5582  82S  2 
  288  53622.440361  4  21.699  0.478  0.259  0.000   6.590e+00   3.611e+00   1.996e+00   0.000e+00  13  sdss  5582  82S  2 
  288  53622.439532  0  23.412  0.982  0.102  0.000   1.504e+00   1.522e+00   1.713e-01   0.000e+00  11  sdss  5582  82S  2 
  288  53627.398494  1  22.993  0.276  0.037  0.000   2.219e+00   5.803e-01   7.977e-02   0.000e+00  10  sdss  5607  82S  2 
  288  53627.395176  2  22.908  0.380  0.094  0.000   2.405e+00   8.723e-01   2.228e-01   0.000e+00  13  sdss  5607  82S  2 
  288  53627.396006  3  22.173  0.266  0.090  0.000   4.742e+00   1.191e+00   4.096e-01   0.000e+00  15  sdss  5607  82S  2 
  288  53627.397664  4  22.289  0.636  0.424  0.000   2.763e+00   3.584e+00   2.324e+00   0.000e+00  13  sdss  5607  82S  2 
  288  53627.396835  0  23.606  1.171  0.062  0.000   1.198e+00   1.658e+00   9.065e-02   0.000e+00  11  sdss  5607  82S  2 
  289  53634.391477  1  23.266  1.029  0.310  0.000   1.701e+00   1.446e+00   5.224e-01   0.000e+00  10  sdss  5619  82S  2 
  289  53634.388159  2  22.375  0.428  0.116  0.000   4.010e+00   1.556e+00   4.413e-01   0.000e+00  13  sdss  5619  82S  2 
  289  53634.388989  3  21.899  0.306  0.121  0.000   6.146e+00   1.735e+00   7.043e-01   0.000e+00  15  sdss  5619  82S  2 
  416  53634.390647  4  21.140  0.371  0.186  0.000   1.203e+01   4.314e+00   2.229e+00   0.000e+00  13  sdss  5619  82S  2 
  257  53634.389818  0  27.234  1.025  0.053  0.000  -5.550e+00   4.195e+00   2.713e-01   0.000e+00  11  sdss  5619  82S  2 
 1440  53640.397178  1  22.768  0.268  0.120  0.000   2.749e+00   6.877e-01   3.132e-01   0.000e+00  10  sdss  5646  82S  2 
  288  53640.393861  2  22.739  0.346  0.037  0.000   2.837e+00   9.246e-01   1.005e-01   0.000e+00  13  sdss  5646  82S  2 
  288  53640.394690  3  21.909  0.225  0.087  0.000   6.088e+00   1.281e+00   5.014e-01   0.000e+00  15  sdss  5646  82S  2 
  288  53640.396349  4  21.855  0.575  0.242  0.000   5.439e+00   3.924e+00   1.678e+00   0.000e+00  13  sdss  5646  82S  2 
  296  53640.395520  0  23.555  1.241  0.865  0.000   1.274e+00   1.801e+00   1.305e+00   0.000e+00  11  sdss  5646  82S  2 
  288  53643.439822  1  23.368  0.452  0.067  0.000   1.538e+00   6.690e-01   1.028e-01   0.000e+00  10  sdss  5666  82S  2 
  290  53643.436505  2  22.374  0.297  0.297  0.000   4.014e+00   1.105e+00   1.134e+00   0.000e+00  13  sdss  5666  82S  2 
  288  53643.437334  3  22.309  0.391  0.193  0.000   4.162e+00   1.522e+00   7.771e-01   0.000e+00  15  sdss  5666  82S  2 
  288  53643.438993  4  22.242  0.798  0.761  0.000   3.028e+00   4.643e+00   4.258e+00   0.000e+00  13  sdss  5666  82S  2 
  268  53643.438163  0  25.315  1.557  1.604  0.000  -6.673e-01   2.162e+00   1.832e+00   0.000e+00  11  sdss  5666  82S  2 
 1444  53646.458759  1  23.094  0.599  0.402  0.000   2.012e+00   1.082e+00   7.870e-01   0.000e+00  10  sdss  5681  82S  2 
  420  53646.455442  2  24.041  1.537  1.229  0.000   6.596e-01   1.783e+00   1.238e+00   0.000e+00  13  sdss  5681  82S  2 
  292  53646.456271  3  21.353  0.223  0.120  0.000   1.023e+01   2.099e+00   1.151e+00   0.000e+00  15  sdss  5681  82S  2 
 1412  53646.457930  4  22.875  1.268  1.170  0.000  -2.084e-01   7.688e+00   5.710e+00   0.000e+00  13  sdss  5681  82S  2 
 1284  53646.457100  0  26.944  1.619  0.111  0.000  -4.222e+00   4.367e+00   4.396e-01   0.000e+00  11  sdss  5681  82S  2 
  288  53655.370194  1  22.793  0.219  0.039  0.000   2.684e+00   5.539e-01   9.863e-02   0.000e+00  10  sdss  5713  82S  2 
  288  53655.366877  2  22.168  0.194  0.052  0.000   4.870e+00   8.836e-01   2.407e-01   0.000e+00  13  sdss  5713  82S  2 
  288  53655.367706  3  22.233  0.289  0.055  0.000   4.477e+00   1.221e+00   2.374e-01   0.000e+00  15  sdss  5713  82S  2 
  256  53655.369365  4  22.899  0.706  0.371  0.000  -3.225e-01   3.695e+00   1.812e+00   0.000e+00  13  sdss  5713  82S  2 
  296  53655.368535  0  24.086  1.262  0.540  0.000   5.890e-01   1.591e+00   5.981e-01   0.000e+00  11  sdss  5713  82S  2 
  257  53657.278004  1  25.903  2.589  3.138  0.000  -5.037e-01   3.477e+00   2.358e+00   0.000e+00  10  sdss  5730  82S  2 
 1443  53657.274687  2  24.346  2.076  2.778  0.000   3.755e-01   2.892e+00   2.422e+00   0.000e+00  13  sdss  5730  82S  2 
  291  53657.275516  3  22.433  0.828  0.634  0.000   3.691e+00   2.617e+00   2.292e+00   0.000e+00  15  sdss  5730  82S  2 
  290  53657.277175  4  21.971  1.279  1.662  0.000   4.658e+00   8.659e+00   1.072e+01   0.000e+00  13  sdss  5730  82S  2 
  289  53657.276345  0  22.337  2.954  1.017  0.000   4.429e+00   9.055e+00   4.208e+00   0.000e+00  11  sdss  5730  82S  2 
  289  53663.460035  1  22.667  0.664  0.155  0.000   3.023e+00   1.711e+00   4.436e-01   0.000e+00  10  sdss  5745  82S  2 
  289  53663.456717  2  23.256  0.916  0.175  0.000   1.697e+00   1.435e+00   3.093e-01   0.000e+00  13  sdss  5745  82S  2 
  289  53663.457547  3  21.362  0.162  0.037  0.000   1.014e+01   1.521e+00   3.521e-01   0.000e+00  15  sdss  5745  82S  2 
  288  53663.459205  4  21.625  0.580  0.227  0.000   7.186e+00   4.552e+00   1.846e+00   0.000e+00  13  sdss  5745  82S  2 
  385  53663.458376  0  25.543  2.399  1.154  0.000  -9.456e-01   4.821e+00   1.494e+00   0.000e+00  11  sdss  5745  82S  2 
  289  53664.395187  1  22.617  0.429  0.100  0.000   3.169e+00   1.226e+00   2.984e-01   0.000e+00  10  sdss  5754  82S  2 
  289  53664.391870  2  22.172  0.250  0.032  0.000   4.852e+00   1.125e+00   1.485e-01   0.000e+00  13  sdss  5754  82S  2 
  297  53664.392699  3  21.889  0.236  0.210  0.000   6.205e+00   1.366e+00   1.230e+00   0.000e+00  15  sdss  5754  82S  2 
  288  53664.394358  4  21.234  0.426  0.275  0.000   1.093e+01   4.549e+00   3.044e+00   0.000e+00  13  sdss  5754  82S  2 
  257  53664.393529  0  24.845  1.931  0.349  0.000  -1.750e-01   3.030e+00   3.423e-01   0.000e+00  11  sdss  5754  82S  2 
  289  53665.459959  1  22.035  0.229  0.041  0.000   5.451e+00   1.148e+00   2.080e-01   0.000e+00  10  sdss  5760  82S  2 
  289  53665.456642  2  23.029  0.579  0.075  0.000   2.135e+00   1.158e+00   1.604e-01   0.000e+00  13  sdss  5760  82S  2 
  289  53665.457471  3  21.680  0.209  0.048  0.000   7.546e+00   1.464e+00   3.387e-01   0.000e+00  15  sdss  5760  82S  2 
  289  53665.459130  4  21.862  0.742  0.187  0.000   5.390e+00   5.021e+00   1.290e+00   0.000e+00  13  sdss  5760  82S  2 
  257  53665.458300  0  25.005  2.088  0.213  0.000  -3.347e-01   3.537e+00   2.162e-01   0.000e+00  11  sdss  5760  82S  2 
  289  53668.448666  1  23.467  0.920  0.650  0.000   1.393e+00   1.143e+00   9.213e-01   0.000e+00  10  sdss  5771  82S  2 
  288  53668.445349  2  22.625  0.469  0.175  0.000   3.164e+00   1.355e+00   5.342e-01   0.000e+00  13  sdss  5771  82S  2 
  288  53668.446179  3  22.316  0.464  0.280  0.000   4.134e+00   1.769e+00   1.121e+00   0.000e+00  15  sdss  5771  82S  2 
  288  53668.447837  4  21.752  0.882  0.551  0.000   6.183e+00   6.298e+00   4.097e+00   0.000e+00  13  sdss  5771  82S  2 
  259  53668.447008  0  25.022  2.172  0.312  0.000  -3.512e-01   3.831e+00   3.179e-01   0.000e+00  11  sdss  5771  82S  2 
 1464  53669.354335  1  22.650  0.404  1.930  0.000   3.072e+00   1.126e+00   5.615e+00   0.000e+00  10  sdss  5776  82S  2 
 1448  53669.351018  2  22.404  0.402  0.516  0.000   3.902e+00   1.433e+00   1.913e+00   0.000e+00  13  sdss  5776  82S  2 
 1464  53669.351848  3  22.460  0.460  7.077  0.000   3.595e+00   1.552e+00   2.501e+01   0.000e+00  15  sdss  5776  82S  2 
 1448  53669.353506  4  21.678  0.709  0.928  0.000   6.756e+00   5.320e+00   7.267e+00   0.000e+00  13  sdss  5776  82S  2 
 1452  53669.352677  0  21.495  0.855  0.828  0.000   9.726e+00   6.369e+00   7.360e+00   0.000e+00  11  sdss  5776  82S  2 
  288  53670.454275  1  22.706  0.290  0.083  0.000   2.914e+00   7.849e-01   2.288e-01   0.000e+00  10  sdss  5782  82S  2 
  288  53670.450958  2  22.317  0.286  0.080  0.000   4.235e+00   1.122e+00   3.226e-01   0.000e+00  13  sdss  5782  82S  2 
  288  53670.451787  3  21.715  0.207  0.070  0.000   7.304e+00   1.406e+00   4.828e-01   0.000e+00  15  sdss  5782  82S  2 
  288  53670.453446  4  21.281  0.441  0.259  0.000   1.042e+01   4.531e+00   2.752e+00   0.000e+00  13  sdss  5782  82S  2 
  288  53670.452616  0  22.113  0.577  0.077  0.000   5.470e+00   2.690e+00   3.918e-01   0.000e+00  11  sdss  5782  82S  2 
  288  53671.439046  1  22.892  0.301  0.143  0.000   2.444e+00   6.898e-01   3.342e-01   0.000e+00  10  sdss  5786  82S  2 
  288  53671.435729  2  21.950  0.179  0.061  0.000   5.968e+00   9.927e-01   3.424e-01   0.000e+00  13  sdss  5786  82S  2 
  288  53671.436558  3  21.715  0.188  0.048  0.000   7.304e+00   1.279e+00   3.292e-01   0.000e+00  15  sdss  5786  82S  2 
  288  53671.438217  4  21.048  0.328  0.110  0.000   1.320e+01   4.145e+00   1.419e+00   0.000e+00  13  sdss  5786  82S  2 
  300  53671.437387  0  23.571  1.459  0.591  0.000   1.249e+00   2.166e+00   8.810e-01   0.000e+00  11  sdss  5786  82S  2 
  288  53674.338807  1  22.413  0.180  0.109  0.000   3.836e+00   6.444e-01   3.932e-01   0.000e+00  10  sdss  5797  82S  2 
  416  53674.335490  2  22.061  0.203  0.096  0.000   5.381e+00   1.018e+00   4.872e-01   0.000e+00  13  sdss  5797  82S  2 
  288  53674.336320  3  21.818  0.230  0.110  0.000   6.632e+00   1.416e+00   6.853e-01   0.000e+00  15  sdss  5797  82S  2 
  288  53674.337978  4  21.516  0.581  0.290  0.000   8.115e+00   4.909e+00   2.562e+00   0.000e+00  13  sdss  5797  82S  2 
  416  53674.337149  0  23.701  1.400  0.249  0.000   1.062e+00   1.980e+00   3.408e-01   0.000e+00  11  sdss  5797  82S  2 
  288  53676.428229  1  22.993  0.373  0.138  0.000   2.219e+00   7.712e-01   2.944e-01   0.000e+00  10  sdss  5807  82S  2 
  288  53676.424912  2  22.270  0.224  0.088  0.000   4.426e+00   9.244e-01   3.683e-01   0.000e+00  13  sdss  5807  82S  2 
  288  53676.425741  3  21.711  0.200  0.060  0.000   7.331e+00   1.366e+00   4.121e-01   0.000e+00  15  sdss  5807  82S  2 
  288  53676.427400  4  21.377  0.616  0.187  0.000   9.422e+00   5.719e+00   1.841e+00   0.000e+00  13  sdss  5807  82S  2 
  388  53676.426571  0  27.020  0.573  0.150  0.000  -4.537e+00   2.240e+00   6.338e-01   0.000e+00  11  sdss  5807  82S  2 
  288  53679.400038  1  22.780  0.268  0.148  0.000   2.717e+00   6.798e-01   3.822e-01   0.000e+00  10  sdss  5820  82S  2 
  288  53679.396721  2  22.165  0.258  0.106  0.000   4.884e+00   1.168e+00   4.868e-01   0.000e+00  13  sdss  5820  82S  2 
  288  53679.397551  3  22.054  0.324  0.238  0.000   5.310e+00   1.596e+00   1.202e+00   0.000e+00  15  sdss  5820  82S  2 
  288  53679.399209  4  21.677  0.723  0.257  0.000   6.764e+00   5.427e+00   2.013e+00   0.000e+00  13  sdss  5820  82S  2 
  256  53679.398380  0  26.375  1.048  0.125  0.000  -2.429e+00   2.142e+00   3.008e-01   0.000e+00  11  sdss  5820  82S  2 
  288  53681.391488  1  22.627  0.201  0.032  0.000   3.139e+00   5.901e-01   9.596e-02   0.000e+00  10  sdss  5836  82S  2 
  288  53681.388172  2  22.115  0.183  0.059  0.000   5.117e+00   8.733e-01   2.818e-01   0.000e+00  13  sdss  5836  82S  2 
  288  53681.389001  3  21.388  0.128  0.022  0.000   9.904e+00   1.178e+00   2.020e-01   0.000e+00  15  sdss  5836  82S  2 
  288  53681.390659  4  21.557  0.431  0.085  0.000   7.754e+00   3.600e+00   7.242e-01   0.000e+00  13  sdss  5836  82S  2 
  292  53681.389830  0  23.918  1.349  0.036  0.000   7.830e-01   1.793e+00   4.354e-02   0.000e+00  11  sdss  5836  82S  2 
  292  53684.353076  1  22.158  0.188  0.047  0.000   4.863e+00   8.460e-01   2.116e-01   0.000e+00  10  sdss  5847  82S  2 
  292  53684.349760  2  21.958  0.229  0.081  0.000   5.923e+00   1.254e+00   4.507e-01   0.000e+00  13  sdss  5847  82S  2 
  288  53684.350589  3  21.802  0.262  0.101  0.000   6.733e+00   1.630e+00   6.385e-01   0.000e+00  15  sdss  5847  82S  2 
  292  53684.352247  4  20.935  0.484  0.224  0.000   1.474e+01   6.542e+00   3.185e+00   0.000e+00  13  sdss  5847  82S  2 
  292  53684.351418  0  23.641  1.598  0.263  0.000   1.147e+00   2.397e+00   3.744e-01   0.000e+00  11  sdss  5847  82S  2 
  289  53687.294308  1  23.468  1.611  0.623  0.000   1.391e+00   1.839e+00   8.836e-01   0.000e+00  10  sdss  5871  82S  2 
  313  53687.290991  2  21.619  0.278  0.742  0.000   8.114e+00   2.064e+00   5.624e+00   0.000e+00  13  sdss  5871  82S  2 
  297  53687.291821  3  21.900  0.360  0.702  0.000   6.140e+00   2.024e+00   4.078e+00   0.000e+00  15  sdss  5871  82S  2 
  440  53687.293479  4  22.138  0.986  3.430  0.000   3.627e+00   6.071e+00   2.018e+01   0.000e+00  13  sdss  5871  82S  2 
  289  53687.292650  0  23.635  2.580  1.925  0.000   1.156e+00   5.727e+00   2.749e+00   0.000e+00  11  sdss  5871  82S  2 
  289  53697.348130  1  22.436  0.237  0.118  0.000   3.754e+00   8.225e-01   4.159e-01   0.000e+00  10  sdss  5895  82S  2 
  288  53697.344814  2  22.033  0.186  0.052  0.000   5.523e+00   9.576e-01   2.726e-01   0.000e+00  13  sdss  5895  82S  2 
  288  53697.345643  3  21.362  0.136  0.035  0.000   1.014e+01   1.281e+00   3.270e-01   0.000e+00  15  sdss  5895  82S  2 
  288  53697.347301  4  21.387  0.444  0.119  0.000   9.333e+00   4.199e+00   1.163e+00   0.000e+00  13  sdss  5895  82S  2 
  297  53697.346472  0  22.548  0.758  0.414  0.000   3.622e+00   2.296e+00   1.420e+00   0.000e+00  11  sdss  5895  82S  2 
  288  53700.346907  1  22.402  0.185  0.081  0.000   3.876e+00   6.680e-01   2.939e-01   0.000e+00  10  sdss  5905  82S  2 
  288  53700.343590  2  22.347  0.282  0.104  0.000   4.117e+00   1.078e+00   4.070e-01   0.000e+00  13  sdss  5905  82S  2 
  288  53700.344420  3  21.448  0.167  0.086  0.000   9.367e+00   1.449e+00   7.525e-01   0.000e+00  15  sdss  5905  82S  2 
  416  53700.346078  4  20.974  0.373  0.115  0.000   1.418e+01   4.980e+00   1.584e+00   0.000e+00  13  sdss  5905  82S  2 
  424  53700.345249  0  22.994  1.045  0.792  0.000   2.339e+00   2.084e+00   1.851e+00   0.000e+00  11  sdss  5905  82S  2 
  288  53705.333548  1  22.540  0.223  0.028  0.000   3.406e+00   7.067e-01   9.085e-02   0.000e+00  10  sdss  5924  82S  2 
  288  53705.330231  2  22.080  0.206  0.099  0.000   5.287e+00   1.014e+00   4.937e-01   0.000e+00  13  sdss  5924  82S  2 
  288  53705.331061  3  21.831  0.226  0.053  0.000   6.552e+00   1.377e+00   3.296e-01   0.000e+00  15  sdss  5924  82S  2 
  288  53705.332719  4  21.465  0.540  0.299  0.000   8.582e+00   4.756e+00   2.749e+00   0.000e+00  13  sdss  5924  82S  2 
  288  53705.331890  0  22.562  0.742  0.200  0.000   3.573e+00   2.232e+00   6.777e-01   0.000e+00  11  sdss  5924  82S  2 
