# SDSS CID:   4235 IAU:          RA:   1.303090 DEC:  -0.935985  (J2000)
# GALAXY_SB [ugriz] = [ 24.63 23.30 22.64 22.48 22.27 ] +/- [  0.00  0.07  0.04  0.04  0.10 ] (asinh mag/square arcsec)
# GALAXY_SB_FLUX [ugriz] = [  0.000E+00  1.634E+00  3.121E+00  3.529E+00  2.846E+00 ] +/- [  0.000E+00  1.059E-01  1.203E-01  1.345E-01  5.448E-01 ] (microJy per square arcsec)
#FLAG  MJD       FILT  MAG     MERR  MSKYERR MGALERR  FLUX       FLUXERR    SKYERR     GALERR    NPRE TELE   RUN  STRIP  IDCCD
 1156  53616.318854  1  26.502  1.734  0.194  0.671  -1.054e+00   1.791e+00   2.187e-01   7.556e-01  13  sdss  5566  82N  1 
 1036  53616.315537  2  21.551  0.299  0.179  0.085   8.637e+00   2.338e+00   1.435e+00   6.790e-01  13  sdss  5566  82N  1 
 1188  53616.316366  3  22.792  1.408  0.538  0.264   2.577e+00   3.109e+00   1.427e+00   6.992e-01  18  sdss  5566  82N  1 
 1028  53616.318024  4  20.457  0.696  0.385  0.138   2.331e+01   1.362e+01   8.451e+00   3.027e+00  19  sdss  5566  82N  1 
    0  53623.309277  1  22.938  0.289  0.019  0.200   2.338e+00   6.240e-01   4.106e-02   4.418e-01  13  sdss  5590  82N  1 
   40  53623.305960  2  23.104  0.434  0.266  0.206   1.980e+00   8.330e-01   5.309e-01   4.105e-01  13  sdss  5590  82N  1 
    4  53623.306789  3  22.489  0.692  0.339  0.125   3.492e+00   2.153e+00   1.164e+00   4.290e-01  18  sdss  5590  82N  1 
   32  53623.308448  4  22.137  0.689  0.068  0.301   3.630e+00   4.121e+00   4.036e-01   1.779e+00  19  sdss  5590  82N  1 
   33  53626.295699  1  23.081  0.391  0.164  0.313   2.037e+00   7.338e-01   3.188e-01   6.092e-01  13  sdss  5603  82N  1 
   40  53626.292381  2  22.713  0.324  0.111  0.176   2.906e+00   8.841e-01   3.105e-01   4.925e-01  13  sdss  5603  82N  1 
    0  53626.293211  3  22.073  0.268  0.079  0.101   5.213e+00   1.301e+00   3.903e-01   4.993e-01  18  sdss  5603  82N  1 
   32  53626.294869  4  21.779  0.554  0.327  0.353   5.983e+00   3.972e+00   2.403e+00   2.593e+00  19  sdss  5603  82N  1 
    1  53628.280300  1  22.531  0.446  0.110  0.205   3.434e+00   1.349e+00   3.492e-01   6.511e-01  13  sdss  5610  82N  1 
   33  53628.276982  2  23.375  0.930  0.246  0.443   1.498e+00   1.336e+00   3.932e-01   7.062e-01  13  sdss  5610  82N  1 
    0  53628.277812  3  22.221  0.396  0.144  0.168   4.527e+00   1.654e+00   6.225e-01   7.296e-01  18  sdss  5610  82N  1 
   32  53628.279470  4  22.139  0.808  0.086  0.542   3.618e+00   4.876e+00   5.084e-01   3.197e+00  19  sdss  5610  82N  1 
  129  53635.288723  1  22.343  0.298  0.082  0.180   4.094e+00   1.097e+00   3.075e-01   6.787e-01  13  sdss  5622  82N  1 
    1  53635.285406  2  22.482  0.301  0.036  0.135   3.622e+00   1.011e+00   1.249e-01   4.636e-01  13  sdss  5622  82N  1 
   32  53635.286235  3  22.549  0.432  0.122  0.155   3.292e+00   1.350e+00   3.982e-01   5.041e-01  18  sdss  5622  82N  1 
    0  53635.287894  4  23.673  0.664  0.482  0.460  -4.519e+00   4.227e+00   3.087e+00   2.945e+00  19  sdss  5622  82N  1 
   33  53637.282078  1  22.968  0.509  0.043  0.523   2.271e+00   1.029e+00   9.337e-02   1.124e+00  13  sdss  5633  82N  1 
   32  53637.278761  2  22.261  0.306  0.049  0.256   4.461e+00   1.253e+00   2.057e-01   1.074e+00  13  sdss  5633  82N  1 
  160  53637.279591  3  22.736  0.683  0.140  0.428   2.729e+00   1.750e+00   3.893e-01   1.190e+00  18  sdss  5633  82N  1 
   32  53637.281249  4  22.488  1.061  0.306  0.977   1.707e+00   6.174e+00   1.569e+00   5.007e+00  19  sdss  5633  82N  1 
  160  53639.327406  1  23.144  0.352  0.165  0.330   1.917e+00   6.294e-01   3.046e-01   6.077e-01  13  sdss  5642  82N  1 
    0  53639.324089  2  22.301  0.210  0.021  0.133   4.297e+00   8.401e-01   8.645e-02   5.358e-01  13  sdss  5642  82N  1 
    0  53639.324918  3  22.405  0.328  0.034  0.151   3.791e+00   1.181e+00   1.262e-01   5.577e-01  18  sdss  5642  82N  1 
   32  53639.326577  4  22.436  0.663  0.487  0.499   1.978e+00   3.601e+00   2.536e+00   2.594e+00  19  sdss  5642  82N  1 
   32  53644.274673  1  23.468  0.482  0.280  0.790   1.392e+00   6.445e-01   3.914e-01   1.103e+00  13  sdss  5670  82N  1 
   32  53644.271356  2  22.605  0.282  0.027  0.261   3.223e+00   8.506e-01   8.407e-02   8.038e-01  13  sdss  5670  82N  1 
   32  53644.272186  3  22.575  0.417  0.064  0.283   3.208e+00   1.280e+00   2.023e-01   9.023e-01  18  sdss  5670  82N  1 
  160  53644.273844  4  22.221  0.675  0.765  0.716   3.142e+00   3.914e+00   4.329e+00   4.053e+00  19  sdss  5670  82N  1 
   32  53654.308764  1  23.514  0.432  0.147  0.420   1.328e+00   5.603e-01   1.970e-01   5.648e-01  13  sdss  5709  82N  1 
   32  53654.305447  2  22.999  0.403  0.036  0.232   2.199e+00   8.489e-01   7.894e-02   5.048e-01  13  sdss  5709  82N  1 
    0  53654.306276  3  21.979  0.235  0.061  0.086   5.698e+00   1.246e+00   3.291e-01   4.647e-01  18  sdss  5709  82N  1 
   32  53654.307935  4  21.950  0.649  0.302  0.353   4.798e+00   4.223e+00   1.985e+00   2.319e+00  19  sdss  5709  82N  1 
   33  53656.256425  1  22.887  0.844  0.313  0.558   2.454e+00   1.672e+00   7.224e-01   1.289e+00  13  sdss  5719  82N  1 
   33  53656.253108  2  23.108  0.844  0.237  0.460   1.972e+00   1.486e+00   4.702e-01   9.132e-01  13  sdss  5719  82N  1 
    0  53656.253937  3  21.938  0.367  0.115  0.223   5.922e+00   1.979e+00   6.425e-01   1.242e+00  18  sdss  5719  82N  1 
   32  53656.255596  4  21.807  0.752  0.475  0.587   5.778e+00   5.255e+00   3.419e+00   4.227e+00  19  sdss  5719  82N  1 
    1  53663.269324  1  22.664  0.352  0.026  0.124   3.031e+00   9.621e-01   7.228e-02   3.511e-01  13  sdss  5744  82N  1 
   33  53663.266007  2  23.302  0.598  0.059  0.187   1.617e+00   9.538e-01   1.006e-01   3.157e-01  13  sdss  5744  82N  1 
    0  53663.266836  3  22.445  0.359  0.084  0.094   3.646e+00   1.242e+00   3.005e-01   3.343e-01  18  sdss  5744  82N  1 
   32  53663.268495  4  22.053  0.578  0.250  0.279   4.139e+00   3.569e+00   1.548e+00   1.726e+00  19  sdss  5744  82N  1 
    0  53668.258977  1  22.849  0.294  0.048  0.531   2.544e+00   6.882e-01   1.138e-01   1.268e+00  13  sdss  5770  82N  1 
   32  53668.255660  2  23.411  0.812  0.149  0.986   1.441e+00   1.159e+00   2.314e-01   1.529e+00  13  sdss  5770  82N  1 
 1186  53668.256489  3  22.370  0.544  0.406  0.576   3.922e+00   1.935e+00   1.546e+00   2.190e+00  18  sdss  5770  82N  1 
   32  53668.258148  4  21.455  0.761  0.530  0.739   8.676e+00   6.591e+00   4.948e+00   6.893e+00  19  sdss  5770  82N  1 
   40  53670.263501  1  23.154  0.292  0.142  0.313   1.899e+00   5.218e-01   2.595e-01   5.706e-01  13  sdss  5781  82N  1 
   40  53670.260185  2  22.696  0.284  0.092  0.184   2.954e+00   7.916e-01   2.614e-01   5.231e-01  13  sdss  5781  82N  1 
   32  53670.261014  3  22.649  0.430  0.164  0.188   2.980e+00   1.239e+00   4.911e-01   5.632e-01  18  sdss  5781  82N  1 
    0  53670.262672  4  21.434  0.424  0.089  0.241   8.873e+00   3.908e+00   8.440e-01   2.284e+00  19  sdss  5781  82N  1 
   32  53673.231441  1  23.461  0.377  0.031  0.360   1.402e+00   5.145e-01   4.376e-02   5.062e-01  13  sdss  5792  82N  1 
   40  53673.228124  2  23.144  0.448  0.195  0.350   1.903e+00   8.311e-01   3.755e-01   6.756e-01  13  sdss  5792  82N  1 
    0  53673.228954  3  22.536  0.376  0.118  0.155   3.334e+00   1.200e+00   3.868e-01   5.090e-01  18  sdss  5792  82N  1 
   32  53673.230612  4  22.529  0.680  0.361  0.433   1.504e+00   3.632e+00   1.829e+00   2.192e+00  19  sdss  5792  82N  1 
   32  53675.228092  1  23.300  0.387  0.184  0.524   1.647e+00   6.028e-01   2.961e-01   8.431e-01  13  sdss  5800  82N  1 
   32  53675.224775  2  23.359  0.598  0.039  0.424   1.523e+00   9.140e-01   6.267e-02   6.850e-01  13  sdss  5800  82N  1 
   32  53675.225605  3  24.016  0.950  0.343  0.507   4.164e-01   1.307e+00   4.268e-01   6.308e-01  18  sdss  5800  82N  1 
 1184  53675.227263  4  22.064  0.724  0.400  0.576   4.071e+00   4.472e+00   2.456e+00   3.539e+00  19  sdss  5800  82N  1 
   40  53677.249134  1  23.713  0.438  0.201  0.384   1.079e+00   4.861e-01   2.303e-01   4.398e-01  13  sdss  5813  82N  1 
   32  53677.245817  2  23.294  0.471  0.037  0.268   1.631e+00   7.722e-01   6.300e-02   4.572e-01  13  sdss  5813  82N  1 
    0  53677.246646  3  22.120  0.239  0.077  0.082   4.985e+00   1.116e+00   3.657e-01   3.875e-01  18  sdss  5813  82N  1 
    0  53677.248305  4  23.424  0.556  0.257  0.340  -3.029e+00   3.170e+00   1.440e+00   1.906e+00  19  sdss  5813  82N  1 
   32  53680.235434  1  23.260  0.344  0.026  0.387   1.712e+00   5.586e-01   4.379e-02   6.453e-01  13  sdss  5823  82N  1 
   32  53680.232118  2  22.843  0.333  0.043  0.212   2.563e+00   8.102e-01   1.082e-01   5.289e-01  13  sdss  5823  82N  1 
    0  53680.232947  3  22.504  0.365  0.051  0.163   3.441e+00   1.198e+00   1.727e-01   5.510e-01  18  sdss  5823  82N  1 
   32  53680.234605  4  22.268  0.682  0.572  0.568   2.882e+00   3.894e+00   3.171e+00   3.150e+00  19  sdss  5823  82N  1 
   33  53693.236253  1  23.433  0.980  0.090  0.414   1.441e+00   1.216e+00   1.297e-01   5.946e-01  13  sdss  5878  82N  1 
   33  53693.232937  2  22.790  0.440  0.073  0.190   2.699e+00   1.101e+00   1.908e-01   4.963e-01  13  sdss  5878  82N  1 
    0  53693.233766  3  22.510  0.417  0.032  0.146   3.421e+00   1.352e+00   1.083e-01   4.903e-01  18  sdss  5878  82N  1 
    0  53693.235424  4  23.147  0.730  0.275  0.470  -1.555e+00   3.941e+00   1.396e+00   2.389e+00  19  sdss  5878  82N  1 
 1196  53698.233218  1  23.769  0.850  1.350  0.727   1.015e+00   8.585e-01   1.479e+00   7.963e-01  13  sdss  5898  82N  1 
   44  53698.229901  2  22.370  0.451  0.431  0.185   4.027e+00   1.628e+00   1.638e+00   7.035e-01  13  sdss  5898  82N  1 
 1212  53698.230730  3  22.527  0.630  1.578  0.202   3.364e+00   1.927e+00   5.232e+00   6.710e-01  18  sdss  5898  82N  1 
 1156  53698.232389  4  20.978  0.598  0.421  0.254   1.413e+01   7.687e+00   5.828e+00   3.511e+00  19  sdss  5898  82N  1 
   36  53699.256626  1  23.198  0.491  0.239  0.307   1.819e+00   8.175e-01   4.205e-01   5.401e-01  13  sdss  5902  82N  1 
   40  53699.253309  2  22.751  0.331  0.182  0.171   2.801e+00   8.714e-01   4.923e-01   4.617e-01  13  sdss  5902  82N  1 
    0  53699.254138  3  22.295  0.333  0.176  0.109   4.217e+00   1.319e+00   7.150e-01   4.417e-01  18  sdss  5902  82N  1 
  160  53699.255797  4  21.684  0.639  0.279  0.318   6.707e+00   4.833e+00   2.194e+00   2.494e+00  19  sdss  5902  82N  1 
   40  53704.218550  1  23.063  0.306  0.185  0.413   2.073e+00   5.911e-01   3.648e-01   8.153e-01  13  sdss  5918  82N  1 
   32  53704.215234  2  22.963  0.402  0.070  0.310   2.279e+00   8.715e-01   1.565e-01   6.964e-01  13  sdss  5918  82N  1 
    0  53704.216063  3  22.068  0.284  0.144  0.146   5.238e+00   1.382e+00   7.168e-01   7.250e-01  18  sdss  5918  82N  1 
    0  53704.217721  4  23.528  0.806  0.516  0.598  -3.625e+00   4.867e+00   3.045e+00   3.530e+00  19  sdss  5918  82N  1 
