# SDSS CID:   1812 IAU:          RA: 356.321747 DEC:   0.304146  (J2000)
# GALAXY_SB [ugriz] = [ 22.74 21.41 20.33 19.73 19.36 ] +/- [  0.15  0.01  0.01  0.00  0.01 ] (asinh mag/square arcsec)
# GALAXY_SB_FLUX [ugriz] = [  2.917E+00  9.644E+00  2.676E+01  4.564E+01  6.436E+01 ] +/- [  4.230E-01  9.941E-02  1.419E-01  1.870E-01  6.781E-01 ] (microJy per square arcsec)
#FLAG  MJD       FILT  MAG     MERR  MSKYERR MGALERR  FLUX       FLUXERR    SKYERR     GALERR    NPRE TELE   RUN  STRIP  IDCCD
   32  53616.305292  1  23.740  0.683  0.525  0.909   1.047e+00   7.219e-01   5.903e-01   1.023e+00  20  sdss  5566  82N  4 
   32  53616.301975  2  21.948  0.186  0.011  0.139   5.977e+00   1.026e+00   6.115e-02   7.742e-01  17  sdss  5566  82N  4 
  160  53616.302804  3  21.965  0.335  0.078  0.325   5.774e+00   1.768e+00   4.225e-01   1.765e+00  18  sdss  5566  82N  4 
   32  53616.304463  4  21.204  0.579  0.343  0.479   1.128e+01   6.205e+00   3.903e+00   5.460e+00  19  sdss  5566  82N  4 
   12  53616.303634  0  26.452  0.987  0.636  1.710  -2.624e+00   2.135e+00   1.613e+00   4.336e+00  9  sdss  5566  82N  4 
   32  53623.295669  1  23.989  0.669  0.134  0.380   7.915e-01   6.013e-01   1.249e-01   3.552e-01  20  sdss  5590  82N  4 
   32  53623.292351  2  22.206  0.219  0.063  0.091   4.698e+00   9.500e-01   2.767e-01   4.019e-01  17  sdss  5590  82N  4 
   32  53623.293181  3  21.307  0.149  0.026  0.047   1.068e+01   1.467e+00   2.572e-01   4.686e-01  18  sdss  5590  82N  4 
   32  53623.294839  4  20.511  0.229  0.063  0.105   2.216e+01   4.708e+00   1.305e+00   2.185e+00  19  sdss  5590  82N  4 
   36  53623.294010  0  23.019  0.830  0.142  0.859   2.282e+00   1.677e+00   3.193e-01   1.938e+00  9  sdss  5590  82N  4 
 1213  53626.282070  1  22.615  0.580  8.369  0.156   3.173e+00   1.583e+00   2.480e+01   4.625e-01  20  sdss  5603  82N  4 
   32  53626.278753  2  22.199  0.247  0.054  0.122   4.729e+00   1.077e+00   2.400e-01   5.392e-01  17  sdss  5603  82N  4 
   32  53626.279583  3  21.527  0.194  0.082  0.092   8.702e+00   1.548e+00   6.603e-01   7.439e-01  18  sdss  5603  82N  4 
   32  53626.281241  4  20.725  0.277  0.069  0.137   1.808e+01   4.682e+00   1.186e+00   2.365e+00  19  sdss  5603  82N  4 
   12  53626.280412  0  26.200  1.201  0.336  1.064  -2.035e+00   2.124e+00   6.905e-01   2.191e+00  9  sdss  5603  82N  4 
   33  53628.266656  1  23.333  1.203  0.336  0.529   1.593e+00   1.538e+00   5.285e-01   8.329e-01  20  sdss  5610  82N  4 
   33  53628.263339  2  22.481  0.456  0.154  0.249   3.626e+00   1.488e+00   5.284e-01   8.544e-01  17  sdss  5610  82N  4 
   33  53628.264169  3  21.682  0.274  0.110  0.166   7.531e+00   1.887e+00   7.743e-01   1.164e+00  18  sdss  5610  82N  4 
   32  53628.265827  4  20.539  0.278  0.046  0.180   2.159e+01   5.535e+00   9.320e-01   3.662e+00  19  sdss  5610  82N  4 
    9  53628.264998  0  26.925  1.342  0.446  1.011  -4.149e+00   3.781e+00   1.709e+00   3.873e+00  9  sdss  5610  82N  4 
   33  53635.275032  1  22.350  0.532  0.179  0.304   4.065e+00   1.865e+00   6.762e-01   1.146e+00  20  sdss  5622  82N  4 
 1185  53635.271714  2  22.325  0.362  0.151  0.265   4.201e+00   1.382e+00   5.960e-01   1.048e+00  17  sdss  5622  82N  4 
  160  53635.272544  3  21.733  0.275  0.065  0.206   7.180e+00   1.808e+00   4.378e-01   1.381e+00  18  sdss  5622  82N  4 
   32  53635.274202  4  20.676  0.317  0.222  0.254   1.894e+01   5.563e+00   3.979e+00   4.564e+00  19  sdss  5622  82N  4 
   33  53635.273373  0  23.323  1.951  0.167  2.569   1.659e+00   3.442e+00   2.962e-01   4.547e+00  9  sdss  5622  82N  4 
   33  53637.268373  1  23.866  1.055  0.606  0.976   9.113e-01   9.922e-01   6.187e-01   9.964e-01  20  sdss  5633  82N  4 
   32  53637.265056  2  21.923  0.239  0.034  0.218   6.118e+00   1.342e+00   1.913e-01   1.243e+00  17  sdss  5633  82N  4 
   32  53637.265886  3  21.655  0.269  0.160  0.213   7.724e+00   1.899e+00   1.150e+00   1.531e+00  18  sdss  5633  82N  4 
   32  53637.267544  4  21.127  0.592  0.451  0.433   1.219e+01   6.723e+00   5.474e+00   5.258e+00  19  sdss  5633  82N  4 
   33  53637.266715  0  22.350  0.811  0.188  1.321   4.377e+00   2.822e+00   7.589e-01   5.322e+00  9  sdss  5633  82N  4 
   32  53639.313686  1  23.968  0.740  0.294  0.701   8.115e-01   6.708e-01   2.786e-01   6.648e-01  20  sdss  5642  82N  4 
   32  53639.310369  2  22.604  0.323  0.123  0.208   3.226e+00   9.676e-01   3.799e-01   6.410e-01  17  sdss  5642  82N  4 
   32  53639.311199  3  21.715  0.209  0.038  0.109   7.303e+00   1.405e+00   2.575e-01   7.436e-01  18  sdss  5642  82N  4 
   32  53639.312857  4  20.337  0.192  0.053  0.133   2.612e+01   4.621e+00   1.301e+00   3.226e+00  19  sdss  5642  82N  4 
   40  53639.312028  0  22.757  0.670  0.490  0.982   2.962e+00   1.722e+00   1.381e+00   2.765e+00  9  sdss  5642  82N  4 
   32  53644.260502  1  23.214  0.353  0.243  0.381   1.792e+00   5.982e-01   4.237e-01   6.632e-01  20  sdss  5670  82N  4 
   32  53644.257185  2  22.105  0.202  0.020  0.154   5.163e+00   9.620e-01   9.795e-02   7.429e-01  17  sdss  5670  82N  4 
   32  53644.258014  3  21.705  0.209  0.027  0.138   7.371e+00   1.418e+00   1.890e-01   9.489e-01  18  sdss  5670  82N  4 
   32  53644.259673  4  21.072  0.350  0.216  0.253   1.288e+01   4.345e+00   2.755e+00   3.215e+00  19  sdss  5670  82N  4 
   32  53644.258844  0  23.785  1.208  0.213  1.863   9.501e-01   1.608e+00   2.740e-01   2.399e+00  9  sdss  5670  82N  4 
   32  53654.294943  1  23.046  0.283  0.050  0.177   2.108e+00   5.601e-01   1.008e-01   3.564e-01  20  sdss  5709  82N  4 
   32  53654.291626  2  22.404  0.274  0.015  0.166   3.900e+00   9.887e-01   5.396e-02   6.119e-01  17  sdss  5709  82N  4 
   32  53654.292456  3  21.448  0.170  0.038  0.078   9.366e+00   1.463e+00   3.325e-01   6.814e-01  18  sdss  5709  82N  4 
   32  53654.294114  4  21.080  0.387  0.204  0.181   1.277e+01   4.737e+00   2.579e+00   2.283e+00  19  sdss  5709  82N  4 
   32  53654.293285  0  23.007  0.899  0.119  1.089   2.310e+00   1.806e+00   2.715e-01   2.481e+00  9  sdss  5709  82N  4 
   33  53656.242592  1  23.399  1.132  0.220  0.529   1.492e+00   1.402e+00   3.266e-01   7.870e-01  20  sdss  5719  82N  4 
   33  53656.239275  2  21.752  0.288  0.107  0.220   7.171e+00   1.874e+00   7.131e-01   1.462e+00  17  sdss  5719  82N  4 
   33  53656.240104  3  21.472  0.282  0.112  0.245   9.159e+00   2.344e+00   9.532e-01   2.081e+00  18  sdss  5719  82N  4 
   32  53656.241763  4  21.201  0.530  0.303  0.374   1.131e+01   5.741e+00   3.458e+00   4.271e+00  19  sdss  5719  82N  4 
    1  53656.240933  0  26.187  2.034  0.261  2.287  -2.007e+00   3.823e+00   5.308e-01   4.659e+00  9  sdss  5719  82N  4 
   33  53663.255447  1  23.556  0.720  0.094  0.207   1.271e+00   8.641e-01   1.226e-01   2.705e-01  20  sdss  5744  82N  4 
   33  53663.252130  2  22.166  0.252  0.045  0.096   4.877e+00   1.130e+00   2.033e-01   4.371e-01  17  sdss  5744  82N  4 
   32  53663.252959  3  21.411  0.170  0.037  0.068   9.694e+00   1.512e+00   3.354e-01   6.143e-01  18  sdss  5744  82N  4 
   32  53663.254617  4  20.991  0.308  0.036  0.124   1.395e+01   4.109e+00   4.862e-01   1.689e+00  19  sdss  5744  82N  4 
    9  53663.253788  0  21.628  0.348  0.099  0.202   8.599e+00   2.608e+00   7.694e-01   1.562e+00  9  sdss  5744  82N  4 
   32  53668.244648  1  22.953  0.334  0.380  0.556   2.306e+00   7.119e-01   8.321e-01   1.220e+00  20  sdss  5770  82N  4 
   32  53668.241331  2  21.861  0.214  0.115  0.281   6.481e+00   1.275e+00   6.936e-01   1.692e+00  17  sdss  5770  82N  4 
   32  53668.242161  3  21.289  0.182  0.064  0.176   1.086e+01   1.810e+00   6.407e-01   1.769e+00  18  sdss  5770  82N  4 
   32  53668.243819  4  21.256  0.669  0.508  0.594   1.069e+01   6.770e+00   5.539e+00   6.476e+00  19  sdss  5770  82N  4 
    0  53668.242990  0  25.654  1.455  0.151  3.652  -1.095e+00   2.088e+00   2.078e-01   5.029e+00  9  sdss  5770  82N  4 
   32  53670.249584  1  23.056  0.296  0.159  0.261   2.088e+00   5.796e-01   3.180e-01   5.231e-01  20  sdss  5781  82N  4 
   40  53670.246267  2  21.877  0.162  0.070  0.111   6.385e+00   9.554e-01   4.149e-01   6.616e-01  17  sdss  5781  82N  4 
   32  53670.247096  3  21.441  0.162  0.036  0.079   9.427e+00   1.406e+00   3.129e-01   6.876e-01  18  sdss  5781  82N  4 
   32  53670.248754  4  21.065  0.388  0.087  0.238   1.297e+01   4.812e+00   1.118e+00   3.049e+00  19  sdss  5781  82N  4 
    0  53670.247925  0  25.878  1.111  0.082  1.652  -1.434e+00   1.667e+00   1.324e-01   2.654e+00  9  sdss  5781  82N  4 
   32  53673.217507  1  23.186  0.333  0.179  0.318   1.841e+00   5.803e-01   3.202e-01   5.681e-01  20  sdss  5792  82N  4 
   40  53673.214190  2  22.161  0.209  0.087  0.133   4.900e+00   9.472e-01   4.012e-01   6.114e-01  17  sdss  5792  82N  4 
   32  53673.215020  3  21.304  0.145  0.021  0.075   1.071e+01   1.430e+00   2.126e-01   7.427e-01  18  sdss  5792  82N  4 
   32  53673.216678  4  20.581  0.232  0.085  0.139   2.074e+01   4.467e+00   1.654e+00   2.710e+00  19  sdss  5792  82N  4 
   40  53673.215849  0  23.169  0.857  0.557  1.118   1.955e+00   1.550e+00   1.113e+00   2.233e+00  9  sdss  5792  82N  4 
   32  53675.214147  1  23.809  0.623  0.519  0.807   9.712e-01   6.325e-01   5.537e-01   8.611e-01  20  sdss  5800  82N  4 
   32  53675.210830  2  22.202  0.258  0.062  0.239   4.715e+00   1.121e+00   2.759e-01   1.056e+00  17  sdss  5800  82N  4 
   32  53675.211660  3  21.646  0.223  0.099  0.162   7.789e+00   1.595e+00   7.182e-01   1.173e+00  18  sdss  5800  82N  4 
   32  53675.213318  4  20.588  0.308  0.254  0.267   2.060e+01   5.838e+00   4.945e+00   5.189e+00  19  sdss  5800  82N  4 
   32  53675.212489  0  24.327  1.425  0.336  3.983   3.334e-01   1.834e+00   3.402e-01   4.037e+00  9  sdss  5800  82N  4 
   32  53677.235179  1  23.610  0.440  0.089  0.276   1.202e+00   5.309e-01   1.114e-01   3.445e-01  20  sdss  5813  82N  4 
   40  53677.231862  2  21.814  0.140  0.041  0.070   6.770e+00   8.751e-01   2.592e-01   4.425e-01  17  sdss  5813  82N  4 
   32  53677.232691  3  21.382  0.142  0.026  0.052   9.959e+00   1.303e+00   2.415e-01   4.803e-01  18  sdss  5813  82N  4 
   32  53677.234350  4  20.821  0.250  0.107  0.123   1.647e+01   3.897e+00   1.691e+00   1.940e+00  19  sdss  5813  82N  4 
    0  53677.233521  0  22.750  0.564  0.064  0.613   2.981e+00   1.493e+00   1.819e-01   1.738e+00  9  sdss  5813  82N  4 
   32  53680.221464  1  23.567  0.478  0.030  0.478   1.257e+00   5.937e-01   3.839e-02   6.174e-01  20  sdss  5823  82N  4 
   40  53680.218147  2  22.107  0.197  0.077  0.128   5.153e+00   9.363e-01   3.723e-01   6.183e-01  17  sdss  5823  82N  4 
   32  53680.218977  3  21.663  0.196  0.050  0.103   7.665e+00   1.385e+00   3.550e-01   7.334e-01  18  sdss  5823  82N  4 
   32  53680.220635  4  20.869  0.280  0.094  0.166   1.573e+01   4.176e+00   1.419e+00   2.515e+00  19  sdss  5823  82N  4 
   32  53680.219806  0  23.114  0.861  0.100  1.206   2.070e+00   1.615e+00   2.088e-01   2.516e+00  9  sdss  5823  82N  4 
    1  53693.222228  1  25.460  1.447  0.450  0.874  -2.044e-01   1.142e+00   2.781e-01   5.398e-01  20  sdss  5878  82N  4 
   33  53693.218912  2  21.771  0.189  0.048  0.093   7.046e+00   1.224e+00   3.164e-01   6.051e-01  17  sdss  5878  82N  4 
   32  53693.219741  3  21.721  0.238  0.019  0.115   7.261e+00   1.588e+00   1.311e-01   7.816e-01  18  sdss  5878  82N  4 
   32  53693.221399  4  21.238  0.458  0.040  0.286   1.088e+01   4.871e+00   4.404e-01   3.166e+00  19  sdss  5878  82N  4 
  129  53693.220570  0  22.152  0.823  0.194  0.634   5.272e+00   3.388e+00   9.347e-01   3.049e+00  9  sdss  5878  82N  4 
   32  53699.242581  1  23.401  0.469  0.304  0.364   1.489e+00   6.669e-01   4.514e-01   5.406e-01  20  sdss  5902  82N  4 
 1212  53699.239264  2  21.786  0.233  1.064  0.119   6.948e+00   1.484e+00   6.864e+00   7.677e-01  17  sdss  5902  82N  4 
   44  53699.240094  3  22.077  0.425  0.459  0.160   5.193e+00   1.999e+00   2.256e+00   7.849e-01  18  sdss  5902  82N  4 
  164  53699.241752  4  20.878  0.425  0.235  0.201   1.559e+01   6.137e+00   3.537e+00   3.024e+00  19  sdss  5902  82N  4 
    4  53699.240923  0  25.199  1.857  0.175  2.671  -5.378e-01   2.857e+00   1.895e-01   2.888e+00  9  sdss  5902  82N  4 
   32  53704.204492  1  23.323  0.368  0.137  0.271   1.609e+00   5.669e-01   2.169e-01   4.301e-01  20  sdss  5918  82N  4 
   40  53704.201176  2  22.228  0.217  0.093  0.130   4.602e+00   9.259e-01   3.994e-01   5.626e-01  17  sdss  5918  82N  4 
   32  53704.202005  3  21.768  0.218  0.047  0.094   6.949e+00   1.399e+00   3.067e-01   6.071e-01  18  sdss  5918  82N  4 
   32  53704.203663  4  22.431  0.796  0.132  0.417   2.007e+00   4.417e+00   6.891e-01   2.174e+00  19  sdss  5918  82N  4 
  160  53704.202834  0  23.232  0.927  0.067  1.119   1.829e+00   1.592e+00   1.265e-01   2.125e+00  9  sdss  5918  82N  4 
