# SDSS CID:  18101 IAU:          RA:  31.228951 DEC:   0.442377  (J2000)
# GALAXY_SB [ugriz] = [ 22.72 22.68 22.37 22.21 21.80 ] +/- [  0.09  0.03  0.03  0.03  0.07 ] (asinh mag/square arcsec)
# GALAXY_SB_FLUX [ugriz] = [  2.973E+00  2.961E+00  4.017E+00  4.575E+00  5.805E+00 ] +/- [  2.519E-01  9.084E-02  1.014E-01  1.441E-01  5.357E-01 ] (microJy per square arcsec)
#FLAG  MJD       FILT  MAG     MERR  MSKYERR MGALERR  FLUX       FLUXERR    SKYERR     GALERR    NPRE TELE   RUN  STRIP  IDCCD
   33  54347.393353  1  23.139  0.590  0.270  0.387   1.927e+00   1.020e+00   5.036e-01   7.222e-01  14  sdss  6930  82S  5 
   32  54347.390036  2  23.133  0.548  0.222  0.290   1.925e+00   1.007e+00   4.323e-01   5.652e-01  14  sdss  6930  82S  5 
   32  54347.390865  3  22.709  0.481  0.217  0.203   2.806e+00   1.307e+00   6.168e-01   5.770e-01  13  sdss  6930  82S  5 
   32  54347.392524  4  21.783  0.523  0.038  0.372   5.956e+00   3.764e+00   2.773e-01   2.733e+00  13  sdss  6930  82S  5 
   33  54347.391695  0  22.712  0.873  0.183  0.590   3.093e+00   2.248e+00   5.470e-01   1.760e+00  10  sdss  6930  82S  5 
    0  54357.368875  1  22.429  0.142  0.015  0.089   3.777e+00   4.977e-01   5.324e-02   3.131e-01  14  sdss  6955  82S  5 
    0  54357.365558  2  22.220  0.167  0.033  0.073   4.640e+00   7.211e-01   1.437e-01   3.172e-01  14  sdss  6955  82S  5 
    0  54357.366387  3  22.302  0.269  0.065  0.077   4.189e+00   1.066e+00   2.605e-01   3.115e-01  13  sdss  6955  82S  5 
   32  54357.368046  4  22.023  0.483  0.135  0.230   4.328e+00   3.036e+00   8.533e-01   1.453e+00  13  sdss  6955  82S  5 
    0  54357.367216  0  22.632  0.472  0.039  0.283   3.343e+00   1.434e+00   1.236e-01   9.041e-01  10  sdss  6955  82S  5 
    0  54362.418871  1  22.599  0.163  0.017  0.096   3.222e+00   4.900e-01   5.207e-02   2.902e-01  14  sdss  6976  82S  5 
    0  54362.415554  2  22.265  0.184  0.067  0.087   4.448e+00   7.608e-01   2.804e-01   3.628e-01  14  sdss  6976  82S  5 
    0  54362.416383  3  22.424  0.330  0.081  0.114   3.723e+00   1.166e+00   2.942e-01   4.133e-01  13  sdss  6976  82S  5 
    0  54362.418042  4  21.642  0.421  0.133  0.192   7.043e+00   3.351e+00   1.081e+00   1.558e+00  13  sdss  6976  82S  5 
   32  54362.417213  0  23.390  0.891  0.060  0.566   1.540e+00   1.410e+00   1.029e-01   9.662e-01  10  sdss  6976  82S  5 
    1  54376.414529  1  22.628  0.215  0.019  0.099   3.135e+00   6.254e-01   5.722e-02   2.907e-01  14  sdss  7016  82S  5 
    0  54376.411212  2  22.193  0.191  0.036  0.070   4.759e+00   8.414e-01   1.607e-01   3.132e-01  14  sdss  7016  82S  5 
    0  54376.412041  3  22.086  0.259  0.064  0.081   5.150e+00   1.242e+00   3.151e-01   3.963e-01  13  sdss  7016  82S  5 
    0  54376.413700  4  21.516  0.407  0.116  0.160   8.115e+00   3.550e+00   1.035e+00   1.433e+00  13  sdss  7016  82S  5 
    1  54376.412871  0  22.051  0.344  0.049  0.155   5.796e+00   1.793e+00   2.640e-01   8.340e-01  10  sdss  7016  82S  5 
   40  54382.399877  1  22.678  0.232  0.297  0.383   2.990e+00   6.438e-01   8.361e-01   1.075e+00  14  sdss  7038  82S  5 
   32  54382.396560  2  22.109  0.221  0.119  0.254   5.147e+00   1.051e+00   5.725e-01   1.220e+00  14  sdss  7038  82S  5 
   32  54382.397389  3  22.572  0.526  0.406  0.427   3.218e+00   1.584e+00   1.295e+00   1.362e+00  13  sdss  7038  82S  5 
   32  54382.399047  4  21.626  0.662  0.393  0.651   7.173e+00   5.201e+00   3.235e+00   5.352e+00  13  sdss  7038  82S  5 
   34  54382.398218  0  22.352  0.570  0.269  1.063   4.370e+00   2.163e+00   1.105e+00   4.360e+00  10  sdss  7038  82S  5 
   32  54385.417904  1  22.995  0.261  0.083  0.209   2.213e+00   5.439e-01   1.761e-01   4.431e-01  14  sdss  7051  82S  5 
    0  54385.414587  2  22.236  0.182  0.042  0.093   4.571e+00   7.752e-01   1.799e-01   3.991e-01  14  sdss  7051  82S  5 
   32  54385.415416  3  22.523  0.360  0.161  0.139   3.378e+00   1.163e+00   5.364e-01   4.631e-01  13  sdss  7051  82S  5 
   32  54385.417075  4  21.966  0.511  0.152  0.278   4.693e+00   3.311e+00   9.889e-01   1.814e+00  13  sdss  7051  82S  5 
    0  54385.416245  0  22.477  0.575  0.054  0.364   3.880e+00   1.952e+00   1.969e-01   1.336e+00  10  sdss  7051  82S  5 
   42  54387.418342  1  22.569  0.304  0.635  0.716   3.313e+00   9.213e-01   1.970e+00   2.219e+00  14  sdss  7057  82S  5 
   34  54387.415025  2  22.075  0.315  0.229  0.537   5.313e+00   1.522e+00   1.137e+00   2.663e+00  14  sdss  7057  82S  5 
   34  54387.415854  3  23.378  1.257  1.498  1.853   1.330e+00   2.142e+00   2.553e+00   3.156e+00  13  sdss  7057  82S  5 
   34  54387.417513  4  21.813  1.029  1.344  1.632   5.738e+00   7.191e+00   9.675e+00   1.175e+01  13  sdss  7057  82S  5 
   10  54387.416683  0  26.108  1.688  2.067  3.340  -1.847e+00   2.908e+00   4.012e+00   6.490e+00  10  sdss  7057  82S  5 
   32  54390.410673  1  22.341  0.187  0.097  0.261   4.101e+00   7.053e-01   3.687e-01   9.963e-01  14  sdss  7071  82S  5 
  164  54390.407356  2  23.035  1.792  1.784  0.565   2.124e+00   2.939e+00   3.773e+00   1.195e+00  14  sdss  7071  82S  5 
  168  54390.408186  3  23.232  1.039  1.553  0.679   1.593e+00   1.852e+00   2.925e+00   1.279e+00  13  sdss  7071  82S  5 
 1152  54390.409844  4  23.746  0.962  1.043  0.763  -4.997e+00   6.409e+00   7.009e+00   5.120e+00  13  sdss  7071  82S  5 
   32  54390.409015  0  22.306  0.556  0.125  0.701   4.564e+00   2.203e+00   5.342e-01   2.994e+00  10  sdss  7071  82S  5 
   34  54391.419326  1  22.953  0.464  0.313  1.072   2.305e+00   9.688e-01   6.872e-01   2.355e+00  14  sdss  7074  82S  5 
  128  54391.416838  3  26.666  0.824  0.628  0.654  -5.290e+00   3.551e+00   3.148e+00   3.276e+00  13  sdss  7074  82S  5 
   34  54391.418497  4  21.561  0.949  0.827  1.022   7.720e+00   7.554e+00   7.145e+00   8.824e+00  13  sdss  7074  82S  5 
   34  54391.417667  0  22.763  1.395  0.139  2.328   2.943e+00   3.054e+00   3.971e-01   6.644e+00  10  sdss  7074  82S  5 
   32  54394.400997  1  22.481  0.224  0.204  0.307   3.598e+00   7.407e-01   6.837e-01   1.030e+00  14  sdss  7084  82S  5 
   40  54394.397680  2  22.345  0.292  0.296  0.215   4.126e+00   1.111e+00   1.148e+00   8.364e-01  14  sdss  7084  82S  5 
   32  54394.398510  3  22.599  0.616  0.468  0.428   3.133e+00   1.782e+00   1.460e+00   1.333e+00  13  sdss  7084  82S  5 
   32  54394.400168  4  21.565  0.673  0.195  0.500   7.686e+00   5.503e+00   1.683e+00   4.303e+00  13  sdss  7084  82S  5 
   32  54394.399339  0  22.501  0.761  0.086  0.793   3.791e+00   2.407e+00   3.096e-01   2.847e+00  10  sdss  7084  82S  5 
   35  54396.421503  1  24.140  1.919  4.363  2.008   6.572e-01   1.919e+00   3.679e+00   1.694e+00  14  sdss  7096  82S  5 
   35  54396.418185  2  22.941  1.046  0.681  0.608   2.331e+00   1.992e+00   1.561e+00   1.393e+00  14  sdss  7096  82S  5 
   33  54396.419015  3  23.938  1.487  1.335  1.285   5.152e-01   2.409e+00   1.703e+00   1.639e+00  13  sdss  7096  82S  5 
    0  54396.420673  4  23.136  1.071  0.591  1.087  -1.498e+00   6.212e+00   2.994e+00   5.510e+00  13  sdss  7096  82S  5 
   11  54396.419844  0  26.598  1.737  0.901  1.345  -3.030e+00   3.726e+00   2.637e+00   3.939e+00  10  sdss  7096  82S  5 
   33  54402.411653  1  24.327  1.657  0.422  0.595   5.080e-01   1.475e+00   3.172e-01   4.473e-01  14  sdss  7101  82S  5 
    1  54402.408336  2  22.349  0.387  0.115  0.120   4.110e+00   1.441e+00   4.471e-01   4.627e-01  14  sdss  7101  82S  5 
    1  54402.409165  3  21.785  0.274  0.051  0.091   6.840e+00   1.718e+00   3.279e-01   5.846e-01  13  sdss  7101  82S  5 
    0  54402.410824  4  21.474  0.486  0.145  0.226   8.495e+00   4.339e+00   1.336e+00   2.090e+00  13  sdss  7101  82S  5 
    1  54402.409995  0  21.780  0.672  0.052  0.212   7.463e+00   4.127e+00   3.571e-01   1.460e+00  10  sdss  7101  82S  5 
    0  54408.325585  1  22.321  0.136  0.014  0.086   4.178e+00   5.237e-01   5.299e-02   3.359e-01  14  sdss  7127  82S  5 
    0  54408.322268  2  22.299  0.185  0.034  0.067   4.308e+00   7.423e-01   1.369e-01   2.707e-01  14  sdss  7127  82S  5 
    0  54408.323098  3  21.852  0.204  0.044  0.062   6.423e+00   1.216e+00   2.660e-01   3.723e-01  13  sdss  7127  82S  5 
    0  54408.324756  4  21.333  0.348  0.074  0.141   9.870e+00   3.522e+00   7.696e-01   1.462e+00  13  sdss  7127  82S  5 
    0  54408.323927  0  22.718  0.515  0.024  0.308   3.075e+00   1.442e+00   7.202e-02   9.142e-01  10  sdss  7127  82S  5 
    8  54411.283538  1  22.174  0.118  0.069  0.079   4.791e+00   5.204e-01   3.061e-01   3.500e-01  14  sdss  7136  82S  5 
    0  54411.280221  2  22.053  0.152  0.027  0.057   5.423e+00   7.631e-01   1.346e-01   2.882e-01  14  sdss  7136  82S  5 
    0  54411.281050  3  21.977  0.208  0.030  0.068   5.709e+00   1.109e+00   1.597e-01   3.682e-01  13  sdss  7136  82S  5 
   32  54411.282709  4  21.830  0.459  0.208  0.239   5.616e+00   3.218e+00   1.478e+00   1.699e+00  13  sdss  7136  82S  5 
    8  54411.281880  0  22.441  0.383  0.177  0.216   4.015e+00   1.401e+00   6.691e-01   8.186e-01  10  sdss  7136  82S  5 
    0  54413.324423  1  22.043  0.136  0.111  0.214   5.409e+00   6.782e-01   5.572e-01   1.069e+00  14  sdss  7145  82S  5 
   32  54413.321106  2  22.410  0.317  0.166  0.392   3.880e+00   1.133e+00   6.072e-01   1.436e+00  14  sdss  7145  82S  5 
   34  54413.321936  3  21.813  0.325  0.292  0.402   6.662e+00   1.973e+00   1.821e+00   2.510e+00  13  sdss  7145  82S  5 
   32  54413.323594  4  22.202  0.788  0.508  0.761   3.251e+00   4.649e+00   2.908e+00   4.360e+00  13  sdss  7145  82S  5 
   10  54413.322765  0  22.109  0.458  0.595  0.791   5.489e+00   2.211e+00   3.032e+00   4.034e+00  10  sdss  7145  82S  5 
   12  54415.335825  1  22.266  0.184  0.153  0.111   4.398e+00   7.443e-01   6.247e-01   4.540e-01  14  sdss  7152  82S  5 
   12  54415.332508  2  22.270  0.237  0.234  0.093   4.427e+00   9.688e-01   9.741e-01   3.865e-01  14  sdss  7152  82S  5 
    0  54415.333337  3  21.855  0.235  0.132  0.095   6.405e+00   1.391e+00   7.914e-01   5.694e-01  13  sdss  7152  82S  5 
   36  54415.334996  4  22.673  0.908  0.428  0.473   7.808e-01   4.989e+00   2.108e+00   2.331e+00  13  sdss  7152  82S  5 
 1188  54415.334166  0  23.355  1.385  0.089  0.904   1.602e+00   2.203e+00   1.565e-01   1.585e+00  10  sdss  7152  82S  5 
    0  54417.325968  1  22.241  0.132  0.030  0.102   4.501e+00   5.476e-01   1.255e-01   4.263e-01  14  sdss  7158  82S  5 
    0  54417.322651  2  22.305  0.192  0.071  0.087   4.284e+00   7.639e-01   2.851e-01   3.521e-01  14  sdss  7158  82S  5 
    0  54417.323480  3  21.977  0.235  0.057  0.092   5.709e+00   1.246e+00   3.067e-01   4.943e-01  13  sdss  7158  82S  5 
    0  54417.325139  4  21.044  0.294  0.117  0.148   1.324e+01   3.796e+00   1.536e+00   1.954e+00  13  sdss  7158  82S  5 
    0  54417.324310  0  22.607  0.509  0.069  0.404   3.424e+00   1.570e+00   2.267e-01   1.322e+00  10  sdss  7158  82S  5 
   32  54418.324331  1  22.271  0.152  0.099  0.196   4.377e+00   6.145e-01   4.017e-01   7.967e-01  14  sdss  7161  82S  5 
   32  54418.321014  2  22.421  0.255  0.090  0.216   3.840e+00   9.113e-01   3.282e-01   7.830e-01  14  sdss  7161  82S  5 
   32  54418.321843  3  22.779  0.570  0.355  0.407   2.613e+00   1.441e+00   9.521e-01   1.089e+00  13  sdss  7161  82S  5 
    0  54418.323502  4  23.511  0.746  0.340  0.667  -3.529e+00   4.460e+00   1.996e+00   3.913e+00  13  sdss  7161  82S  5 
    0  54418.322673  0  22.184  0.440  0.082  0.654   5.115e+00   1.995e+00   3.896e-01   3.116e+00  10  sdss  7161  82S  5 
    0  54422.328604  1  22.054  0.130  0.056  0.165   5.355e+00   6.389e-01   2.760e-01   8.194e-01  14  sdss  7173  82S  5 
   32  54422.325287  2  22.304  0.240  0.149  0.204   4.288e+00   9.511e-01   5.989e-01   8.222e-01  14  sdss  7173  82S  5 
   32  54422.326116  3  22.538  0.446  0.207  0.287   3.328e+00   1.404e+00   6.810e-01   9.427e-01  13  sdss  7173  82S  5 
   32  54422.327775  4  22.769  0.795  0.422  0.715   3.111e-01   4.240e+00   2.060e+00   3.493e+00  13  sdss  7173  82S  5 
    0  54422.326946  0  22.300  0.451  0.070  0.517   4.590e+00   1.842e+00   3.001e-01   2.222e+00  10  sdss  7173  82S  5 
    1  54424.264515  1  21.998  0.254  0.080  0.128   5.640e+00   1.300e+00   4.170e-01   6.674e-01  14  sdss  7183  82S  5 
   33  54424.261198  2  22.661  0.427  0.166  0.194   3.057e+00   1.197e+00   4.868e-01   5.678e-01  14  sdss  7183  82S  5 
    0  54424.262028  3  21.870  0.249  0.089  0.101   6.315e+00   1.450e+00   5.286e-01   5.969e-01  13  sdss  7183  82S  5 
   32  54424.263686  4  22.332  0.727  0.378  0.566   2.529e+00   4.096e+00   2.043e+00   3.061e+00  13  sdss  7183  82S  5 
  129  54424.262857  0  22.454  0.852  0.063  0.403   3.966e+00   2.730e+00   2.369e-01   1.510e+00  10  sdss  7183  82S  5 
