# SDSS CID:  18063 IAU:          RA:  49.625973 DEC:   1.028355  (J2000)
# GALAXY_SB [ugriz] = [ 23.23 23.01 22.80 22.64 21.73 ] +/- [  0.16  0.04  0.05  0.07  0.10 ] (asinh mag/square arcsec)
# GALAXY_SB_FLUX [ugriz] = [  1.768E+00  2.167E+00  2.681E+00  2.998E+00  6.277E+00 ] +/- [  3.090E-01  8.977E-02  1.377E-01  2.015E-01  7.432E-01 ] (microJy per square arcsec)
#FLAG  MJD       FILT  MAG     MERR  MSKYERR MGALERR  FLUX       FLUXERR    SKYERR     GALERR    NPRE TELE   RUN  STRIP  IDCCD
   33  54347.442801  1  22.437  0.334  0.204  0.226   3.752e+00   1.132e+00   7.117e-01   7.884e-01  12  sdss  6930  82S  6 
   33  54347.439483  2  23.401  0.902  0.537  0.693   1.457e+00   1.281e+00   8.411e-01   1.086e+00  13  sdss  6930  82S  6 
   32  54347.440313  3  22.756  0.643  0.564  0.550   2.675e+00   1.639e+00   1.545e+00   1.507e+00  13  sdss  6930  82S  6 
   32  54347.441971  4  22.531  0.804  0.316  1.122   1.492e+00   4.392e+00   1.600e+00   5.686e+00  12  sdss  6930  82S  6 
   13  54347.441142  0  25.776  1.860  2.016  2.375  -1.273e+00   3.046e+00   2.995e+00   3.529e+00  10  sdss  6930  82S  6 
    0  54357.418496  1  22.905  0.235  0.161  0.240   2.413e+00   5.303e-01   3.694e-01   5.504e-01  12  sdss  6955  82S  6 
    0  54357.415178  2  22.470  0.240  0.024  0.250   3.665e+00   8.248e-01   8.284e-02   8.709e-01  13  sdss  6955  82S  6 
    0  54357.416008  3  22.490  0.362  0.122  0.303   3.489e+00   1.207e+00   4.178e-01   1.040e+00  13  sdss  6955  82S  6 
   32  54357.417666  4  22.183  0.621  0.272  0.735   3.363e+00   3.643e+00   1.574e+00   4.251e+00  12  sdss  6955  82S  6 
   32  54357.416837  0  23.400  1.074  0.334  1.433   1.524e+00   1.647e+00   5.549e-01   2.380e+00  10  sdss  6955  82S  6 
    0  54362.468596  1  22.925  0.217  0.052  0.132   2.368e+00   4.825e-01   1.160e-01   2.979e-01  12  sdss  6976  82S  6 
    0  54362.465278  2  22.429  0.219  0.056  0.161   3.809e+00   7.795e-01   2.012e-01   5.807e-01  13  sdss  6976  82S  6 
   32  54362.466108  3  22.696  0.450  0.159  0.310   2.842e+00   1.247e+00   4.571e-01   8.937e-01  13  sdss  6976  82S  6 
   32  54362.467766  4  21.580  0.450  0.084  0.339   7.560e+00   3.735e+00   7.116e-01   2.891e+00  12  sdss  6976  82S  6 
    8  54362.466937  0  22.056  0.292  0.147  0.255   5.770e+00   1.487e+00   7.675e-01   1.326e+00  10  sdss  6976  82S  6 
    1  54376.464587  1  22.953  0.299  0.106  0.148   2.305e+00   6.422e-01   2.317e-01   3.250e-01  12  sdss  7016  82S  6 
    0  54376.461270  2  22.373  0.283  0.124  0.231   4.017e+00   1.052e+00   4.695e-01   8.781e-01  13  sdss  7016  82S  6 
   32  54376.462099  3  23.023  0.692  0.269  0.461   2.019e+00   1.437e+00   5.953e-01   1.018e+00  13  sdss  7016  82S  6 
   32  54376.463758  4  22.822  0.931  0.488  0.603   5.308e-02   5.120e+00   2.382e+00   2.940e+00  12  sdss  7016  82S  6 
    1  54376.462928  0  22.856  0.845  0.066  0.551   2.684e+00   1.909e+00   1.700e-01   1.415e+00  10  sdss  7016  82S  6 
   32  54382.450093  1  22.606  0.197  0.074  0.271   3.203e+00   5.839e-01   2.229e-01   8.125e-01  12  sdss  7038  82S  6 
    0  54382.446776  2  22.183  0.214  0.080  0.278   4.801e+00   9.553e-01   3.625e-01   1.254e+00  13  sdss  7038  82S  6 
   32  54382.447605  3  22.347  0.398  0.196  0.418   4.011e+00   1.492e+00   7.618e-01   1.627e+00  13  sdss  7038  82S  6 
    0  54382.449264  4  23.954  0.654  0.532  0.823  -6.494e+00   4.879e+00   4.111e+00   6.361e+00  12  sdss  7038  82S  6 
  130  54382.448435  0  22.591  0.751  0.112  1.437   3.476e+00   2.151e+00   3.628e-01   4.636e+00  10  sdss  7038  82S  6 
    0  54385.468203  1  22.710  0.204  0.142  0.197   2.903e+00   5.514e-01   3.861e-01   5.378e-01  12  sdss  7051  82S  6 
    0  54385.464885  2  22.524  0.268  0.144  0.254   3.482e+00   8.719e-01   4.778e-01   8.409e-01  13  sdss  7051  82S  6 
   32  54385.465715  3  22.626  0.462  0.123  0.401   3.050e+00   1.350e+00   3.746e-01   1.225e+00  13  sdss  7051  82S  6 
  128  54385.467373  4  23.271  0.759  0.492  0.687  -2.199e+00   4.229e+00   2.600e+00   3.629e+00  12  sdss  7051  82S  6 
    0  54385.466544  0  22.128  0.425  0.168  0.560   5.394e+00   1.979e+00   8.186e-01   2.729e+00  10  sdss  7051  82S  6 
   32  54387.468699  1  22.843  0.263  0.136  0.351   2.560e+00   6.264e-01   3.303e-01   8.489e-01  12  sdss  7057  82S  6 
   32  54387.465381  2  23.048  0.456  0.304  0.499   2.096e+00   9.147e-01   6.372e-01   1.046e+00  13  sdss  7057  82S  6 
   32  54387.466210  3  23.192  0.757  0.204  0.780   1.670e+00   1.401e+00   3.971e-01   1.516e+00  13  sdss  7057  82S  6 
   32  54387.467869  4  22.438  0.864  0.729  1.381   1.967e+00   4.853e+00   3.793e+00   7.191e+00  12  sdss  7057  82S  6 
  130  54387.467040  0  22.354  0.603  0.345  1.020   4.357e+00   2.200e+00   1.373e+00   4.058e+00  10  sdss  7057  82S  6 
 1182  54390.461117  1  20.289  0.694  4.120  0.060   2.730e+01   1.535e+01   1.032e+02   1.508e+00  12  sdss  7071  82S  6 
   34  54390.457800  2  22.845  0.611  0.455  0.909   2.559e+00   1.407e+00   1.136e+00   2.270e+00  13  sdss  7071  82S  6 
 1190  54390.458629  3  22.283  2.004  2.094  0.738   4.266e+00   5.685e+00   8.621e+00   3.036e+00  13  sdss  7071  82S  6 
 1182  54390.460288  4  19.659  0.628 12.771  0.251   4.908e+01   2.589e+01   5.825e+02   1.145e+01  12  sdss  7071  82S  6 
   34  54391.469797  1  22.450  0.239  0.349  0.521   3.707e+00   8.133e-01   1.203e+00   1.799e+00  12  sdss  7074  82S  6 
   34  54391.466480  2  22.421  0.470  0.435  0.903   3.838e+00   1.618e+00   1.584e+00   3.284e+00  13  sdss  7074  82S  6 
   34  54391.467309  3  22.436  0.675  0.484  1.006   3.679e+00   2.208e+00   1.743e+00   3.622e+00  13  sdss  7074  82S  6 
  130  54391.468968  4  23.251  1.217  0.844  2.412  -2.088e+00   7.450e+00   4.426e+00   1.265e+01  12  sdss  7074  82S  6 
 1186  54394.451560  1  23.011  0.507  0.322  1.158   2.181e+00   9.959e-01   6.723e-01   2.416e+00  12  sdss  7084  82S  6 
 1154  54394.448242  2  21.564  0.258  0.338  0.436   8.536e+00   2.009e+00   2.684e+00   3.459e+00  13  sdss  7084  82S  6 
 1154  54394.449072  3  25.188  1.654  1.908  3.292  -1.076e+00   2.976e+00   2.948e+00   5.088e+00  13  sdss  7084  82S  6 
    2  54394.450730  4  23.462  1.313  1.983  2.529  -3.243e+00   8.526e+00   1.135e+01   1.448e+01  12  sdss  7084  82S  6 
    2  54394.449901  0  26.458  1.777  0.530  3.545  -2.642e+00   3.509e+00   1.340e+00   8.974e+00  10  sdss  7084  82S  6 
   32  54396.471713  1  22.962  0.346  0.381  0.527   2.286e+00   7.316e-01   8.297e-01   1.149e+00  12  sdss  7096  82S  6 
   34  54396.468395  2  22.929  0.683  0.558  0.870   2.358e+00   1.442e+00   1.295e+00   2.020e+00  13  sdss  7096  82S  6 
   34  54396.469225  3  23.514  1.330  0.766  1.958   1.109e+00   2.208e+00   1.199e+00   3.065e+00  13  sdss  7096  82S  6 
  128  54396.470883  4  24.379  0.669  0.191  0.802  -1.035e+01   6.674e+00   2.048e+00   8.615e+00  12  sdss  7096  82S  6 
  130  54396.470054  0  24.986  1.842  1.577  5.546  -3.149e-01   2.789e+00   1.590e+00   5.592e+00  10  sdss  7096  82S  6 
    1  54402.462043  1  22.052  0.438  0.105  0.176   5.363e+00   2.064e+00   5.210e-01   8.733e-01  12  sdss  7101  82S  6 
   33  54402.458726  2  22.981  0.922  0.248  0.408   2.240e+00   1.761e+00   5.515e-01   9.061e-01  13  sdss  7101  82S  6 
    1  54402.459555  3  25.034  1.374  0.704  1.044  -8.480e-01   2.220e+00   1.000e+00   1.483e+00  13  sdss  7101  82S  6 
   32  54402.461214  4  22.697  1.040  0.194  1.036   6.624e-01   5.905e+00   9.539e-01   5.093e+00  12  sdss  7101  82S  6 
  129  54402.460385  0  22.091  2.104  0.072  0.698   5.584e+00   6.271e+00   3.620e-01   3.517e+00  10  sdss  7101  82S  6 
    0  54408.376568  1  23.412  0.349  0.056  0.228   1.473e+00   5.012e-01   8.282e-02   3.361e-01  12  sdss  7127  82S  6 
   32  54408.373250  2  23.305  0.487  0.150  0.323   1.613e+00   7.912e-01   2.531e-01   5.472e-01  13  sdss  7127  82S  6 
   32  54408.374080  3  22.930  0.557  0.158  0.315   2.232e+00   1.262e+00   3.753e-01   7.493e-01  13  sdss  7127  82S  6 
   32  54408.375738  4  21.468  0.427  0.080  0.284   8.553e+00   3.853e+00   7.453e-01   2.635e+00  12  sdss  7127  82S  6 
    0  54408.374909  0  25.583  1.092  0.129  0.909  -9.984e-01   1.445e+00   1.690e-01   1.193e+00  10  sdss  7127  82S  6 
   32  54411.334612  1  23.835  0.593  0.207  0.777   9.439e-01   5.945e-01   2.165e-01   8.138e-01  12  sdss  7136  82S  6 
  160  54411.331295  2  22.804  0.404  0.317  0.573   2.663e+00   1.006e+00   8.212e-01   1.484e+00  13  sdss  7136  82S  6 
   32  54411.332124  3  22.765  0.554  0.251  0.589   2.650e+00   1.424e+00   6.814e-01   1.601e+00  13  sdss  7136  82S  6 
    0  54411.333783  4  23.617  0.745  0.267  1.068  -4.164e+00   4.645e+00   1.657e+00   6.632e+00  12  sdss  7136  82S  6 
 1188  54411.332953  0  23.040  1.010  0.408  1.276   2.232e+00   1.930e+00   8.971e-01   2.809e+00  10  sdss  7136  82S  6 
   34  54413.375145  1  24.789  1.053  1.393  2.659   1.965e-01   7.367e-01   8.577e-01   1.637e+00  12  sdss  7145  82S  6 
   32  54413.371828  2  23.098  0.579  0.276  0.819   1.993e+00   1.089e+00   5.544e-01   1.645e+00  13  sdss  7145  82S  6 
   32  54413.372658  3  22.765  0.624  0.151  0.671   2.650e+00   1.583e+00   4.103e-01   1.824e+00  13  sdss  7145  82S  6 
 1184  54413.374316  4  22.544  1.008  1.154  1.562   1.426e+00   5.746e+00   5.828e+00   7.890e+00  12  sdss  7145  82S  6 
  138  54413.373487  0  26.314  1.184  1.395  2.112  -2.284e+00   2.234e+00   3.129e+00   4.737e+00  10  sdss  7145  82S  6 
   32  54415.387023  1  23.387  0.338  0.048  0.250   1.510e+00   4.970e-01   7.260e-02   3.756e-01  12  sdss  7152  82S  6 
    0  54415.383706  2  22.993  0.358  0.141  0.250   2.213e+00   7.647e-01   3.092e-01   5.483e-01  13  sdss  7152  82S  6 
   32  54415.384535  3  23.675  0.836  0.256  0.595   8.688e-01   1.227e+00   3.664e-01   8.518e-01  13  sdss  7152  82S  6 
   32  54415.386194  4  22.400  0.643  0.239  0.515   2.166e+00   3.518e+00   1.260e+00   2.714e+00  12  sdss  7152  82S  6 
   40  54415.385364  0  24.612  1.234  0.767  1.440   5.210e-02   1.470e+00   7.435e-01   1.397e+00  10  sdss  7152  82S  6 
   32  54417.377226  1  23.765  0.476  0.091  0.405   1.019e+00   5.089e-01   1.005e-01   4.481e-01  12  sdss  7158  82S  6 
   32  54417.373909  2  23.112  0.421  0.221  0.342   1.965e+00   8.060e-01   4.381e-01   6.783e-01  13  sdss  7158  82S  6 
    0  54417.374738  3  25.186  0.826  0.278  0.576  -1.073e+00   1.278e+00   4.293e-01   8.892e-01  13  sdss  7158  82S  6 
   32  54417.376397  4  22.700  0.761  0.466  0.631   6.477e-01   4.039e+00   2.292e+00   3.099e+00  12  sdss  7158  82S  6 
    0  54417.375568  0  25.554  1.174  0.221  1.252  -9.605e-01   1.555e+00   2.847e-01   1.615e+00  10  sdss  7158  82S  6 
   32  54418.375204  1  23.542  0.464  0.427  0.603   1.290e+00   5.897e-01   5.640e-01   7.966e-01  12  sdss  7161  82S  6 
   32  54418.371886  2  22.737  0.339  0.245  0.334   2.841e+00   9.047e-01   6.723e-01   9.156e-01  13  sdss  7161  82S  6 
   32  54418.372716  3  24.277  1.049  0.711  1.156   1.002e-01   1.445e+00   8.443e-01   1.373e+00  13  sdss  7161  82S  6 
   32  54418.374374  4  21.832  0.732  0.171  0.802   5.605e+00   5.073e+00   1.214e+00   5.705e+00  12  sdss  7161  82S  6 
   40  54418.373545  0  24.499  1.423  2.222  2.879   1.625e-01   1.813e+00   2.177e+00   2.820e+00  10  sdss  7161  82S  6 
   32  54422.380013  1  24.988  0.962  1.270  1.768   7.667e-02   6.460e-01   7.529e-01   1.048e+00  12  sdss  7173  82S  6 
   32  54422.376696  2  22.861  0.495  0.316  0.700   2.519e+00   1.153e+00   7.774e-01   1.723e+00  13  sdss  7173  82S  6 
   32  54422.377525  3  22.674  0.642  0.366  0.741   2.906e+00   1.745e+00   1.075e+00   2.174e+00  13  sdss  7173  82S  6 
   32  54422.379184  4  22.822  1.021  1.144  1.529   5.308e-02   5.748e+00   5.581e+00   7.456e+00  12  sdss  7173  82S  6 
   10  54422.378355  0  26.771  0.763  0.941  1.418  -3.581e+00   2.236e+00   3.119e+00   4.702e+00  10  sdss  7173  82S  6 
   33  54424.315982  1  23.840  0.906  0.257  0.403   9.386e-01   8.745e-01   2.683e-01   4.208e-01  12  sdss  7183  82S  6 
    1  54424.312665  2  22.847  0.397  0.091  0.219   2.554e+00   9.557e-01   2.259e-01   5.459e-01  13  sdss  7183  82S  6 
    0  54424.313494  3  22.600  0.440  0.122  0.248   3.130e+00   1.320e+00   3.800e-01   7.750e-01  13  sdss  7183  82S  6 
    0  54424.315153  4  23.561  0.575  0.357  0.494  -3.822e+00   3.477e+00   2.147e+00   2.975e+00  12  sdss  7183  82S  6 
  137  54424.314324  0  23.078  1.255  0.618  0.754   2.149e+00   2.266e+00   1.320e+00   1.609e+00  10  sdss  7183  82S  6 
