# SDSS CID:   4584 IAU:          RA:  48.443928 DEC:   0.273127  (J2000)
# GALAXY_SB [ugriz] = [ 23.73 23.98 23.88 23.50 22.60 ] +/- [  0.16  0.06  0.06  0.06  0.08 ] (asinh mag/square arcsec)
# GALAXY_SB_FLUX [ugriz] = [  9.812E-01  7.978E-01  8.264E-01  1.136E+00  1.129E+00 ] +/- [  2.088E-01  5.766E-02  7.150E-02  9.312E-02  3.785E-01 ] (microJy per square arcsec)
#FLAG  MJD       FILT  MAG     MERR  MSKYERR MGALERR  FLUX       FLUXERR    SKYERR     GALERR    NPRE TELE   RUN  STRIP  IDCCD
    0  53616.446363  1  22.320  0.148  0.121  0.120   4.182e+00   5.737e-01   4.720e-01   4.667e-01  22  sdss  5566  82N  4 
    0  53616.443045  2  22.852  0.312  0.062  0.133   2.542e+00   7.558e-01   1.525e-01   3.287e-01  23  sdss  5566  82N  4 
    0  53616.443875  3  22.926  0.526  0.353  0.182   2.242e+00   1.197e+00   8.393e-01   4.330e-01  24  sdss  5566  82N  4 
    0  53616.445533  4  22.981  0.774  0.654  0.381  -7.242e-01   4.128e+00   3.221e+00   1.873e+00  24  sdss  5566  82N  4 
    4  53616.444704  0  22.296  0.412  0.425  0.341   4.606e+00   1.680e+00   1.806e+00   1.450e+00  18  sdss  5566  82N  4 
    0  53626.423774  1  22.365  0.150  0.087  0.091   4.011e+00   5.555e-01   3.240e-01   3.416e-01  22  sdss  5603  82N  4 
 1156  53626.420457  2  22.199  0.370  0.588  0.190   4.730e+00   1.583e+00   2.605e+00   8.411e-01  23  sdss  5603  82N  4 
    0  53626.421286  3  22.561  0.378  0.233  0.157   3.255e+00   1.178e+00   7.496e-01   5.039e-01  24  sdss  5603  82N  4 
    0  53626.422945  4  22.014  0.533  0.417  0.229   4.380e+00   3.352e+00   2.634e+00   1.445e+00  24  sdss  5603  82N  4 
   32  53626.422116  0  22.927  0.734  0.493  0.610   2.502e+00   1.628e+00   1.206e+00   1.493e+00  18  sdss  5603  82N  4 
    0  53628.408505  1  22.416  0.241  0.241  0.136   3.825e+00   8.457e-01   8.584e-01   4.846e-01  22  sdss  5610  82N  4 
    0  53628.405187  2  22.568  0.298  0.167  0.128   3.340e+00   9.265e-01   5.317e-01   4.066e-01  23  sdss  5610  82N  4 
   32  53628.406017  3  23.398  0.854  0.383  0.327   1.297e+00   1.405e+00   6.425e-01   5.488e-01  24  sdss  5610  82N  4 
    0  53628.407676  4  21.821  0.680  0.265  0.311   5.683e+00   4.725e+00   1.886e+00   2.218e+00  24  sdss  5610  82N  4 
   32  53628.406846  0  23.003  0.902  0.458  0.776   2.319e+00   1.825e+00   1.053e+00   1.783e+00  18  sdss  5610  82N  4 
    1  53635.417383  1  22.309  0.261  0.045  0.044   4.225e+00   1.008e+00   1.770e-01   1.727e-01  22  sdss  5622  82N  4 
    1  53635.414066  2  23.146  0.595  0.086  0.095   1.899e+00   1.073e+00   1.653e-01   1.832e-01  23  sdss  5622  82N  4 
    1  53635.414895  3  22.390  0.360  0.109  0.060   3.850e+00   1.302e+00   4.068e-01   2.245e-01  24  sdss  5622  82N  4 
    0  53635.416554  4  23.153  0.629  0.279  0.171  -1.584e+00   3.345e+00   1.419e+00   8.691e-01  24  sdss  5622  82N  4 
   33  53635.415725  0  22.874  1.120  0.153  0.253   2.638e+00   2.374e+00   3.922e-01   6.469e-01  18  sdss  5622  82N  4 
    0  53639.456339  1  22.287  0.154  0.062  0.075   4.314e+00   6.120e-01   2.502e-01   3.023e-01  22  sdss  5642  82N  4 
    0  53639.453022  2  22.416  0.222  0.107  0.091   3.857e+00   7.974e-01   3.903e-01   3.300e-01  23  sdss  5642  82N  4 
    0  53639.453852  3  22.910  0.482  0.227  0.142   2.280e+00   1.116e+00   5.468e-01   3.420e-01  24  sdss  5642  82N  4 
    0  53639.455510  4  22.008  0.612  0.504  0.305   4.418e+00   3.860e+00   3.189e+00   1.935e+00  24  sdss  5642  82N  4 
    0  53639.454681  0  22.143  0.406  0.327  0.286   5.320e+00   1.899e+00   1.596e+00   1.397e+00  18  sdss  5642  82N  4 
    0  53641.455638  1  22.424  0.209  0.137  0.196   3.796e+00   7.316e-01   4.862e-01   6.936e-01  22  sdss  5658  82N  4 
    0  53641.452320  2  22.893  0.374  0.157  0.211   2.442e+00   8.665e-01   3.748e-01   5.040e-01  23  sdss  5658  82N  4 
   32  53641.453150  3  23.352  0.756  0.459  0.385   1.376e+00   1.274e+00   7.946e-01   6.665e-01  24  sdss  5658  82N  4 
    0  53641.454809  4  23.302  0.712  0.409  0.416  -2.359e+00   3.966e+00   2.182e+00   2.220e+00  24  sdss  5658  82N  4 
   32  53641.453979  0  22.555  0.659  0.711  0.611   3.599e+00   2.020e+00   2.401e+00   2.063e+00  18  sdss  5658  82N  4 
    0  53644.403542  1  22.457  0.138  0.053  0.066   3.680e+00   4.713e-01   1.832e-01   2.282e-01  22  sdss  5670  82N  4 
    0  53644.400224  2  22.931  0.328  0.088  0.143   2.353e+00   7.390e-01   2.044e-01   3.306e-01  23  sdss  5670  82N  4 
    0  53644.401054  3  22.431  0.313  0.190  0.109   3.699e+00   1.101e+00   6.828e-01   3.934e-01  24  sdss  5670  82N  4 
   32  53644.402712  4  22.628  0.600  0.199  0.252   1.006e+00   3.114e+00   9.857e-01   1.249e+00  24  sdss  5670  82N  4 
   32  53644.401883  0  23.029  0.713  0.259  0.454   2.259e+00   1.471e+00   5.831e-01   1.022e+00  18  sdss  5670  82N  4 
  128  53657.415291  1  22.383  0.236  0.315  0.224   3.944e+00   8.539e-01   1.156e+00   8.225e-01  22  sdss  5731  82N  4 
   32  53657.411974  2  24.571  1.272  1.616  1.096   1.858e-01   1.275e+00   1.320e+00   8.956e-01  23  sdss  5731  82N  4 
   32  53657.412803  3  23.163  0.952  0.784  0.560   1.726e+00   1.761e+00   1.551e+00   1.108e+00  24  sdss  5731  82N  4 
    0  53657.414462  4  24.236  0.647  0.313  0.409  -8.913e+00   5.795e+00   2.980e+00   3.886e+00  24  sdss  5731  82N  4 
   34  53657.413633  0  23.057  1.403  1.487  1.688   2.195e+00   2.555e+00   3.269e+00   3.710e+00  18  sdss  5731  82N  4 
    1  53663.400009  1  22.449  0.442  0.102  0.105   3.709e+00   1.454e+00   3.515e-01   3.648e-01  22  sdss  5744  82N  4 
    1  53663.396692  2  22.282  0.336  0.101  0.081   4.376e+00   1.343e+00   4.167e-01   3.313e-01  23  sdss  5744  82N  4 
    1  53663.397521  3  22.410  0.453  0.139  0.124   3.776e+00   1.586e+00   5.086e-01   4.547e-01  24  sdss  5744  82N  4 
    0  53663.399180  4  21.768  0.589  0.302  0.223   6.069e+00   4.244e+00   2.232e+00   1.645e+00  24  sdss  5744  82N  4 
   33  53663.398351  0  22.836  1.842  0.582  0.504   2.739e+00   3.732e+00   1.539e+00   1.333e+00  18  sdss  5744  82N  4 
    1  53666.470217  1  22.682  0.306  0.073  0.081   2.980e+00   8.371e-01   2.043e-01   2.263e-01  22  sdss  5765  82N  4 
   33  53666.466900  2  23.950  0.895  0.313  0.223   7.531e-01   9.485e-01   3.314e-01   2.364e-01  23  sdss  5765  82N  4 
    0  53666.467729  3  22.529  0.375  0.127  0.071   3.361e+00   1.203e+00   4.200e-01   2.335e-01  24  sdss  5765  82N  4 
    0  53666.469388  4  22.387  0.687  0.204  0.194   2.235e+00   3.792e+00   1.080e+00   1.027e+00  24  sdss  5765  82N  4 
    1  53666.468559  0  21.837  0.425  0.094  0.129   7.076e+00   2.607e+00   6.049e-01   8.327e-01  18  sdss  5765  82N  4 
    1  53668.390027  1  22.387  0.233  0.184  0.187   3.930e+00   8.413e-01   6.745e-01   6.845e-01  22  sdss  5770  82N  4 
    0  53668.386710  2  22.966  0.535  0.420  0.357   2.273e+00   1.129e+00   9.430e-01   8.002e-01  23  sdss  5770  82N  4 
    0  53668.387540  3  22.591  0.521  0.260  0.300   3.160e+00   1.545e+00   8.168e-01   9.417e-01  24  sdss  5770  82N  4 
   32  53668.389198  4  22.433  0.979  0.501  0.760   1.992e+00   5.628e+00   2.608e+00   3.958e+00  24  sdss  5770  82N  4 
   32  53668.388369  0  23.002  1.314  1.204  1.140   2.322e+00   2.485e+00   2.770e+00   2.622e+00  18  sdss  5770  82N  4 
   33  53669.477288  1  22.976  0.430  0.129  0.237   2.255e+00   8.861e-01   2.789e-01   5.109e-01  22  sdss  5777  82N  4 
    0  53669.473971  2  22.611  0.381  0.141  0.159   3.205e+00   1.127e+00   4.323e-01   4.861e-01  23  sdss  5777  82N  4 
    0  53669.474800  3  22.655  0.521  0.274  0.181   2.965e+00   1.466e+00   8.128e-01   5.364e-01  24  sdss  5777  82N  4 
    0  53669.476459  4  21.449  0.564  0.396  0.210   8.731e+00   5.041e+00   3.707e+00   1.969e+00  24  sdss  5777  82N  4 
   33  53669.475629  0  23.645  1.943  1.101  1.564   1.141e+00   3.239e+00   1.552e+00   2.206e+00  18  sdss  5777  82N  4 
    0  53670.394707  1  22.696  0.324  0.143  0.184   2.941e+00   8.717e-01   3.960e-01   5.092e-01  22  sdss  5781  82N  4 
   36  53670.391390  2  23.857  1.367  1.223  0.629   8.544e-01   1.582e+00   1.372e+00   7.062e-01  23  sdss  5781  82N  4 
  136  53670.392219  3  22.700  0.616  1.140  0.223   2.833e+00   1.642e+00   3.260e+00   6.388e-01  24  sdss  5781  82N  4 
   12  53670.393878  4  22.170  0.879  1.340  0.453   3.437e+00   5.289e+00   7.778e+00   2.630e+00  24  sdss  5781  82N  4 
    4  53670.393048  0  21.833  0.372  0.239  0.309   7.103e+00   2.316e+00   1.541e+00   1.992e+00  18  sdss  5781  82N  4 
    0  53673.362863  1  22.580  0.153  0.054  0.062   3.281e+00   4.660e-01   1.652e-01   1.891e-01  22  sdss  5792  82N  4 
    0  53673.359546  2  22.852  0.294  0.040  0.081   2.542e+00   7.132e-01   9.957e-02   2.012e-01  23  sdss  5792  82N  4 
    0  53673.360375  3  22.741  0.394  0.152  0.085   2.717e+00   1.056e+00   4.211e-01   2.341e-01  24  sdss  5792  82N  4 
   32  53673.362034  4  22.712  0.597  0.156  0.182   5.899e-01   3.075e+00   7.642e-01   8.909e-01  24  sdss  5792  82N  4 
   32  53673.361204  0  23.182  0.765  0.347  0.344   1.927e+00   1.396e+00   6.886e-01   6.820e-01  18  sdss  5792  82N  4 
    0  53675.359663  1  22.661  0.186  0.065  0.127   3.039e+00   5.250e-01   1.850e-01   3.630e-01  22  sdss  5800  82N  4 
    0  53675.356346  2  23.076  0.417  0.221  0.174   2.038e+00   8.213e-01   4.511e-01   3.552e-01  23  sdss  5800  82N  4 
    0  53675.357175  3  22.806  0.493  0.194  0.173   2.543e+00   1.236e+00   5.086e-01   4.530e-01  24  sdss  5800  82N  4 
    0  53675.358834  4  21.850  0.590  0.216  0.251   5.476e+00   4.047e+00   1.513e+00   1.757e+00  24  sdss  5800  82N  4 
  160  53675.358005  0  23.379  0.996  0.503  0.800   1.560e+00   1.562e+00   8.562e-01   1.363e+00  18  sdss  5800  82N  4 
    0  53680.367368  1  22.743  0.185  0.046  0.092   2.814e+00   4.873e-01   1.225e-01   2.443e-01  22  sdss  5823  82N  4 
    0  53680.364051  2  23.168  0.440  0.249  0.172   1.857e+00   8.003e-01   4.706e-01   3.243e-01  23  sdss  5823  82N  4 
    0  53680.364880  3  22.565  0.371  0.153  0.112   3.243e+00   1.154e+00   4.896e-01   3.579e-01  24  sdss  5823  82N  4 
   32  53680.366538  4  22.758  0.666  0.455  0.275   3.631e-01   3.462e+00   2.223e+00   1.346e+00  24  sdss  5823  82N  4 
   32  53680.365709  0  22.550  0.489  0.312  0.353   3.616e+00   1.569e+00   1.058e+00   1.197e+00  18  sdss  5823  82N  4 
    4  53683.426050  1  22.753  0.412  0.392  0.117   2.787e+00   1.038e+00   1.030e+00   3.068e-01  22  sdss  5842  82N  4 
    4  53683.422733  2  23.259  0.996  0.323  0.121   1.692e+00   1.529e+00   5.649e-01   2.115e-01  23  sdss  5842  82N  4 
    4  53683.423562  3  22.779  0.905  0.249  0.091   2.614e+00   2.146e+00   6.657e-01   2.435e-01  24  sdss  5842  82N  4 
    5  53683.425221  4  20.887  0.708  0.260  0.067   1.545e+01   9.542e+00   3.882e+00   1.002e+00  24  sdss  5842  82N  4 
  132  53683.424392  0  26.733  1.155  0.223  0.262  -3.454e+00   2.973e+00   7.247e-01   8.507e-01  18  sdss  5842  82N  4 
    1  53686.366835  1  22.778  0.462  0.141  0.131   2.722e+00   1.127e+00   3.637e-01   3.367e-01  22  sdss  5866  82N  4 
    1  53686.363518  2  22.283  0.336  0.166  0.117   4.371e+00   1.342e+00   6.827e-01   4.789e-01  23  sdss  5866  82N  4 
    0  53686.364347  3  22.247  0.371  0.194  0.121   4.419e+00   1.517e+00   8.203e-01   5.111e-01  24  sdss  5866  82N  4 
   32  53686.366006  4  22.764  0.826  0.476  0.430   3.336e-01   4.435e+00   2.326e+00   2.102e+00  24  sdss  5866  82N  4 
   33  53686.365177  0  23.897  1.908  1.705  1.360   8.088e-01   3.051e+00   2.065e+00   1.648e+00  18  sdss  5866  82N  4 
    3  53687.424352  1  21.665  0.597  0.401  0.214   7.678e+00   3.853e+00   2.838e+00   1.515e+00  22  sdss  5872  82N  4 
    1  53687.421035  2  21.716  0.464  0.206  0.167   7.416e+00   3.017e+00   1.418e+00   1.153e+00  23  sdss  5872  82N  4 
   33  53687.421864  3  23.401  1.684  2.186  0.810   1.292e+00   3.126e+00   3.664e+00   1.358e+00  24  sdss  5872  82N  4 
    2  53687.423523  4  20.643  0.662  0.792  0.409   1.955e+01   1.110e+01   1.468e+01   7.588e+00  24  sdss  5872  82N  4 
 1185  53687.422693  0  22.597  3.337  1.845  1.776   3.456e+00   1.184e+01   6.000e+00   5.778e+00  18  sdss  5872  82N  4 
    1  53693.369074  1  22.531  0.532  0.375  0.151   3.434e+00   1.590e+00   1.204e+00   4.844e-01  22  sdss  5878  82N  4 
   33  53693.365757  2  24.203  1.485  0.561  0.641   5.037e-01   1.653e+00   5.179e-01   5.927e-01  23  sdss  5878  82N  4 
    1  53693.366586  3  24.534  1.236  0.841  0.571  -2.040e-01   1.809e+00   1.009e+00   6.851e-01  24  sdss  5878  82N  4 
    0  53693.368245  4  22.037  0.821  0.677  0.399   4.235e+00   5.152e+00   4.218e+00   2.485e+00  24  sdss  5878  82N  4 
   33  53693.367416  0  22.710  2.145  0.957  0.735   3.099e+00   4.721e+00   2.823e+00   2.167e+00  18  sdss  5878  82N  4 
    0  53699.389821  1  22.564  0.219  0.131  0.104   3.330e+00   6.743e-01   4.084e-01   3.253e-01  22  sdss  5902  82N  4 
    0  53699.386504  2  22.605  0.279  0.118  0.098   3.224e+00   8.408e-01   3.643e-01   3.031e-01  23  sdss  5902  82N  4 
    0  53699.387333  3  23.038  0.549  0.147  0.149   1.987e+00   1.147e+00   3.196e-01   3.244e-01  24  sdss  5902  82N  4 
   32  53699.388991  4  22.751  0.704  0.217  0.293   3.976e-01   3.686e+00   1.062e+00   1.435e+00  24  sdss  5902  82N  4 
    0  53699.388162  0  21.946  0.365  0.204  0.194   6.399e+00   2.056e+00   1.190e+00   1.131e+00  18  sdss  5902  82N  4 
   32  53704.352033  1  22.943  0.259  0.089  0.211   2.327e+00   5.657e-01   1.968e-01   4.688e-01  22  sdss  5918  82N  4 
   32  53704.348716  2  23.435  0.698  0.730  0.496   1.405e+00   9.962e-01   1.110e+00   7.545e-01  23  sdss  5918  82N  4 
  160  53704.349546  3  23.459  0.943  0.713  0.569   1.196e+00   1.514e+00   1.152e+00   9.196e-01  24  sdss  5918  82N  4 
   32  53704.351204  4  22.368  0.860  0.248  0.469   2.336e+00   4.894e+00   1.318e+00   2.499e+00  24  sdss  5918  82N  4 
    0  53704.350375  0  22.132  0.424  0.644  0.438   5.376e+00   1.996e+00   3.173e+00   2.159e+00  18  sdss  5918  82N  4 
