# SDSS CID:  18113 IAU:          RA:  41.903385 DEC:   0.488318  (J2000)
# GALAXY_SB [ugriz] = [ 22.79 22.15 21.82 21.57 21.08 ] +/- [  0.10  0.02  0.02  0.02  0.05 ] (asinh mag/square arcsec)
# GALAXY_SB_FLUX [ugriz] = [  2.774E+00  4.902E+00  6.730E+00  8.368E+00  1.265E+01 ] +/- [  2.844E-01  9.460E-02  1.123E-01  1.656E-01  5.936E-01 ] (microJy per square arcsec)
#FLAG  MJD       FILT  MAG     MERR  MSKYERR MGALERR  FLUX       FLUXERR    SKYERR     GALERR    NPRE TELE   RUN  STRIP  IDCCD
   33  54347.422340  1  22.689  0.330  0.154  0.178   2.961e+00   8.979e-01   4.319e-01   4.966e-01  13  sdss  6930  82S  5 
   32  54347.419022  2  22.587  0.367  0.135  0.217   3.280e+00   1.110e+00   4.225e-01   6.787e-01  14  sdss  6930  82S  5 
   32  54347.419852  3  22.390  0.393  0.251  0.219   3.847e+00   1.417e+00   9.375e-01   8.179e-01  13  sdss  6930  82S  5 
   32  54347.421510  4  22.419  0.641  0.282  0.516   2.066e+00   3.487e+00   1.475e+00   2.699e+00  12  sdss  6930  82S  5 
    1  54347.420681  0  25.785  1.456  0.259  1.124  -1.286e+00   2.183e+00   3.971e-01   1.720e+00  9  sdss  6930  82S  5 
   32  54357.397567  1  23.524  0.390  0.137  0.275   1.313e+00   5.108e-01   1.851e-01   3.702e-01  13  sdss  6955  82S  5 
   32  54357.394250  2  22.436  0.206  0.025  0.094   3.785e+00   7.312e-01   8.870e-02   3.364e-01  14  sdss  6955  82S  5 
   32  54357.395079  3  22.538  0.354  0.097  0.154   3.329e+00   1.132e+00   3.176e-01   5.056e-01  13  sdss  6955  82S  5 
   32  54357.396738  4  21.997  0.483  0.168  0.293   4.492e+00   3.072e+00   1.074e+00   1.875e+00  12  sdss  6955  82S  5 
   40  54357.395909  0  23.438  0.838  0.188  0.546   1.459e+00   1.302e+00   3.114e-01   9.041e-01  9  sdss  6955  82S  5 
   32  54362.448031  1  23.255  0.304  0.136  0.179   1.721e+00   5.053e-01   2.302e-01   3.033e-01  13  sdss  6976  82S  5 
   40  54362.444713  2  22.574  0.237  0.116  0.115   3.321e+00   7.398e-01   3.683e-01   3.630e-01  14  sdss  6976  82S  5 
   40  54362.445542  3  22.924  0.500  0.325  0.197   2.246e+00   1.145e+00   7.750e-01   4.695e-01  13  sdss  6976  82S  5 
    0  54362.447201  4  22.876  0.645  0.277  0.345  -2.105e-01   3.336e+00   1.351e+00   1.685e+00  12  sdss  6976  82S  5 
   40  54362.446372  0  23.991  1.099  0.516  0.895   6.963e-01   1.364e+00   6.000e-01   1.040e+00  9  sdss  6976  82S  5 
   33  54376.443890  1  23.199  0.385  0.052  0.187   1.818e+00   6.629e-01   9.170e-02   3.333e-01  13  sdss  7016  82S  5 
   32  54376.440573  2  22.861  0.365  0.070  0.167   2.519e+00   8.691e-01   1.715e-01   4.116e-01  14  sdss  7016  82S  5 
   32  54376.441403  3  22.389  0.354  0.066  0.143   3.851e+00   1.287e+00   2.453e-01   5.368e-01  13  sdss  7016  82S  5 
   32  54376.443061  4  21.684  0.483  0.223  0.229   6.705e+00   3.708e+00   1.755e+00   1.802e+00  12  sdss  7016  82S  5 
   33  54376.442232  0  24.309  1.375  0.108  1.087   3.516e-01   1.744e+00   1.105e-01   1.110e+00  9  sdss  7016  82S  5 
   32  54382.429334  1  22.890  0.283  0.266  0.438   2.448e+00   6.484e-01   6.208e-01   1.024e+00  13  sdss  7038  82S  5 
   32  54382.426016  2  23.248  0.557  0.237  0.523   1.712e+00   9.343e-01   4.189e-01   9.250e-01  14  sdss  7038  82S  5 
   32  54382.426846  3  22.390  0.444  0.264  0.414   3.847e+00   1.587e+00   9.878e-01   1.548e+00  13  sdss  7038  82S  5 
   32  54382.428504  4  22.207  0.769  0.342  0.730   3.224e+00   4.522e+00   1.952e+00   4.166e+00  12  sdss  7038  82S  5 
   40  54382.427675  0  23.468  1.224  1.048  2.232   1.409e+00   1.848e+00   1.698e+00   3.618e+00  9  sdss  7038  82S  5 
   32  54385.447001  1  23.399  0.379  0.148  0.326   1.492e+00   5.513e-01   2.215e-01   4.883e-01  13  sdss  7051  82S  5 
   32  54385.443684  2  23.078  0.411  0.142  0.254   2.034e+00   8.098e-01   2.903e-01   5.180e-01  14  sdss  7051  82S  5 
   32  54385.444513  3  23.005  0.584  0.196  0.327   2.059e+00   1.245e+00   4.375e-01   7.316e-01  13  sdss  7051  82S  5 
   32  54385.446171  4  21.728  0.472  0.252  0.309   6.363e+00   3.518e+00   1.917e+00   2.353e+00  12  sdss  7051  82S  5 
   32  54385.445342  0  24.603  1.309  0.130  1.618   6.073e-02   1.600e+00   1.263e-01   1.571e+00  9  sdss  7051  82S  5 
   32  54387.447473  1  23.479  0.503  0.289  0.677   1.375e+00   6.710e-01   4.045e-01   9.472e-01  13  sdss  7057  82S  5 
   34  54387.444155  2  23.619  0.926  0.519  1.250   1.144e+00   1.150e+00   6.867e-01   1.655e+00  14  sdss  7057  82S  5 
 1154  54387.444985  3  26.442  0.509  0.575  0.769  -4.272e+00   1.970e+00   2.364e+00   3.164e+00  13  sdss  7057  82S  5 
   32  54387.446643  4  22.652  0.863  0.214  1.047   8.880e-01   4.705e+00   1.058e+00   5.176e+00  12  sdss  7057  82S  5 
   34  54387.445814  0  23.212  1.379  0.617  2.438   1.868e+00   2.350e+00   1.219e+00   4.815e+00  9  sdss  7057  82S  5 
 1194  54390.440265  1  23.039  0.579  1.584  0.891   2.123e+00   1.098e+00   3.241e+00   1.824e+00  13  sdss  7071  82S  5 
 1214  54390.436947  2  24.500  2.719 75.144  2.262   2.449e-01   5.276e+00   6.238e+01   1.878e+00  14  sdss  7071  82S  5 
 1166  54390.437777  3  25.059  1.576  4.918  1.906  -8.826e-01   2.713e+00   7.068e+00   2.739e+00  13  sdss  7071  82S  5 
   34  54391.448523  1  22.488  0.315  0.549  0.849   3.576e+00   1.028e+00   1.841e+00   2.848e+00  13  sdss  7074  82S  5 
   34  54391.445206  2  22.555  0.578  0.398  1.031   3.381e+00   1.721e+00   1.282e+00   3.320e+00  14  sdss  7074  82S  5 
   34  54391.446036  3  21.577  0.354  0.507  0.578   8.306e+00   2.651e+00   3.932e+00   4.479e+00  13  sdss  7074  82S  5 
    2  54391.447694  4  24.296  0.782  0.894  1.097  -9.506e+00   7.178e+00   8.948e+00   1.098e+01  12  sdss  7074  82S  5 
   34  54394.430658  1  22.860  0.382  0.536  0.751   2.519e+00   8.837e-01   1.286e+00   1.803e+00  13  sdss  7084  82S  5 
   32  54394.427341  2  22.844  0.540  0.432  0.549   2.561e+00   1.263e+00   1.079e+00   1.370e+00  14  sdss  7084  82S  5 
   32  54394.428170  3  21.906  0.335  0.276  0.326   6.105e+00   1.873e+00   1.587e+00   1.872e+00  13  sdss  7084  82S  5 
   32  54394.429829  4  22.309  1.078  0.562  1.441   2.654e+00   6.481e+00   3.066e+00   7.858e+00  12  sdss  7084  82S  5 
   10  54394.428999  0  21.648  0.345  0.328  0.674   8.436e+00   2.620e+00   2.573e+00   5.277e+00  9  sdss  7084  82S  5 
   34  54396.450785  1  22.842  0.354  0.366  0.580   2.563e+00   8.374e-01   8.918e-01   1.415e+00  13  sdss  7096  82S  5 
   32  54396.447468  2  22.435  0.362  0.305  0.347   3.788e+00   1.256e+00   1.094e+00   1.243e+00  14  sdss  7096  82S  5 
   32  54396.448298  3  22.491  0.591  0.410  0.529   3.486e+00   1.882e+00   1.405e+00   1.810e+00  13  sdss  7096  82S  5 
    0  54396.449956  4  23.107  1.066  1.913  1.319  -1.353e+00   6.158e+00   9.628e+00   6.641e+00  12  sdss  7096  82S  5 
    2  54396.449127  0  25.653  1.747  0.255  3.357  -1.094e+00   2.719e+00   3.561e-01   4.692e+00  9  sdss  7096  82S  5 
   33  54402.441041  1  22.425  0.562  0.164  0.191   3.793e+00   1.842e+00   5.814e-01   6.783e-01  13  sdss  7101  82S  5 
   33  54402.437723  2  22.352  0.477  0.106  0.151   4.097e+00   1.742e+00   4.077e-01   5.818e-01  14  sdss  7101  82S  5 
   33  54402.438553  3  22.176  0.421  0.191  0.171   4.727e+00   1.823e+00   8.632e-01   7.732e-01  13  sdss  7101  82S  5 
  128  54402.440211  4  22.913  0.904  0.297  0.632  -3.915e-01   4.941e+00   1.453e+00   3.089e+00  12  sdss  7101  82S  5 
   33  54402.439382  0  23.245  2.371  0.152  1.135   1.803e+00   4.934e+00   2.915e-01   2.183e+00  9  sdss  7101  82S  5 
   32  54408.355077  1  22.888  0.217  0.092  0.112   2.453e+00   5.014e-01   2.152e-01   2.623e-01  13  sdss  7127  82S  5 
   32  54408.351760  2  22.286  0.192  0.018  0.081   4.359e+00   7.777e-01   7.344e-02   3.340e-01  14  sdss  7127  82S  5 
   32  54408.352589  3  22.545  0.367  0.083  0.112   3.306e+00   1.165e+00   2.716e-01   3.662e-01  13  sdss  7127  82S  5 
   32  54408.354248  4  22.188  0.572  0.191  0.241   3.333e+00   3.335e+00   1.102e+00   1.387e+00  12  sdss  7127  82S  5 
    0  54408.353418  0  23.053  0.688  0.036  0.422   2.203e+00   1.426e+00   8.201e-02   9.500e-01  9  sdss  7127  82S  5 
   32  54411.313082  1  22.910  0.231  0.029  0.148   2.402e+00   5.238e-01   6.677e-02   3.403e-01  13  sdss  7136  82S  5 
   32  54411.309765  2  22.573  0.237  0.080  0.108   3.324e+00   7.402e-01   2.531e-01   3.410e-01  14  sdss  7136  82S  5 
   32  54411.310594  3  22.418  0.320  0.069  0.120   3.744e+00   1.141e+00   2.505e-01   4.372e-01  13  sdss  7136  82S  5 
   32  54411.312253  4  21.839  0.471  0.119  0.276   5.555e+00   3.282e+00   8.437e-01   1.946e+00  12  sdss  7136  82S  5 
   32  54411.311424  0  24.298  1.212  0.193  1.161   3.629e-01   1.464e+00   1.975e-01   1.190e+00  9  sdss  7136  82S  5 
 1186  54413.354002  1  23.798  1.038  2.356  2.712   9.831e-01   1.019e+00   2.549e+00   2.935e+00  13  sdss  7145  82S  5 
 1186  54413.350684  2  22.630  0.434  0.305  0.638   3.148e+00   1.248e+00   9.180e-01   1.921e+00  14  sdss  7145  82S  5 
   34  54413.351514  3  22.503  0.626  0.483  0.806   3.445e+00   1.958e+00   1.639e+00   2.732e+00  13  sdss  7145  82S  5 
   34  54413.353172  4  22.651  1.142  0.608  2.143   8.929e-01   6.689e+00   3.009e+00   1.060e+01  12  sdss  7145  82S  5 
   34  54413.352343  0  23.813  1.667  0.643  4.535   9.133e-01   2.474e+00   8.254e-01   5.819e+00  9  sdss  7145  82S  5 
   32  54415.365439  1  22.952  0.236  0.070  0.143   2.308e+00   5.141e-01   1.542e-01   3.162e-01  13  sdss  7152  82S  5 
   32  54415.362122  2  22.642  0.263  0.051  0.128   3.112e+00   7.694e-01   1.509e-01   3.804e-01  14  sdss  7152  82S  5 
   32  54415.362951  3  22.211  0.271  0.108  0.107   4.571e+00   1.166e+00   4.721e-01   4.706e-01  13  sdss  7152  82S  5 
   32  54415.364610  4  22.290  0.572  0.159  0.287   2.759e+00   3.208e+00   8.737e-01   1.577e+00  12  sdss  7152  82S  5 
   40  54415.363780  0  23.917  1.087  0.509  0.829   7.839e-01   1.375e+00   6.146e-01   1.002e+00  9  sdss  7152  82S  5 
   32  54417.355616  1  23.182  0.295  0.170  0.208   1.849e+00   5.214e-01   3.070e-01   3.748e-01  13  sdss  7158  82S  5 
   32  54417.352299  2  22.411  0.220  0.102  0.131   3.875e+00   7.971e-01   3.748e-01   4.801e-01  14  sdss  7158  82S  5 
   32  54417.353128  3  22.590  0.455  0.282  0.277   3.162e+00   1.372e+00   8.878e-01   8.712e-01  13  sdss  7158  82S  5 
   32  54417.354787  4  21.308  0.371  0.149  0.216   1.013e+01   3.802e+00   1.563e+00   2.272e+00  12  sdss  7158  82S  5 
   40  54417.353958  0  24.468  1.327  0.891  2.063   1.925e-01   1.638e+00   8.780e-01   2.032e+00  9  sdss  7158  82S  5 
   32  54418.353996  1  22.533  0.199  0.172  0.273   3.428e+00   6.355e-01   5.541e-01   8.787e-01  13  sdss  7161  82S  5 
   32  54418.350678  2  22.729  0.376  0.138  0.385   2.863e+00   1.004e+00   3.809e-01   1.062e+00  14  sdss  7161  82S  5 
   32  54418.351508  3  22.048  0.328  0.267  0.303   5.338e+00   1.615e+00   1.354e+00   1.536e+00  13  sdss  7161  82S  5 
   32  54418.353166  4  21.427  0.482  0.164  0.394   8.936e+00   4.444e+00   1.568e+00   3.763e+00  12  sdss  7161  82S  5 
   32  54418.352337  0  24.066  1.399  0.233  2.432   6.107e-01   1.839e+00   2.608e-01   2.725e+00  9  sdss  7161  82S  5 
   32  54422.358337  1  22.682  0.246  0.117  0.356   2.981e+00   6.811e-01   3.290e-01   1.001e+00  13  sdss  7173  82S  5 
   32  54422.355020  2  22.621  0.393  0.383  0.485   3.175e+00   1.149e+00   1.161e+00   1.472e+00  14  sdss  7173  82S  5 
   32  54422.355849  3  22.535  0.550  0.530  0.535   3.339e+00   1.702e+00   1.747e+00   1.763e+00  13  sdss  7173  82S  5 
   32  54422.357508  4  22.203  0.880  0.504  0.958   3.247e+00   5.248e+00   2.882e+00   5.481e+00  12  sdss  7173  82S  5 
   34  54422.356678  0  23.673  1.504  0.247  2.942   1.101e+00   2.196e+00   3.469e-01   4.128e+00  9  sdss  7173  82S  5 
   33  54424.294281  1  22.863  0.420  0.124  0.174   2.512e+00   9.619e-01   2.975e-01   4.176e-01  13  sdss  7183  82S  5 
   33  54424.290964  2  22.128  0.219  0.048  0.098   5.055e+00   1.022e+00   2.265e-01   4.645e-01  14  sdss  7183  82S  5 
   32  54424.291793  3  21.960  0.245  0.065  0.101   5.802e+00   1.324e+00   3.546e-01   5.509e-01  13  sdss  7183  82S  5 
   32  54424.293451  4  21.742  0.473  0.151  0.298   6.257e+00   3.500e+00   1.137e+00   2.249e+00  12  sdss  7183  82S  5 
    1  54424.292622  0  22.838  0.889  0.160  0.411   2.733e+00   2.079e+00   4.309e-01   1.108e+00  9  sdss  7183  82S  5 
