# SDSS CID:  13285 IAU:          RA: 333.940247 DEC:  -0.942367  (J2000)
# GALAXY_SB [ugriz] = [ 24.42 24.48 24.15 23.52 22.58 ] +/- [  0.37  0.13  0.12  0.09  0.12 ] (asinh mag/square arcsec)
# GALAXY_SB_FLUX [ugriz] = [  2.073E-01  3.980E-01  5.493E-01  1.098E+00  1.205E+00 ] +/- [  3.628E-01  9.342E-02  1.101E-01  1.407E-01  5.762E-01 ] (microJy per square arcsec)
#FLAG  MJD       FILT  MAG     MERR  MSKYERR MGALERR  FLUX       FLUXERR    SKYERR     GALERR    NPRE TELE   RUN  STRIP  IDCCD
    1  53989.242208  1  19.527  0.023  0.007  0.009   5.511e+01   1.152e+00   3.447e-01   4.635e-01  10  sdss  6314  82N  1 
    1  53989.238891  2  19.673  0.030  0.008  0.010   4.886e+01   1.361e+00   3.824e-01   4.374e-01  13  sdss  6314  82N  1 
    0  53989.239721  3  19.731  0.035  0.010  0.013   4.577e+01   1.492e+00   4.357e-01   5.453e-01  15  sdss  6314  82N  1 
    0  53989.241379  4  19.791  0.105  0.054  0.055   4.346e+01   4.201e+00   2.151e+00   2.227e+00  15  sdss  6314  82N  1 
    1  53989.240550  0  19.707  0.062  0.025  0.052   5.065e+01   2.748e+00   1.102e+00   2.302e+00  12  sdss  6314  82N  1 
    0  53995.231665  1  19.941  0.020  0.004  0.011   3.764e+01   6.710e-01   1.393e-01   3.656e-01  10  sdss  6360  82N  1 
    0  53995.228349  2  19.972  0.025  0.010  0.012   3.710e+01   8.541e-01   3.482e-01   4.256e-01  13  sdss  6360  82N  1 
    0  53995.229178  3  19.963  0.035  0.011  0.013   3.696e+01   1.205e+00   3.596e-01   4.566e-01  15  sdss  6360  82N  1 
    0  53995.230836  4  19.885  0.097  0.040  0.059   3.983e+01   3.572e+00   1.473e+00   2.168e+00  15  sdss  6360  82N  1 
    0  53995.230007  0  20.216  0.060  0.011  0.070   3.168e+01   1.674e+00   3.199e-01   1.952e+00  12  sdss  6360  82N  1 
  128  54000.217659  1  20.386  0.047  0.025  0.044   2.498e+01   1.076e+00   5.725e-01   1.005e+00  10  sdss  6383  82N  1 
    2  54000.214343  2  20.252  0.044  0.049  0.062   2.866e+01   1.175e+00   1.304e+00   1.642e+00  13  sdss  6383  82N  1 
    0  54000.215172  3  20.018  0.053  0.057  0.051   3.514e+01   1.717e+00   1.849e+00   1.661e+00  15  sdss  6383  82N  1 
    0  54000.216830  4  20.203  0.180  0.039  0.177   2.961e+01   4.911e+00   1.080e+00   4.893e+00  15  sdss  6383  82N  1 
    2  54000.216001  0  20.814  0.121  0.069  0.288   1.826e+01   1.942e+00   1.106e+00   4.645e+00  12  sdss  6383  82N  1 
    0  54007.193789  1  20.838  0.043  0.021  0.038   1.647e+01   6.474e-01   3.217e-01   5.683e-01  10  sdss  6412  82N  1 
    0  54007.190472  2  20.459  0.044  0.024  0.027   2.369e+01   9.566e-01   5.158e-01   5.795e-01  13  sdss  6412  82N  1 
    0  54007.191302  3  20.279  0.052  0.024  0.028   2.763e+01   1.329e+00   6.228e-01   7.085e-01  15  sdss  6412  82N  1 
    0  54007.192960  4  20.815  0.250  0.128  0.183   1.657e+01   3.924e+00   2.047e+00   2.914e+00  15  sdss  6412  82N  1 
    8  54007.192131  0  21.736  0.260  0.199  0.498   7.777e+00   1.769e+00   1.379e+00   3.449e+00  12  sdss  6412  82N  1 
    1  54009.190739  1  21.157  0.067  0.031  0.036   1.228e+01   7.492e-01   3.514e-01   4.048e-01  10  sdss  6421  82N  1 
    0  54009.187422  2  20.541  0.050  0.018  0.020   2.196e+01   1.010e+00   3.554e-01   4.036e-01  13  sdss  6421  82N  1 
    0  54009.188252  3  20.436  0.056  0.016  0.019   2.390e+01   1.226e+00   3.458e-01   4.255e-01  15  sdss  6421  82N  1 
    0  54009.189910  4  20.324  0.154  0.021  0.094   2.644e+01   3.793e+00   5.274e-01   2.329e+00  15  sdss  6421  82N  1 
    1  54009.189081  0  22.018  0.325  0.097  0.342   5.977e+00   1.693e+00   5.215e-01   1.829e+00  12  sdss  6421  82N  1 
    1  54011.255167  1  21.305  0.114  0.027  0.032   1.071e+01   1.105e+00   2.608e-01   3.119e-01  10  sdss  6430  82N  1 
    1  54011.251851  2  20.654  0.064  0.019  0.014   1.979e+01   1.160e+00   3.459e-01   2.566e-01  13  sdss  6430  82N  1 
    1  54011.252680  3  20.530  0.067  0.014  0.015   2.191e+01   1.354e+00   2.848e-01   2.952e-01  15  sdss  6430  82N  1 
    0  54011.254338  4  20.392  0.167  0.013  0.069   2.480e+01   3.864e+00   2.974e-01   1.597e+00  15  sdss  6430  82N  1 
   33  54011.253509  0  22.860  1.227  0.165  0.718   2.675e+00   2.536e+00   4.208e-01   1.828e+00  12  sdss  6430  82N  1 
    1  54019.205229  1  21.966  0.146  0.037  0.076   5.812e+00   7.727e-01   1.971e-01   4.042e-01  10  sdss  6441  82N  1 
    0  54019.201913  2  21.035  0.068  0.023  0.028   1.392e+01   8.729e-01   3.010e-01   3.581e-01  13  sdss  6441  82N  1 
    0  54019.202742  3  20.714  0.069  0.019  0.023   1.849e+01   1.182e+00   3.186e-01   3.859e-01  15  sdss  6441  82N  1 
    0  54019.204400  4  20.798  0.213  0.095  0.122   1.684e+01   3.410e+00   1.533e+00   1.980e+00  15  sdss  6441  82N  1 
   33  54019.203571  0  24.043  1.417  0.697  1.587   6.365e-01   1.872e+00   7.799e-01   1.777e+00  12  sdss  6441  82N  1 
    0  54025.253249  1  22.332  0.154  0.112  0.180   4.137e+00   5.845e-01   4.283e-01   6.874e-01  10  sdss  6461  82N  1 
    0  54025.249932  2  21.189  0.107  0.070  0.083   1.208e+01   1.188e+00   7.778e-01   9.325e-01  13  sdss  6461  82N  1 
    0  54025.250761  3  20.943  0.108  0.074  0.071   1.496e+01   1.487e+00   1.029e+00   9.888e-01  15  sdss  6461  82N  1 
    0  54025.252420  4  21.400  0.490  0.346  0.359   9.197e+00   4.595e+00   3.366e+00   3.495e+00  15  sdss  6461  82N  1 
   32  54025.251591  0  22.040  0.409  0.359  0.929   5.856e+00   2.056e+00   1.885e+00   4.877e+00  12  sdss  6461  82N  1 
    0  54029.183426  1  22.641  0.184  0.113  0.164   3.097e+00   5.253e-01   3.249e-01   4.737e-01  10  sdss  6474  82N  1 
    0  54029.180109  2  21.579  0.113  0.033  0.051   8.424e+00   8.816e-01   2.602e-01   3.997e-01  13  sdss  6474  82N  1 
    0  54029.180938  3  21.154  0.110  0.048  0.044   1.231e+01   1.249e+00   5.436e-01   5.054e-01  15  sdss  6474  82N  1 
    0  54029.182596  4  21.727  0.536  0.189  0.277   6.375e+00   3.979e+00   1.436e+00   2.108e+00  15  sdss  6474  82N  1 
   32  54029.181767  0  24.069  1.239  0.244  2.311   6.074e-01   1.553e+00   2.695e-01   2.558e+00  12  sdss  6474  82N  1 
    0  54031.170335  1  22.769  0.212  0.090  0.219   2.745e+00   5.369e-01   2.319e-01   5.617e-01  10  sdss  6484  82N  1 
    0  54031.167018  2  21.684  0.126  0.057  0.071   7.643e+00   8.916e-01   4.034e-01   5.013e-01  13  sdss  6484  82N  1 
    0  54031.167848  3  21.369  0.142  0.079  0.079   1.009e+01   1.323e+00   7.378e-01   7.418e-01  15  sdss  6484  82N  1 
    0  54031.169506  4  21.108  0.343  0.104  0.225   1.242e+01   4.150e+00   1.289e+00   2.787e+00  15  sdss  6484  82N  1 
   32  54031.168677  0  22.695  0.639  0.153  1.038   3.144e+00   1.721e+00   4.497e-01   3.045e+00  12  sdss  6484  82N  1 
    0  54036.174703  1  22.622  0.205  0.156  0.237   3.153e+00   5.944e-01   4.582e-01   6.947e-01  10  sdss  6504  82N  1 
    0  54036.171386  2  21.954  0.202  0.087  0.124   5.948e+00   1.106e+00   4.836e-01   6.852e-01  13  sdss  6504  82N  1 
    0  54036.172215  3  21.410  0.157  0.118  0.089   9.710e+00   1.407e+00   1.063e+00   8.071e-01  15  sdss  6504  82N  1 
    0  54036.173874  4  21.331  0.470  0.310  0.337   9.891e+00   4.655e+00   3.188e+00   3.472e+00  15  sdss  6504  82N  1 
    0  54036.173045  0  26.629  0.656  0.184  1.615  -3.121e+00   1.748e+00   5.354e-01   4.708e+00  12  sdss  6504  82N  1 
    1  54039.172350  1  22.205  0.369  0.095  0.182   4.656e+00   1.521e+00   4.084e-01   7.773e-01  10  sdss  6513  82N  1 
    1  54039.169033  2  21.976  0.272  0.094  0.116   5.827e+00   1.451e+00   5.093e-01   6.315e-01  13  sdss  6513  82N  1 
    1  54039.169862  3  21.857  0.287  0.113  0.115   6.397e+00   1.692e+00   6.814e-01   6.901e-01  15  sdss  6513  82N  1 
    0  54039.171520  4  21.070  0.397  0.182  0.259   1.290e+01   4.916e+00   2.333e+00   3.317e+00  15  sdss  6513  82N  1 
  161  54039.170691  0  23.676  1.947  0.890  2.595   1.097e+00   3.230e+00   1.218e+00   3.550e+00  12  sdss  6513  82N  1 
    1  54048.166098  1  23.404  0.572  0.177  0.249   1.485e+00   7.912e-01   2.611e-01   3.675e-01  10  sdss  6533  82N  1 
    0  54048.162781  2  22.192  0.216  0.057  0.092   4.759e+00   9.517e-01   2.554e-01   4.087e-01  13  sdss  6533  82N  1 
   32  54048.163610  3  24.083  1.094  0.354  0.388   3.346e-01   1.547e+00   4.336e-01   4.746e-01  15  sdss  6533  82N  1 
    0  54048.165269  4  21.755  0.487  0.193  0.243   6.163e+00   3.562e+00   1.442e+00   1.811e+00  15  sdss  6533  82N  1 
    1  54048.164440  0  26.232  1.061  0.342  1.087  -2.102e+00   1.929e+00   7.146e-01   2.272e+00  12  sdss  6533  82N  1 
 1156  54051.158132  1  27.549  1.789  1.020  0.240  -2.964e+00   3.154e+00   2.816e+00   6.634e-01  10  sdss  6548  82N  1 
 1165  54051.154816  2  24.968  3.680 26.291  0.850  -1.329e-01   1.285e+01   2.125e+01   6.872e-01  13  sdss  6548  82N  1 
 1156  54051.155645  3  20.909  0.928  0.708  0.045   1.544e+01   1.079e+01   1.012e+01   6.428e-01  15  sdss  6548  82N  1 
 1028  54051.157303  4  20.531  2.315  0.666  0.201   2.174e+01   3.045e+01   1.367e+01   4.115e+00  15  sdss  6548  82N  1 
 1156  54051.156474  0  21.087  1.036  0.580  0.277   1.419e+01   1.013e+01   7.266e+00   3.468e+00  12  sdss  6548  82N  1 
   32  54052.169987  1  24.789  0.902  0.999  1.450   1.969e-01   6.089e-01   6.144e-01   8.925e-01  10  sdss  6552  82N  1 
    0  54052.166670  2  22.447  0.264  0.120  0.197   3.744e+00   9.204e-01   4.236e-01   6.991e-01  13  sdss  6552  82N  1 
    0  54052.167499  3  22.258  0.365  0.242  0.215   4.370e+00   1.486e+00   1.015e+00   9.024e-01  15  sdss  6552  82N  1 
   40  54052.169158  4  22.746  0.927  1.618  0.775   4.215e-01   5.101e+00   7.914e+00   3.791e+00  15  sdss  6552  82N  1 
    0  54052.168328  0  26.486  0.700  0.118  1.319  -2.714e+00   1.643e+00   3.047e-01   3.402e+00  12  sdss  6552  82N  1 
    2  54054.185172  2  22.212  0.441  0.779  0.749   4.671e+00   1.837e+00   3.415e+00   3.280e+00  13  sdss  6559  82N  1 
   34  54054.186002  3  22.536  0.967  1.492  1.215   3.335e+00   2.710e+00   4.918e+00   4.003e+00  15  sdss  6559  82N  1 
    2  54054.187660  4  20.822  0.635  1.035  0.885   1.646e+01   9.224e+00   1.640e+01   1.404e+01  15  sdss  6559  82N  1 
    0  54055.165694  1  22.841  0.231  0.156  0.237   2.564e+00   5.484e-01   3.740e-01   5.710e-01  10  sdss  6564  82N  1 
    0  54055.162378  2  22.855  0.354  0.189  0.220   2.534e+00   8.497e-01   4.655e-01   5.429e-01  13  sdss  6564  82N  1 
    0  54055.163207  3  21.941  0.236  0.098  0.103   5.911e+00   1.295e+00   5.457e-01   5.750e-01  15  sdss  6564  82N  1 
    0  54055.164865  4  22.196  0.744  0.470  0.503   3.286e+00   4.376e+00   2.691e+00   2.882e+00  15  sdss  6564  82N  1 
    8  54055.164036  0  25.120  1.364  1.498  3.576  -4.529e-01   1.738e+00   1.569e+00   3.747e+00  12  sdss  6564  82N  1 
   32  54058.164181  1  24.483  0.892  0.995  1.420   3.958e-01   6.432e-01   6.869e-01   9.804e-01  10  sdss  6577  82N  1 
    0  54058.160864  2  22.893  0.494  0.193  0.339   2.441e+00   1.117e+00   4.612e-01   8.105e-01  13  sdss  6577  82N  1 
    0  54058.161693  3  21.914  0.283  0.225  0.208   6.064e+00   1.585e+00   1.289e+00   1.188e+00  15  sdss  6577  82N  1 
    0  54058.163351  4  23.499  0.889  0.785  0.872  -3.455e+00   5.364e+00   4.562e+00   5.073e+00  15  sdss  6577  82N  1 
    8  54058.162522  0  25.964  1.093  0.993  2.448  -1.580e+00   1.699e+00   1.683e+00   4.152e+00  12  sdss  6577  82N  1 
    0  54060.185650  1  23.541  0.432  0.235  0.407   1.292e+00   5.491e-01   3.082e-01   5.353e-01  10  sdss  6584  82N  1 
    0  54060.182333  2  22.662  0.277  0.117  0.131   3.052e+00   7.946e-01   3.424e-01   3.831e-01  13  sdss  6584  82N  1 
    0  54060.183162  3  22.753  0.493  0.167  0.199   2.683e+00   1.293e+00   4.575e-01   5.448e-01  15  sdss  6584  82N  1 
    0  54060.184821  4  22.066  0.697  0.244  0.404   4.060e+00   4.300e+00   1.494e+00   2.479e+00  15  sdss  6584  82N  1 
   32  54060.183992  0  24.249  1.473  0.551  2.804   4.140e-01   1.937e+00   5.707e-01   2.903e+00  12  sdss  6584  82N  1 
   34  54063.153946  1  24.640  1.026  1.664  2.161   2.905e-01   7.293e-01   1.074e+00   1.395e+00  10  sdss  6600  82N  1 
    2  54063.150630  2  22.082  0.285  0.299  0.403   5.279e+00   1.376e+00   1.472e+00   1.986e+00  13  sdss  6600  82N  1 
  128  54063.151459  3  22.236  0.455  0.400  0.395   4.463e+00   1.856e+00   1.715e+00   1.692e+00  15  sdss  6600  82N  1 
    0  54063.153117  4  22.956  1.016  1.136  0.981  -6.045e-01   5.725e+00   5.578e+00   4.816e+00  15  sdss  6600  82N  1 
   34  54063.152288  0  23.601  1.510  0.845  4.799   1.206e+00   2.229e+00   1.215e+00   6.897e+00  12  sdss  6600  82N  1 
