# SDSS CID:   7670 IAU:          RA:  44.001286 DEC:  -1.257152  (J2000)
# GALAXY_SB [ugriz] = [ 23.96 23.13 22.29 22.13 21.61 ] +/- [  0.31  0.05  0.03  0.03  0.07 ] (asinh mag/square arcsec)
# GALAXY_SB_FLUX [ugriz] = [  6.966E-01  1.935E+00  4.332E+00  4.958E+00  7.292E+00 ] +/- [  3.649E-01  9.396E-02  1.061E-01  1.435E-01  5.664E-01 ] (microJy per square arcsec)
#FLAG  MJD       FILT  MAG     MERR  MSKYERR MGALERR  FLUX       FLUXERR    SKYERR     GALERR    NPRE TELE   RUN  STRIP  IDCCD
    0  53622.448034  1  22.380  0.138  0.013  0.099   3.955e+00   5.030e-01   4.617e-02   3.613e-01  11  sdss  5582  82S  1 
    0  53622.444716  2  21.955  0.133  0.035  0.059   5.942e+00   7.316e-01   1.911e-01   3.277e-01  15  sdss  5582  82S  1 
   32  53622.445546  3  22.121  0.241  0.100  0.089   4.983e+00   1.128e+00   4.718e-01   4.238e-01  15  sdss  5582  82S  1 
    0  53622.447204  4  21.695  0.438  0.185  0.231   6.620e+00   3.343e+00   1.437e+00   1.798e+00  14  sdss  5582  82S  1 
    0  53622.446375  0  22.374  0.355  0.022  0.413   4.279e+00   1.351e+00   8.708e-02   1.622e+00  9  sdss  5582  82S  1 
   32  53627.405751  1  22.756  0.208  0.067  0.189   2.779e+00   5.356e-01   1.754e-01   4.922e-01  11  sdss  5607  82S  1 
    0  53627.402433  2  22.221  0.181  0.064  0.106   4.635e+00   7.763e-01   2.786e-01   4.572e-01  15  sdss  5607  82S  1 
   32  53627.403263  3  22.069  0.244  0.128  0.127   5.235e+00   1.195e+00   6.335e-01   6.307e-01  15  sdss  5607  82S  1 
   32  53627.404922  4  22.237  0.612  0.536  0.470   3.055e+00   3.506e+00   3.012e+00   2.643e+00  14  sdss  5607  82S  1 
   32  53627.404092  0  24.177  1.152  0.122  2.026   4.892e-01   1.389e+00   1.298e-01   2.152e+00  9  sdss  5607  82S  1 
   33  53634.398348  1  23.008  0.786  0.113  0.249   2.186e+00   1.433e+00   2.359e-01   5.188e-01  11  sdss  5619  82S  1 
    1  53634.395030  2  21.967  0.258  0.065  0.079   5.876e+00   1.380e+00   3.556e-01   4.284e-01  15  sdss  5619  82S  1 
   33  53634.395860  3  22.826  0.659  0.155  0.197   2.490e+00   1.583e+00   4.007e-01   5.092e-01  15  sdss  5619  82S  1 
   32  53634.397519  4  22.003  0.652  0.362  0.357   4.452e+00   4.130e+00   2.303e+00   2.271e+00  14  sdss  5619  82S  1 
   33  53634.396689  0  22.639  1.335  0.169  0.723   3.318e+00   3.162e+00   5.252e-01   2.245e+00  9  sdss  5619  82S  1 
    1  53638.439975  1  22.495  0.204  0.029  0.132   3.552e+00   6.660e-01   9.486e-02   4.355e-01  11  sdss  5637  82S  1 
    0  53638.436658  2  22.348  0.227  0.017  0.101   4.114e+00   8.655e-01   6.640e-02   3.893e-01  15  sdss  5637  82S  1 
   32  53638.437487  3  22.366  0.337  0.106  0.133   3.939e+00   1.253e+00   4.046e-01   5.088e-01  15  sdss  5637  82S  1 
   32  53638.439146  4  22.199  0.690  0.268  0.400   3.271e+00   4.037e+00   1.536e+00   2.291e+00  14  sdss  5637  82S  1 
    1  53638.438316  0  25.016  1.378  0.161  2.149  -3.458e-01   1.746e+00   1.635e-01   2.185e+00  9  sdss  5637  82S  1 
   32  53640.404066  1  22.788  0.249  0.039  0.207   2.695e+00   6.208e-01   9.859e-02   5.239e-01  11  sdss  5646  82S  1 
   32  53640.400749  2  22.371  0.231  0.058  0.141   4.026e+00   8.601e-01   2.180e-01   5.336e-01  15  sdss  5646  82S  1 
   32  53640.401578  3  22.129  0.275  0.063  0.147   4.945e+00   1.269e+00   2.951e-01   6.917e-01  15  sdss  5646  82S  1 
   32  53640.403237  4  21.981  0.613  0.036  0.431   4.594e+00   3.922e+00   2.346e-01   2.777e+00  14  sdss  5646  82S  1 
   32  53640.402408  0  22.665  0.606  0.043  0.832   3.236e+00   1.701e+00   1.301e-01   2.526e+00  9  sdss  5646  82S  1 
    0  53643.446719  1  22.065  0.134  0.045  0.190   5.301e+00   6.479e-01   2.169e-01   9.247e-01  11  sdss  5666  82S  1 
   32  53643.443402  2  22.192  0.202  0.093  0.164   4.762e+00   8.865e-01   4.138e-01   7.307e-01  15  sdss  5666  82S  1 
   32  53643.444231  3  22.342  0.360  0.134  0.253   4.032e+00   1.360e+00   5.203e-01   9.877e-01  15  sdss  5666  82S  1 
   32  53643.445890  4  21.423  0.481  0.359  0.402   8.980e+00   4.438e+00   3.435e+00   3.845e+00  14  sdss  5666  82S  1 
   32  53643.445061  0  22.557  0.597  0.089  1.233   3.592e+00   1.839e+00   2.984e-01   4.118e+00  9  sdss  5666  82S  1 
   32  53646.466072  1  22.745  0.245  0.100  0.186   2.807e+00   6.337e-01   2.627e-01   4.885e-01  11  sdss  5681  82S  1 
   12  53646.462755  2  21.937  0.204  0.173  0.076   6.043e+00   1.131e+00   9.668e-01   4.238e-01  15  sdss  5681  82S  1 
    8  53646.463584  3  21.747  0.224  0.181  0.091   7.090e+00   1.466e+00   1.204e+00   6.033e-01  15  sdss  5681  82S  1 
    0  53646.465243  4  23.149  0.884  0.521  0.551  -1.561e+00   4.915e+00   2.649e+00   2.800e+00  14  sdss  5681  82S  1 
    0  53646.464414  0  22.256  0.479  0.057  0.699   4.780e+00   1.974e+00   2.503e-01   3.052e+00  9  sdss  5681  82S  1 
   35  53657.284948  1  22.328  0.667  0.239  0.500   4.151e+00   2.290e+00   9.160e-01   1.918e+00  11  sdss  5730  82S  1 
  163  53657.281631  2  23.492  1.801  1.556  1.598   1.319e+00   2.513e+00   2.259e+00   2.319e+00  15  sdss  5730  82S  1 
 1187  53657.282460  3  21.368  0.383  0.339  0.408   1.009e+01   3.451e+00   3.173e+00   3.825e+00  15  sdss  5730  82S  1 
    2  53657.284119  4  22.877  1.385  1.759  2.271  -2.162e-01   8.740e+00   8.587e+00   1.108e+01  14  sdss  5730  82S  1 
   11  53657.283290  0  25.438  2.677  4.109  8.607  -8.125e-01   6.196e+00   4.967e+00   1.041e+01  9  sdss  5730  82S  1 
    1  53663.467001  1  22.385  0.492  0.080  0.149   3.936e+00   1.682e+00   2.923e-01   5.427e-01  11  sdss  5745  82S  1 
 1153  53663.463684  2  21.466  0.182  0.035  0.046   9.352e+00   1.552e+00   3.052e-01   3.951e-01  15  sdss  5745  82S  1 
    1  53663.464513  3  21.693  0.249  0.062  0.086   7.457e+00   1.705e+00   4.321e-01   5.965e-01  15  sdss  5745  82S  1 
    0  53663.466172  4  21.605  0.568  0.238  0.269   7.348e+00   4.548e+00   1.977e+00   2.233e+00  14  sdss  5745  82S  1 
    1  53663.465342  0  22.095  1.196  0.092  0.522   5.562e+00   4.529e+00   4.617e-01   2.631e+00  9  sdss  5745  82S  1 
 1049  53664.402158  1  22.232  0.320  1.162  0.109   4.539e+00   1.303e+00   4.862e+00   4.567e-01  11  sdss  5754  82S  1 
    9  53664.398841  2  22.162  0.300  0.294  0.088   4.898e+00   1.339e+00   1.343e+00   4.012e-01  15  sdss  5754  82S  1 
 1049  53664.399670  3  21.871  0.328  2.445  0.085   6.310e+00   1.892e+00   1.449e+01   5.058e-01  15  sdss  5754  82S  1 
   32  53664.401328  4  22.660  0.962  1.256  0.503   8.466e-01   5.365e+00   6.204e+00   2.483e+00  14  sdss  5754  82S  1 
    9  53664.400499  0  21.609  0.433  0.172  0.289   8.752e+00   3.235e+00   1.349e+00   2.271e+00  9  sdss  5754  82S  1 
    1  53665.466933  1  22.541  0.356  0.104  0.139   3.402e+00   1.089e+00   3.299e-01   4.397e-01  11  sdss  5760  82S  1 
    1  53665.463616  2  21.973  0.227  0.080  0.076   5.843e+00   1.214e+00   4.344e-01   4.123e-01  15  sdss  5760  82S  1 
   33  53665.464445  3  22.096  0.328  0.102  0.105   5.102e+00   1.545e+00   4.953e-01   5.083e-01  15  sdss  5760  82S  1 
    1  53665.466104  4  20.834  0.331  0.119  0.129   1.626e+01   5.053e+00   1.867e+00   2.022e+00  14  sdss  5760  82S  1 
    1  53665.465275  0  26.314  1.706  0.078  1.068  -2.284e+00   3.156e+00   1.750e-01   2.405e+00  9  sdss  5760  82S  1 
   33  53668.455651  1  22.575  0.328  0.050  0.329   3.295e+00   9.780e-01   1.539e-01   1.008e+00  11  sdss  5771  82S  1 
   32  53668.452334  2  22.269  0.310  0.046  0.237   4.431e+00   1.253e+00   1.888e-01   9.844e-01  15  sdss  5771  82S  1 
    0  53668.453163  3  21.435  0.192  0.079  0.132   9.483e+00   1.677e+00   6.928e-01   1.167e+00  15  sdss  5771  82S  1 
   32  53668.454821  4  21.646  0.734  0.408  0.566   7.010e+00   5.634e+00   3.293e+00   4.566e+00  14  sdss  5771  82S  1 
  131  53668.453992  0  21.490  0.358  0.040  0.580   9.773e+00   3.024e+00   3.486e-01   5.076e+00  9  sdss  5771  82S  1 
    8  53669.361737  1  22.245  0.174  0.118  0.197   4.484e+00   7.151e-01   4.869e-01   8.135e-01  11  sdss  5776  82S  1 
    0  53669.358420  2  21.765  0.143  0.081  0.103   7.089e+00   9.327e-01   5.291e-01   6.777e-01  15  sdss  5776  82S  1 
   32  53669.359249  3  22.053  0.277  0.072  0.190   5.315e+00   1.370e+00   3.607e-01   9.590e-01  15  sdss  5776  82S  1 
  160  53669.360908  4  21.554  0.491  0.243  0.418   7.782e+00   4.110e+00   2.101e+00   3.611e+00  14  sdss  5776  82S  1 
   40  53669.360079  0  24.319  1.386  1.246  3.263   3.420e-01   1.761e+00   1.265e+00   3.314e+00  9  sdss  5776  82S  1 
    0  53670.461681  1  22.511  0.241  0.033  0.206   3.499e+00   7.707e-01   1.084e-01   6.687e-01  11  sdss  5782  82S  1 
    0  53670.458364  2  21.963  0.190  0.096  0.111   5.898e+00   1.028e+00   5.241e-01   6.071e-01  15  sdss  5782  82S  1 
    0  53670.459193  3  21.886  0.251  0.075  0.130   6.222e+00   1.442e+00   4.375e-01   7.595e-01  15  sdss  5782  82S  1 
    0  53670.460851  4  21.206  0.432  0.201  0.277   1.126e+01   4.755e+00   2.297e+00   3.161e+00  14  sdss  5782  82S  1 
    0  53670.460022  0  22.269  0.605  0.064  0.761   4.722e+00   2.389e+00   2.777e-01   3.283e+00  9  sdss  5782  82S  1 
    0  53671.446456  1  22.407  0.191  0.021  0.129   3.856e+00   6.735e-01   7.636e-02   4.612e-01  11  sdss  5786  82S  1 
    0  53671.443139  2  22.115  0.192  0.056  0.075   5.119e+00   9.061e-01   2.672e-01   3.563e-01  15  sdss  5786  82S  1 
    0  53671.443968  3  21.716  0.188  0.041  0.061   7.298e+00   1.269e+00   2.781e-01   4.176e-01  15  sdss  5786  82S  1 
    0  53671.445627  4  21.247  0.395  0.173  0.185   1.080e+01   4.230e+00   1.907e+00   2.035e+00  14  sdss  5786  82S  1 
   32  53671.444797  0  23.529  1.333  0.244  1.502   1.313e+00   1.958e+00   3.712e-01   2.280e+00  9  sdss  5786  82S  1 
    0  53674.345817  1  22.386  0.167  0.035  0.222   3.932e+00   6.025e-01   1.286e-01   8.070e-01  11  sdss  5797  82S  1 
   32  53674.342500  2  21.980  0.184  0.133  0.166   5.805e+00   9.838e-01   7.164e-01   8.951e-01  15  sdss  5797  82S  1 
   32  53674.343329  3  22.009  0.277  0.141  0.195   5.541e+00   1.420e+00   7.364e-01   1.022e+00  15  sdss  5797  82S  1 
   32  53674.344987  4  21.341  0.486  0.349  0.411   9.794e+00   4.764e+00   3.567e+00   4.193e+00  14  sdss  5797  82S  1 
   32  53674.344158  0  22.822  0.740  0.063  1.440   2.777e+00   1.769e+00   1.666e-01   3.823e+00  9  sdss  5797  82S  1 
   32  53676.435247  1  22.855  0.290  0.046  0.266   2.530e+00   6.764e-01   1.103e-01   6.347e-01  11  sdss  5807  82S  1 
    0  53676.431930  2  22.029  0.193  0.078  0.086   5.546e+00   9.832e-01   4.030e-01   4.416e-01  15  sdss  5807  82S  1 
    0  53676.432759  3  21.957  0.242  0.051  0.089   5.820e+00   1.308e+00   2.774e-01   4.879e-01  15  sdss  5807  82S  1 
    0  53676.434418  4  21.547  0.486  0.046  0.212   7.844e+00   4.088e+00   4.025e-01   1.843e+00  14  sdss  5807  82S  1 
    0  53676.433588  0  22.278  0.444  0.091  0.511   4.682e+00   1.807e+00   3.892e-01   2.186e+00  9  sdss  5807  82S  1 
    0  53679.407068  1  22.163  0.141  0.048  0.179   4.840e+00   6.264e-01   2.129e-01   7.971e-01  11  sdss  5820  82S  1 
   32  53679.403751  2  22.080  0.206  0.088  0.139   5.288e+00   1.001e+00   4.341e-01   6.838e-01  15  sdss  5820  82S  1 
   32  53679.404580  3  22.327  0.385  0.173  0.206   4.091e+00   1.468e+00   6.825e-01   8.127e-01  15  sdss  5820  82S  1 
    0  53679.406239  4  21.116  0.425  0.278  0.279   1.232e+01   5.035e+00   3.418e+00   3.432e+00  14  sdss  5820  82S  1 
    0  53679.405410  0  22.436  0.497  0.061  0.855   4.034e+00   1.741e+00   2.266e-01   3.180e+00  9  sdss  5820  82S  1 
    0  53681.398526  1  22.356  0.156  0.033  0.119   4.044e+00   5.800e-01   1.229e-01   4.450e-01  11  sdss  5836  82S  1 
    0  53681.395209  2  22.115  0.195  0.063  0.075   5.119e+00   9.219e-01   2.993e-01   3.561e-01  15  sdss  5836  82S  1 
    8  53681.396039  3  21.860  0.210  0.153  0.081   6.376e+00   1.242e+00   9.157e-01   4.863e-01  15  sdss  5836  82S  1 
    0  53681.397697  4  21.629  0.483  0.109  0.286   7.149e+00   3.838e+00   8.862e-01   2.333e+00  14  sdss  5836  82S  1 
   32  53681.396868  0  23.300  1.068  0.126  1.253   1.701e+00   1.733e+00   2.262e-01   2.252e+00  9  sdss  5836  82S  1 
 1036  53684.360126  1  21.738  0.288  0.215  0.110   7.176e+00   1.852e+00   1.413e+00   7.237e-01  11  sdss  5847  82S  1 
    4  53684.356809  2  21.608  0.245  0.148  0.073   8.201e+00   1.822e+00   1.124e+00   5.516e-01  15  sdss  5847  82S  1 
    4  53684.357638  3  24.690  1.568  1.576  0.592  -3.947e-01   2.598e+00   1.952e+00   7.337e-01  15  sdss  5847  82S  1 
    4  53684.359297  4  20.434  0.641  0.448  0.140   2.383e+01   1.299e+01   1.001e+01   3.135e+00  14  sdss  5847  82S  1 
   36  53684.358468  0  23.878  2.162  0.994  2.707   8.319e-01   3.861e+00   1.212e+00   3.300e+00  9  sdss  5847  82S  1 
   41  53687.301370  1  23.396  1.958  1.360  0.876   1.496e+00   2.353e+00   2.023e+00   1.303e+00  11  sdss  5871  82S  1 
   33  53687.298053  2  22.053  0.412  0.438  0.204   5.424e+00   1.988e+00   2.209e+00   1.027e+00  15  sdss  5871  82S  1 
   33  53687.298882  3  22.407  0.719  0.393  0.453   3.785e+00   2.378e+00   1.447e+00   1.669e+00  15  sdss  5871  82S  1 
    0  53687.300540  4  20.584  0.394  0.504  0.413   2.067e+01   7.410e+00   9.853e+00   8.079e+00  14  sdss  5871  82S  1 
 1163  53687.299711  0  22.230  2.435  0.952  1.692   4.899e+00   6.740e+00   4.249e+00   7.557e+00  9  sdss  5871  82S  1 
    1  53696.364161  1  22.327  0.232  0.025  0.138   4.154e+00   8.792e-01   9.657e-02   5.305e-01  11  sdss  5889  82S  1 
    0  53696.360844  2  21.648  0.142  0.039  0.067   7.902e+00   1.033e+00   2.819e-01   4.903e-01  15  sdss  5889  82S  1 
    0  53696.361673  3  21.696  0.204  0.070  0.091   7.436e+00   1.401e+00   4.893e-01   6.346e-01  15  sdss  5889  82S  1 
   32  53696.363332  4  21.745  0.609  0.380  0.369   6.236e+00   4.443e+00   2.852e+00   2.775e+00  14  sdss  5889  82S  1 
    1  53696.362502  0  22.027  0.493  0.073  0.497   5.929e+00   2.485e+00   3.900e-01   2.668e+00  9  sdss  5889  82S  1 
    1  53697.355232  1  22.440  0.229  0.102  0.155   3.739e+00   7.812e-01   3.527e-01   5.357e-01  11  sdss  5895  82S  1 
    0  53697.351915  2  21.964  0.174  0.012  0.085   5.892e+00   9.432e-01   6.643e-02   4.644e-01  15  sdss  5895  82S  1 
    0  53697.352745  3  21.855  0.222  0.070  0.093   6.406e+00   1.317e+00   4.193e-01   5.611e-01  15  sdss  5895  82S  1 
   32  53697.354403  4  21.808  0.585  0.315  0.338   5.770e+00   4.113e+00   2.263e+00   2.430e+00  14  sdss  5895  82S  1 
    9  53697.353574  0  22.317  0.560  0.262  0.623   4.517e+00   2.148e+00   1.082e+00   2.575e+00  9  sdss  5895  82S  1 
   32  53700.354440  1  22.598  0.202  0.018  0.242   3.225e+00   5.995e-01   5.512e-02   7.255e-01  11  sdss  5905  82S  1 
    0  53700.351123  2  21.894  0.157  0.058  0.101   6.288e+00   9.090e-01   3.359e-01   5.879e-01  15  sdss  5905  82S  1 
   32  53700.351952  3  22.311  0.354  0.117  0.176   4.154e+00   1.376e+00   4.696e-01   7.044e-01  15  sdss  5905  82S  1 
   32  53700.353611  4  21.531  0.566  0.307  0.349   7.983e+00   4.776e+00   2.696e+00   3.064e+00  14  sdss  5905  82S  1 
   32  53700.352782  0  23.047  0.897  0.054  1.489   2.217e+00   1.747e+00   1.186e-01   3.272e+00  9  sdss  5905  82S  1 
    0  53705.340681  1  21.952  0.128  0.051  0.188   5.886e+00   6.911e-01   2.750e-01   1.014e+00  11  sdss  5924  82S  1 
   32  53705.337364  2  22.187  0.227  0.067  0.205   4.786e+00   1.002e+00   2.989e-01   9.172e-01  15  sdss  5924  82S  1 
   32  53705.338193  3  22.132  0.329  0.271  0.244   4.931e+00   1.503e+00   1.270e+00   1.147e+00  15  sdss  5924  82S  1 
   32  53705.339851  4  21.399  0.540  0.348  0.429   9.212e+00   5.030e+00   3.396e+00   4.185e+00  14  sdss  5924  82S  1 
    0  53705.339022  0  22.007  0.380  0.134  0.815   6.041e+00   1.997e+00   7.348e-01   4.454e+00  9  sdss  5924  82S  1 
