# SDSS CID:  13537 IAU:          RA:  25.507441 DEC:   0.616043  (J2000)
# GALAXY_SB [ugriz] = [ 23.24 23.30 23.18 22.72 22.07 ] +/- [  0.15  0.06  0.06  0.05  0.09 ] (asinh mag/square arcsec)
# GALAXY_SB_FLUX [ugriz] = [  1.754E+00  1.647E+00  1.832E+00  2.774E+00  4.004E+00 ] +/- [  2.916E-01  9.498E-02  1.058E-01  1.544E-01  5.509E-01 ] (microJy per square arcsec)
#FLAG  MJD       FILT  MAG     MERR  MSKYERR MGALERR  FLUX       FLUXERR    SKYERR     GALERR    NPRE TELE   RUN  STRIP  IDCCD
   32  53975.373508  1  23.801  0.473  0.105  0.419   9.799e-01   4.939e-01   1.133e-01   4.521e-01  12  sdss  6287  82S  5 
    0  53975.370190  2  22.848  0.300  0.086  0.173   2.551e+00   7.312e-01   2.142e-01   4.312e-01  13  sdss  6287  82S  5 
   32  53975.371019  3  23.028  0.586  0.208  0.307   2.009e+00   1.229e+00   4.568e-01   6.754e-01  12  sdss  6287  82S  5 
    0  53975.372678  4  22.893  0.691  0.298  0.527  -2.925e-01   3.606e+00   1.453e+00   2.575e+00  12  sdss  6287  82S  5 
   40  53975.371849  0  22.970  0.656  0.424  0.750   2.397e+00   1.457e+00   1.018e+00   1.803e+00  9  sdss  6287  82S  5 
   33  53990.387041  1  22.674  0.562  0.174  0.276   3.001e+00   1.469e+00   4.933e-01   7.814e-01  12  sdss  6330  82S  5 
    1  53990.383724  2  22.649  0.415  0.156  0.162   3.091e+00   1.181e+00   4.626e-01   4.798e-01  13  sdss  6330  82S  5 
   33  53990.384553  3  22.498  0.486  0.164  0.206   3.464e+00   1.572e+00   5.582e-01   6.999e-01  12  sdss  6330  82S  5 
    0  53990.386212  4  23.487  0.797  0.398  0.608  -3.390e+00   4.749e+00   2.309e+00   3.523e+00  12  sdss  6330  82S  5 
 1153  53990.385383  0  21.861  0.532  0.027  0.337   6.923e+00   3.180e+00   1.751e-01   2.171e+00  9  sdss  6330  82S  5 
    0  53994.397646  1  22.593  0.192  0.073  0.179   3.239e+00   5.800e-01   2.214e-01   5.452e-01  12  sdss  6355  82S  5 
    0  53994.394329  2  22.628  0.293  0.032  0.246   3.154e+00   8.677e-01   9.596e-02   7.450e-01  13  sdss  6355  82S  5 
   32  53994.395158  3  23.412  0.800  0.282  0.506   1.274e+00   1.308e+00   4.707e-01   8.439e-01  12  sdss  6355  82S  5 
   32  53994.396816  4  21.840  0.557  0.364  0.400   5.548e+00   3.865e+00   2.574e+00   2.826e+00  12  sdss  6355  82S  5 
   32  53994.395987  0  22.886  0.694  0.065  0.783   2.606e+00   1.633e+00   1.683e-01   2.022e+00  9  sdss  6355  82S  5 
    0  53996.381540  1  22.615  0.184  0.053  0.224   3.173e+00   5.437e-01   1.586e-01   6.689e-01  12  sdss  6367  82S  5 
   32  53996.378223  2  22.859  0.342  0.178  0.300   2.524e+00   8.219e-01   4.402e-01   7.398e-01  13  sdss  6367  82S  5 
   32  53996.379052  3  23.702  0.935  0.153  0.785   8.311e-01   1.377e+00   2.158e-01   1.108e+00  12  sdss  6367  82S  5 
  160  53996.380711  4  22.381  0.771  0.434  0.812   2.269e+00   4.312e+00   2.306e+00   4.310e+00  12  sdss  6367  82S  5 
    0  53996.379881  0  24.725  1.334  0.133  2.743  -5.766e-02   1.644e+00   1.292e-01   2.661e+00  9  sdss  6367  82S  5 
    0  54005.395135  1  22.405  0.135  0.033  0.080   3.862e+00   4.833e-01   1.203e-01   2.898e-01  12  sdss  6404  82S  5 
    0  54005.391818  2  22.568  0.226  0.031  0.111   3.339e+00   7.109e-01   9.798e-02   3.539e-01  13  sdss  6404  82S  5 
   32  54005.392647  3  22.761  0.437  0.117  0.178   2.662e+00   1.149e+00   3.199e-01   4.862e-01  12  sdss  6404  82S  5 
   32  54005.394306  4  22.280  0.562  0.069  0.275   2.813e+00   3.165e+00   3.807e-01   1.517e+00  12  sdss  6404  82S  5 
   40  54005.393476  0  22.864  0.556  0.167  0.430   2.664e+00   1.373e+00   4.384e-01   1.133e+00  9  sdss  6404  82S  5 
    0  54008.341415  1  22.331  0.137  0.031  0.121   4.138e+00   5.276e-01   1.212e-01   4.676e-01  12  sdss  6417  82S  5 
    0  54008.338098  2  22.532  0.236  0.075  0.154   3.455e+00   7.652e-01   2.462e-01   5.065e-01  13  sdss  6417  82S  5 
   32  54008.338927  3  22.871  0.520  0.187  0.264   2.375e+00   1.238e+00   4.653e-01   6.576e-01  12  sdss  6417  82S  5 
   32  54008.340586  4  22.230  0.645  0.213  0.413   3.093e+00   3.719e+00   1.206e+00   2.337e+00  12  sdss  6417  82S  5 
  168  54008.339756  0  22.289  0.366  0.168  0.504   4.636e+00   1.543e+00   7.315e-01   2.203e+00  9  sdss  6417  82S  5 
    0  54010.335858  1  22.496  0.154  0.064  0.122   3.547e+00   5.095e-01   2.133e-01   4.039e-01  12  sdss  6425  82S  5 
    0  54010.332541  2  22.856  0.293  0.106  0.140   2.532e+00   7.111e-01   2.614e-01   3.454e-01  13  sdss  6425  82S  5 
   32  54010.333370  3  22.721  0.423  0.090  0.195   2.773e+00   1.151e+00   2.530e-01   5.499e-01  12  sdss  6425  82S  5 
    0  54010.335029  4  21.795  0.507  0.097  0.287   5.870e+00   3.626e+00   7.099e-01   2.092e+00  12  sdss  6425  82S  5 
   40  54010.334199  0  22.523  0.399  0.145  0.365   3.711e+00   1.361e+00   5.124e-01   1.295e+00  9  sdss  6425  82S  5 
    9  54012.329046  1  22.771  0.505  0.450  0.181   2.739e+00   1.230e+00   1.167e+00   4.684e-01  12  sdss  6433  82S  5 
    1  54012.325729  2  22.639  0.410  0.286  0.131   3.121e+00   1.179e+00   8.566e-01   3.920e-01  13  sdss  6433  82S  5 
   33  54012.326558  3  23.116  0.825  0.306  0.274   1.822e+00   1.588e+00   6.289e-01   5.637e-01  12  sdss  6433  82S  5 
    0  54012.328217  4  23.440  0.802  0.494  0.426  -3.116e+00   4.704e+00   2.797e+00   2.412e+00  12  sdss  6433  82S  5 
    5  54012.327388  0  22.335  0.742  0.098  0.235   4.438e+00   2.741e+00   4.118e-01   9.829e-01  9  sdss  6433  82S  5 
  169  54020.334810  1  22.732  0.403  0.564  0.287   2.841e+00   1.037e+00   1.514e+00   7.703e-01  12  sdss  6447  82S  5 
    0  54020.331493  2  22.010  0.194  0.099  0.118   5.642e+00   1.014e+00   5.226e-01   6.223e-01  13  sdss  6447  82S  5 
   40  54020.332322  3  22.417  0.419  0.527  0.211   3.748e+00   1.470e+00   1.925e+00   7.703e-01  12  sdss  6447  82S  5 
    0  54020.333981  4  23.337  0.882  0.787  0.662  -2.547e+00   5.086e+00   4.261e+00   3.583e+00  12  sdss  6447  82S  5 
  129  54020.333152  0  24.812  1.796  1.022  2.641  -1.426e-01   2.652e+00   9.990e-01   2.582e+00  9  sdss  6447  82S  5 
   34  54024.416486  1  22.691  0.336  0.084  0.544   2.954e+00   9.100e-01   2.337e-01   1.514e+00  12  sdss  6458  82S  5 
   34  54024.413170  2  23.016  0.619  0.130  0.709   2.163e+00   1.235e+00   2.796e-01   1.527e+00  13  sdss  6458  82S  5 
   32  54024.414000  3  22.261  0.456  0.261  0.464   4.359e+00   1.820e+00   1.092e+00   1.942e+00  12  sdss  6458  82S  5 
    0  54024.415656  4  23.315  1.045  0.892  1.473  -2.429e+00   6.192e+00   4.787e+00   7.905e+00  12  sdss  6458  82S  5 
    0  54028.405024  1  22.518  0.186  0.109  0.195   3.475e+00   5.994e-01   3.540e-01   6.355e-01  12  sdss  6471  82S  5 
    0  54028.401707  2  22.374  0.277  0.086  0.217   4.012e+00   1.031e+00   3.253e-01   8.218e-01  13  sdss  6471  82S  5 
   32  54028.402536  3  22.805  0.680  0.144  0.449   2.544e+00   1.655e+00   3.793e-01   1.179e+00  12  sdss  6471  82S  5 
    0  54028.404195  4  21.605  0.594  0.237  0.354   7.349e+00   4.768e+00   1.980e+00   2.959e+00  12  sdss  6471  82S  5 
   32  54028.403366  0  22.896  0.953  0.144  0.976   2.581e+00   2.095e+00   3.687e-01   2.500e+00  9  sdss  6471  82S  5 
    8  54030.328647  1  22.333  0.129  0.050  0.085   4.130e+00   4.950e-01   1.944e-01   3.264e-01  12  sdss  6479  82S  5 
    0  54030.325329  2  22.727  0.281  0.027  0.131   2.868e+00   7.638e-01   7.583e-02   3.617e-01  13  sdss  6479  82S  5 
   32  54030.326159  3  22.526  0.382  0.058  0.153   3.370e+00   1.230e+00   1.932e-01   5.101e-01  12  sdss  6479  82S  5 
   32  54030.327817  4  22.478  0.680  0.177  0.358   1.763e+00   3.671e+00   9.088e-01   1.840e+00  12  sdss  6479  82S  5 
    8  54030.326988  0  22.242  0.325  0.106  0.268   4.846e+00   1.442e+00   4.831e-01   1.218e+00  9  sdss  6479  82S  5 
  168  54035.404303  1  22.279  0.189  0.208  0.296   4.343e+00   7.570e-01   8.421e-01   1.197e+00  12  sdss  6501  82S  5 
    2  54035.400987  2  22.053  0.267  0.219  0.286   5.420e+00   1.330e+00   1.110e+00   1.453e+00  13  sdss  6501  82S  5 
   32  54035.401816  3  22.322  0.516  0.543  0.430   4.110e+00   1.925e+00   2.153e+00   1.709e+00  12  sdss  6501  82S  5 
    0  54035.403474  4  23.867  0.968  1.184  0.967  -5.842e+00   6.800e+00   8.612e+00   7.034e+00  12  sdss  6501  82S  5 
    8  54037.309815  1  22.588  0.160  0.087  0.126   3.254e+00   4.866e-01   2.673e-01   3.846e-01  12  sdss  6508  82S  5 
    0  54037.306498  2  22.325  0.195  0.080  0.114   4.201e+00   7.663e-01   3.184e-01   4.509e-01  13  sdss  6508  82S  5 
    0  54037.307328  3  22.243  0.286  0.064  0.139   4.435e+00   1.192e+00   2.717e-01   5.894e-01  12  sdss  6508  82S  5 
   32  54037.308986  4  22.054  0.513  0.130  0.293   4.129e+00   3.169e+00   8.032e-01   1.816e+00  12  sdss  6508  82S  5 
   32  54037.308157  0  22.469  0.403  0.042  0.383   3.908e+00   1.440e+00   1.560e-01   1.425e+00  9  sdss  6508  82S  5 
    1  54040.324086  1  22.667  0.388  0.137  0.166   3.021e+00   1.064e+00   3.910e-01   4.728e-01  12  sdss  6518  82S  5 
    1  54040.320769  2  22.623  0.418  0.149  0.178   3.169e+00   1.217e+00   4.522e-01   5.401e-01  13  sdss  6518  82S  5 
    1  54040.321599  3  22.178  0.356  0.072  0.141   4.720e+00   1.557e+00   3.233e-01   6.334e-01  12  sdss  6518  82S  5 
    0  54040.323257  4  21.519  0.484  0.147  0.234   8.090e+00   4.177e+00   1.313e+00   2.085e+00  12  sdss  6518  82S  5 
   33  54040.322428  0  22.655  0.855  0.229  0.542   3.268e+00   2.330e+00   7.224e-01   1.711e+00  9  sdss  6518  82S  5 
    3  54047.354541  1  25.924  2.574  4.080  3.673  -5.195e-01   3.429e+00   3.095e+00   2.788e+00  12  sdss  6530  82S  5 
   59  54047.351224  2  23.501  2.032 12.684  1.837   1.307e+00   3.022e+00   1.838e+01   2.661e+00  13  sdss  6530  82S  5 
   11  54047.352053  3  21.195  0.317  0.691  0.311   1.185e+01   3.393e+00   7.589e+00   3.419e+00  12  sdss  6530  82S  5 
    2  54047.353712  4  24.688  0.922  1.507  1.004  -1.415e+01   1.103e+01   2.102e+01   1.399e+01  12  sdss  6530  82S  5 
    1  54049.350045  1  22.219  0.325  0.039  0.236   4.593e+00   1.350e+00   1.667e-01   1.007e+00  12  sdss  6537  82S  5 
    1  54049.346728  2  21.983  0.256  0.205  0.184   5.785e+00   1.360e+00   1.109e+00   9.945e-01  13  sdss  6537  82S  5 
   32  54049.347557  3  22.528  0.584  0.256  0.384   3.363e+00   1.806e+00   8.493e-01   1.275e+00  12  sdss  6537  82S  5 
    0  54049.349216  4  23.122  0.924  0.639  0.825  -1.429e+00   5.167e+00   3.229e+00   4.168e+00  12  sdss  6537  82S  5 
    8  54053.314244  1  22.317  0.143  0.111  0.151   4.192e+00   5.564e-01   4.351e-01   5.919e-01  12  sdss  6555  82S  5 
    0  54053.310928  2  22.384  0.229  0.121  0.166   3.974e+00   8.511e-01   4.547e-01   6.248e-01  13  sdss  6555  82S  5 
    0  54053.311757  3  22.154  0.295  0.113  0.182   4.829e+00   1.330e+00   5.211e-01   8.372e-01  12  sdss  6555  82S  5 
   32  54053.313415  4  22.076  0.633  0.310  0.426   3.995e+00   3.886e+00   1.895e+00   2.605e+00  12  sdss  6555  82S  5 
   40  54053.312586  0  22.290  0.398  0.383  0.708   4.631e+00   1.667e+00   1.671e+00   3.090e+00  9  sdss  6555  82S  5 
    8  54056.315699  1  21.964  0.144  0.133  0.190   5.819e+00   7.717e-01   7.185e-01   1.025e+00  12  sdss  6568  82S  5 
  128  54056.312382  2  22.489  0.267  0.095  0.194   3.599e+00   8.986e-01   3.253e-01   6.639e-01  13  sdss  6568  82S  5 
   32  54056.313212  3  22.954  0.642  0.143  0.366   2.175e+00   1.409e+00   3.325e-01   8.533e-01  12  sdss  6568  82S  5 
    0  54056.314870  4  21.587  0.599  0.082  0.409   7.500e+00   4.862e+00   6.973e-01   3.462e+00  12  sdss  6568  82S  5 
   32  54056.314041  0  22.267  0.460  0.145  0.754   4.733e+00   1.944e+00   6.443e-01   3.358e+00  9  sdss  6568  82S  5 
   32  54059.309793  1  22.565  0.221  0.087  0.362   3.325e+00   6.802e-01   2.716e-01   1.129e+00  12  sdss  6580  82S  5 
    0  54059.306476  2  22.577  0.341  0.308  0.349   3.311e+00   1.047e+00   9.762e-01   1.105e+00  13  sdss  6580  82S  5 
   32  54059.307305  3  22.136  0.389  0.211  0.360   4.913e+00   1.755e+00   9.875e-01   1.685e+00  12  sdss  6580  82S  5 
    0  54059.308963  4  23.949  0.780  0.439  0.733  -6.454e+00   5.749e+00   3.382e+00   5.647e+00  12  sdss  6580  82S  5 
    2  54059.308134  0  25.115  1.538  0.347  3.529  -4.480e-01   2.080e+00   3.652e-01   3.715e+00  9  sdss  6580  82S  5 
   34  54061.321098  1  22.657  0.265  0.051  0.474   3.050e+00   7.475e-01   1.471e-01   1.362e+00  12  sdss  6592  82S  5 
   34  54061.317781  2  22.738  0.471  0.387  0.641   2.838e+00   1.227e+00   1.061e+00   1.758e+00  13  sdss  6592  82S  5 
    0  54061.318611  3  21.604  0.235  0.138  0.260   8.102e+00   1.748e+00   1.041e+00   1.962e+00  12  sdss  6592  82S  5 
   32  54061.320269  4  22.261  0.918  0.449  1.137   2.919e+00   5.423e+00   2.502e+00   6.333e+00  12  sdss  6592  82S  5 
   10  54061.319440  0  24.954  1.828  2.418  6.058  -2.824e-01   2.746e+00   2.425e+00   6.076e+00  9  sdss  6592  82S  5 
    8  54062.314898  1  22.245  0.128  0.070  0.099   4.483e+00   5.309e-01   2.939e-01   4.112e-01  12  sdss  6596  82S  5 
    0  54062.311581  2  22.589  0.259  0.013  0.122   3.273e+00   7.960e-01   4.149e-02   3.808e-01  13  sdss  6596  82S  5 
    0  54062.312410  3  22.353  0.348  0.127  0.123   3.989e+00   1.308e+00   4.907e-01   4.743e-01  12  sdss  6596  82S  5 
   32  54062.314069  4  22.017  0.637  0.198  0.261   4.361e+00   4.017e+00   1.254e+00   1.651e+00  12  sdss  6596  82S  5 
   40  54062.313240  0  22.784  0.612  0.303  0.507   2.883e+00   1.595e+00   8.554e-01   1.429e+00  9  sdss  6596  82S  5 
    1  54068.294724  1  22.344  0.313  0.167  0.204   4.089e+00   1.163e+00   6.372e-01   7.779e-01  12  sdss  6618  82S  5 
    1  54068.291407  2  22.473  0.381  0.133  0.226   3.654e+00   1.274e+00   4.615e-01   7.856e-01  13  sdss  6618  82S  5 
    0  54068.292236  3  21.932  0.301  0.125  0.168   5.959e+00   1.652e+00   7.035e-01   9.459e-01  12  sdss  6618  82S  5 
    0  54068.293894  4  21.443  0.523  0.344  0.367   8.786e+00   4.747e+00   3.255e+00   3.477e+00  12  sdss  6618  82S  5 
   33  54068.293065  0  22.484  0.844  0.295  0.971   3.853e+00   2.661e+00   1.083e+00   3.562e+00  9  sdss  6618  82S  5 
