# SDSS CID:   2791 IAU:          RA: 359.882324 DEC:   0.338322  (J2000)
# GALAXY_SB [ugriz] = [ 22.99 21.19 20.26 19.81 19.50 ] +/- [  0.00  0.00  0.00  0.00  0.00 ] (asinh mag/square arcsec)
# GALAXY_SB_FLUX [ugriz] = [  2.270E+00  1.191E+01  2.832E+01  4.236E+01  5.642E+01 ] +/- [  0.000E+00  0.000E+00  0.000E+00  0.000E+00  0.000E+00 ] (microJy per square arcsec)
#FLAG  MJD       FILT  MAG     MERR  MSKYERR MGALERR  FLUX       FLUXERR    SKYERR     GALERR    NPRE TELE   RUN  STRIP  IDCCD
 1284  53616.315148  1  26.947  1.974  0.289  0.000  -1.664e+00   2.486e+00   4.763e-01   0.000e+00  16  sdss  5566  82N  4 
  424  53616.311831  2  24.713  1.264  1.688  0.000   7.111e-02   1.256e+00   1.354e+00   0.000e+00  19  sdss  5566  82N  4 
 1412  53616.312660  3  26.943  0.617  0.439  0.000  -6.867e+00   3.613e+00   2.821e+00   0.000e+00  19  sdss  5566  82N  4 
 1444  53616.314318  4  19.881  1.117  0.585  0.000   3.997e+01   3.121e+01   2.145e+01   0.000e+00  21  sdss  5566  82N  4 
 1444  53616.313489  0  21.941  3.182  0.295  0.000   6.428e+00   1.167e+01   1.744e+00   0.000e+00  15  sdss  5566  82N  4 
  288  53623.305563  1  23.245  0.447  0.187  0.000   1.737e+00   7.313e-01   3.187e-01   0.000e+00  16  sdss  5590  82N  4 
  416  53623.302246  2  23.911  1.182  0.581  0.000   7.944e-01   1.306e+00   6.296e-01   0.000e+00  19  sdss  5590  82N  4 
  288  53623.303075  3  22.880  0.698  0.186  0.000   2.352e+00   1.599e+00   4.596e-01   0.000e+00  19  sdss  5590  82N  4 
  288  53623.304734  4  21.164  0.512  0.292  0.000   1.174e+01   5.723e+00   3.431e+00   0.000e+00  21  sdss  5590  82N  4 
  260  53623.303904  0  26.555  0.975  0.175  0.000  -2.905e+00   2.312e+00   4.910e-01   0.000e+00  15  sdss  5590  82N  4 
  289  53626.291569  1  24.081  0.877  0.345  0.000   7.081e-01   7.448e-01   3.033e-01   0.000e+00  16  sdss  5603  82N  4 
  256  53626.288251  2  25.991  0.827  0.220  0.000  -1.151e+00   1.037e+00   2.929e-01   0.000e+00  19  sdss  5603  82N  4 
  288  53626.289081  3  22.454  0.432  0.128  0.000   3.614e+00   1.463e+00   4.511e-01   0.000e+00  19  sdss  5603  82N  4 
  256  53626.290739  4  23.116  0.790  0.375  0.000  -1.398e+00   4.289e+00   1.888e+00   0.000e+00  21  sdss  5603  82N  4 
  256  53626.289910  0  25.886  1.087  0.259  0.000  -1.448e+00   1.647e+00   4.230e-01   0.000e+00  15  sdss  5603  82N  4 
  289  53628.276579  1  23.754  1.356  0.340  0.000   1.031e+00   1.347e+00   3.804e-01   0.000e+00  16  sdss  5610  82N  4 
  257  53628.273262  2  26.735  0.752  0.163  0.000  -2.500e+00   1.637e+00   3.972e-01   0.000e+00  19  sdss  5610  82N  4 
  288  53628.274091  3  23.036  0.956  0.290  0.000   1.990e+00   1.904e+00   6.318e-01   0.000e+00  19  sdss  5610  82N  4 
  288  53628.275749  4  21.156  0.547  0.329  0.000   1.184e+01   6.117e+00   3.893e+00   0.000e+00  21  sdss  5610  82N  4 
  289  53628.274920  0  22.413  1.201  0.418  0.000   4.122e+00   3.549e+00   1.614e+00   0.000e+00  15  sdss  5610  82N  4 
  257  53635.284994  1  26.580  0.882  0.194  0.000  -1.146e+00   9.640e-01   2.353e-01   0.000e+00  16  sdss  5622  82N  4 
  289  53635.281677  2  24.564  1.321  0.483  0.000   1.914e-01   1.346e+00   3.950e-01   0.000e+00  19  sdss  5622  82N  4 
  288  53635.282506  3  22.560  0.643  0.195  0.000   3.257e+00   1.908e+00   6.271e-01   0.000e+00  19  sdss  5622  82N  4 
  288  53635.284164  4  21.738  0.624  0.288  0.000   6.292e+00   4.551e+00   2.169e+00   0.000e+00  21  sdss  5622  82N  4 
  257  53635.283335  0  25.826  1.747  0.421  0.000  -1.351e+00   2.805e+00   6.575e-01   0.000e+00  15  sdss  5622  82N  4 
  257  53637.278346  1  25.694  1.441  0.582  0.000  -3.555e-01   1.163e+00   3.925e-01   0.000e+00  16  sdss  5633  82N  4 
  288  53637.275030  2  22.412  0.444  0.157  0.000   3.873e+00   1.548e+00   5.750e-01   0.000e+00  19  sdss  5633  82N  4 
  256  53637.275859  3  26.246  0.680  0.345  0.000  -3.532e+00   2.142e+00   1.195e+00   0.000e+00  19  sdss  5633  82N  4 
  256  53637.277517  4  23.939  0.916  0.743  0.000  -6.377e+00   6.631e+00   5.628e+00   0.000e+00  21  sdss  5633  82N  4 
  289  53637.276688  0  23.526  1.919  0.442  0.000   1.318e+00   3.231e+00   6.804e-01   0.000e+00  15  sdss  5633  82N  4 
  288  53639.323671  1  23.634  0.634  0.209  0.000   1.172e+00   7.332e-01   2.581e-01   0.000e+00  16  sdss  5642  82N  4 
  288  53639.320354  2  22.346  0.284  0.030  0.000   4.122e+00   1.080e+00   1.171e-01   0.000e+00  19  sdss  5642  82N  4 
  288  53639.321183  3  22.516  0.439  0.078  0.000   3.401e+00   1.408e+00   2.614e-01   0.000e+00  19  sdss  5642  82N  4 
  288  53639.322842  4  21.846  0.653  0.358  0.000   5.507e+00   4.470e+00   2.502e+00   0.000e+00  21  sdss  5642  82N  4 
  288  53639.322013  0  24.444  1.365  0.614  0.000   2.157e-01   1.708e+00   6.067e-01   0.000e+00  15  sdss  5642  82N  4 
  256  53644.270515  1  26.022  0.886  0.405  0.000  -5.957e-01   7.065e-01   3.263e-01   0.000e+00  16  sdss  5670  82N  4 
  288  53644.267198  2  22.452  0.333  0.047  0.000   3.729e+00   1.144e+00   1.671e-01   0.000e+00  19  sdss  5670  82N  4 
  256  53644.268027  3  25.916  0.722  0.349  0.000  -2.536e+00   1.738e+00   9.135e-01   0.000e+00  19  sdss  5670  82N  4 
  256  53644.269686  4  22.863  0.936  0.219  0.000  -1.485e-01   5.154e+00   1.068e+00   0.000e+00  21  sdss  5670  82N  4 
  256  53644.268856  0  24.998  1.408  0.436  0.000  -3.272e-01   1.801e+00   4.422e-01   0.000e+00  15  sdss  5670  82N  4 
  256  53654.305011  1  25.407  0.973  0.341  0.000  -1.722e-01   6.647e-01   2.082e-01   0.000e+00  16  sdss  5709  82N  4 
  288  53654.301694  2  23.170  0.552  0.158  0.000   1.854e+00   9.849e-01   2.989e-01   0.000e+00  19  sdss  5709  82N  4 
  288  53654.302523  3  22.195  0.319  0.055  0.000   4.642e+00   1.380e+00   2.454e-01   0.000e+00  19  sdss  5709  82N  4 
  288  53654.304181  4  20.532  0.224  0.083  0.000   2.172e+01   4.508e+00   1.679e+00   0.000e+00  21  sdss  5709  82N  4 
  288  53654.303352  0  24.147  1.299  0.200  0.000   5.215e-01   1.638e+00   2.156e-01   0.000e+00  15  sdss  5709  82N  4 
  289  53656.252669  1  24.032  1.572  0.532  0.000   7.518e-01   1.451e+00   4.844e-01   0.000e+00  16  sdss  5719  82N  4 
  289  53656.249352  2  24.694  1.551  0.574  0.000   8.634e-02   1.707e+00   4.612e-01   0.000e+00  19  sdss  5719  82N  4 
  288  53656.250182  3  22.697  0.781  0.264  0.000   2.839e+00   2.018e+00   7.578e-01   0.000e+00  19  sdss  5719  82N  4 
  288  53656.251840  4  22.342  1.015  0.091  0.000   2.473e+00   5.976e+00   4.898e-01   0.000e+00  21  sdss  5719  82N  4 
  385  53656.251011  0  26.142  1.904  0.354  0.000  -1.915e+00   3.439e+00   7.037e-01   0.000e+00  15  sdss  5719  82N  4 
  289  53663.265560  1  23.352  0.693  0.046  0.000   1.563e+00   9.854e-01   7.178e-02   0.000e+00  16  sdss  5744  82N  4 
  289  53663.262243  2  22.613  0.351  0.079  0.000   3.200e+00   1.042e+00   2.425e-01   0.000e+00  19  sdss  5744  82N  4 
  288  53663.263073  3  21.632  0.183  0.028  0.000   7.891e+00   1.336e+00   2.054e-01   0.000e+00  19  sdss  5744  82N  4 
  288  53663.264731  4  22.110  0.676  0.046  0.000   3.789e+00   4.080e+00   2.731e-01   0.000e+00  21  sdss  5744  82N  4 
  289  53663.263902  0  22.824  1.112  0.231  0.000   2.772e+00   2.461e+00   6.225e-01   0.000e+00  15  sdss  5744  82N  4 
  258  53668.254786  1  26.309  1.023  0.248  0.000  -8.500e-01   9.365e-01   2.436e-01   0.000e+00  16  sdss  5770  82N  4 
  288  53668.251469  2  24.527  1.436  1.203  0.000   2.218e-01   1.525e+00   9.918e-01   0.000e+00  19  sdss  5770  82N  4 
  256  53668.252298  3  26.791  0.387  0.178  0.000  -5.953e+00   2.088e+00   9.992e-01   0.000e+00  19  sdss  5770  82N  4 
  256  53668.253957  4  23.462  1.194  0.199  0.000  -3.242e+00   7.521e+00   1.135e+00   0.000e+00  21  sdss  5770  82N  4 
  298  53668.253127  0  23.025  1.315  0.769  0.000   2.267e+00   2.465e+00   1.747e+00   0.000e+00  15  sdss  5770  82N  4 
  256  53670.259730  1  26.251  0.739  0.273  0.000  -7.945e-01   6.652e-01   2.573e-01   0.000e+00  16  sdss  5781  82N  4 
  288  53670.256413  2  23.614  0.864  0.054  0.000   1.150e+00   1.081e+00   7.109e-02   0.000e+00  19  sdss  5781  82N  4 
  288  53670.257242  3  22.538  0.459  0.169  0.000   3.328e+00   1.441e+00   5.536e-01   0.000e+00  19  sdss  5781  82N  4 
  288  53670.258901  4  21.943  0.712  0.299  0.000   4.842e+00   4.636e+00   1.964e+00   0.000e+00  21  sdss  5781  82N  4 
  256  53670.258072  0  25.313  1.313  0.081  0.000  -6.653e-01   1.696e+00   9.272e-02   0.000e+00  15  sdss  5781  82N  4 
  288  53673.227244  1  23.904  0.710  0.173  0.000   8.735e-01   6.735e-01   1.727e-01   0.000e+00  16  sdss  5792  82N  4 
  416  53673.223927  2  23.390  0.862  0.130  0.000   1.475e+00   1.238e+00   2.055e-01   0.000e+00  19  sdss  5792  82N  4 
  288  53673.224756  3  22.195  0.345  0.068  0.000   4.642e+00   1.487e+00   3.020e-01   0.000e+00  19  sdss  5792  82N  4 
  256  53673.226415  4  24.395  0.445  0.032  0.000  -1.054e+01   4.615e+00   3.434e-01   0.000e+00  21  sdss  5792  82N  4 
  264  53673.225585  0  25.527  1.184  0.828  0.000  -9.255e-01   1.567e+00   1.060e+00   0.000e+00  15  sdss  5792  82N  4 
  288  53675.224316  1  23.395  0.494  0.201  0.000   1.497e+00   7.071e-01   3.025e-01   0.000e+00  16  sdss  5800  82N  4 
  288  53675.220999  2  23.454  0.918  0.382  0.000   1.375e+00   1.256e+00   5.732e-01   0.000e+00  19  sdss  5800  82N  4 
  288  53675.221828  3  21.967  0.330  0.126  0.000   5.764e+00   1.744e+00   6.846e-01   0.000e+00  19  sdss  5800  82N  4 
  288  53675.223486  4  22.625  0.988  0.485  0.000   1.017e+00   5.558e+00   2.406e+00   0.000e+00  21  sdss  5800  82N  4 
  296  53675.222657  0  23.852  1.295  1.106  0.000   8.643e-01   1.726e+00   1.378e+00   0.000e+00  15  sdss  5800  82N  4 
  256  53677.244932  1  26.826  0.420  0.033  0.000  -1.475e+00   6.010e-01   4.901e-02   0.000e+00  16  sdss  5813  82N  4 
  288  53677.241615  2  23.979  0.867  0.238  0.000   7.223e-01   9.058e-01   2.470e-01   0.000e+00  19  sdss  5813  82N  4 
  288  53677.242444  3  22.755  0.499  0.108  0.000   2.677e+00   1.303e+00   2.952e-01   0.000e+00  19  sdss  5813  82N  4 
  256  53677.244103  4  23.764  0.550  0.124  0.000  -5.119e+00   3.663e+00   8.372e-01   0.000e+00  21  sdss  5813  82N  4 
  264  53677.243274  0  25.478  1.094  0.474  0.000  -8.626e-01   1.408e+00   5.906e-01   0.000e+00  15  sdss  5813  82N  4 
  288  53680.231653  1  25.094  0.985  0.393  0.000   1.432e-02   6.625e-01   2.313e-01   0.000e+00  16  sdss  5823  82N  4 
  288  53680.228336  2  22.902  0.419  0.129  0.000   2.421e+00   9.548e-01   3.049e-01   0.000e+00  19  sdss  5823  82N  4 
  288  53680.229166  3  22.117  0.305  0.067  0.000   5.000e+00   1.416e+00   3.206e-01   0.000e+00  19  sdss  5823  82N  4 
  288  53680.230824  4  22.454  0.800  0.138  0.000   1.887e+00   4.423e+00   7.156e-01   0.000e+00  21  sdss  5823  82N  4 
  256  53680.229995  0  25.541  1.163  0.151  0.000  -9.425e-01   1.540e+00   1.944e-01   0.000e+00  15  sdss  5823  82N  4 
  289  53693.232461  1  23.970  1.331  0.134  0.000   8.093e-01   1.207e+00   1.278e-01   0.000e+00  16  sdss  5878  82N  4 
  289  53693.229145  2  23.220  0.813  0.138  0.000   1.762e+00   1.326e+00   2.499e-01   0.000e+00  19  sdss  5878  82N  4 
  288  53693.229974  3  23.017  0.787  0.129  0.000   2.032e+00   1.618e+00   2.857e-01   0.000e+00  19  sdss  5878  82N  4 
  288  53693.231632  4  22.396  0.861  0.093  0.000   2.189e+00   4.868e+00   4.891e-01   0.000e+00  21  sdss  5878  82N  4 
  289  53693.230803  0  24.184  2.032  0.308  0.000   4.824e-01   3.368e+00   3.279e-01   0.000e+00  15  sdss  5878  82N  4 
  420  53698.229423  1  23.123  0.629  0.399  0.000   1.956e+00   1.097e+00   7.590e-01   0.000e+00  16  sdss  5898  82N  4 
  388  53698.226106  2  26.302  1.280  0.634  0.000  -1.617e+00   1.850e+00   1.073e+00   0.000e+00  19  sdss  5898  82N  4 
  300  53698.226935  3  24.221  1.331  1.896  0.000   1.673e-01   2.006e+00   2.264e+00   0.000e+00  19  sdss  5898  82N  4 
  292  53698.228593  4  20.350  0.394  0.239  0.000   2.579e+01   9.083e+00   5.732e+00   0.000e+00  21  sdss  5898  82N  4 
 1444  53698.227764  0  23.446  1.298  0.203  0.000   1.446e+00   1.974e+00   3.307e-01   0.000e+00  15  sdss  5898  82N  4 
  288  53699.252830  1  24.076  0.865  0.324  0.000   7.125e-01   7.366e-01   2.856e-01   0.000e+00  16  sdss  5902  82N  4 
  264  53699.249513  2  25.246  1.203  1.533  0.000  -3.649e-01   1.206e+00   1.329e+00   0.000e+00  19  sdss  5902  82N  4 
  288  53699.250342  3  21.687  0.254  0.086  0.000   7.497e+00   1.747e+00   6.028e-01   0.000e+00  19  sdss  5902  82N  4 
  420  53699.252001  4  22.428  1.017  0.731  0.000   2.019e+00   5.900e+00   3.807e+00   0.000e+00  21  sdss  5902  82N  4 
  292  53699.251172  0  22.532  0.968  0.076  0.000   3.679e+00   2.789e+00   2.623e-01   0.000e+00  15  sdss  5902  82N  4 
  288  53704.214752  1  23.011  0.350  0.089  0.000   2.179e+00   7.119e-01   1.869e-01   0.000e+00  16  sdss  5918  82N  4 
  256  53704.211435  2  25.509  1.104  0.198  0.000  -6.057e-01   1.142e+00   1.925e-01   0.000e+00  19  sdss  5918  82N  4 
  288  53704.212264  3  22.176  0.375  0.117  0.000   4.727e+00   1.633e+00   5.275e-01   0.000e+00  19  sdss  5918  82N  4 
  288  53704.213923  4  20.834  0.347  0.159  0.000   1.626e+01   5.258e+00   2.477e+00   0.000e+00  21  sdss  5918  82N  4 
  256  53704.213093  0  26.775  0.588  0.073  0.000  -3.594e+00   1.848e+00   2.496e-01   0.000e+00  15  sdss  5918  82N  4 
