# SDSS CID:  14732 IAU:          RA:   4.135041 DEC:   0.239327  (J2000)
# GALAXY_SB [ugriz] = [ 23.44 21.86 21.80 21.84 21.75 ] +/- [  0.00  0.00  0.00  0.00  0.00 ] (asinh mag/square arcsec)
# GALAXY_SB_FLUX [ugriz] = [  1.398E+00  6.360E+00  6.888E+00  6.489E+00  6.147E+00 ] +/- [  0.000E+00  0.000E+00  0.000E+00  0.000E+00  0.000E+00 ] (microJy per square arcsec)
#FLAG  MJD       FILT  MAG     MERR  MSKYERR MGALERR  FLUX       FLUXERR    SKYERR     GALERR    NPRE TELE   RUN  STRIP  IDCCD
  288  53974.322275  1  22.244  0.138  0.059  0.000   4.491e+00   5.686e-01   2.448e-01   0.000e+00  16  sdss  6283  82N  4 
  288  53974.318958  2  22.391  0.216  0.057  0.000   3.950e+00   7.934e-01   2.136e-01   0.000e+00  19  sdss  6283  82N  4 
  256  53974.319787  3  21.844  0.197  0.048  0.000   6.470e+00   1.186e+00   2.922e-01   0.000e+00  17  sdss  6283  82N  4 
  256  53974.321446  4  21.212  0.331  0.140  0.000   1.119e+01   3.696e+00   1.594e+00   0.000e+00  20  sdss  6283  82N  4 
  264  53974.320617  0  25.051  1.187  0.688  0.000  -3.810e-01   1.424e+00   7.059e-01   0.000e+00  9  sdss  6283  82N  4 
  289  53989.325995  1  21.693  0.191  0.053  0.000   7.484e+00   1.301e+00   3.662e-01   0.000e+00  16  sdss  6314  82N  4 
  289  53989.322678  2  21.804  0.216  0.064  0.000   6.836e+00   1.350e+00   4.030e-01   0.000e+00  19  sdss  6314  82N  4 
  289  53989.323507  3  22.103  0.332  0.122  0.000   5.067e+00   1.552e+00   5.875e-01   0.000e+00  17  sdss  6314  82N  4 
  288  53989.325166  4  22.374  0.802  0.056  0.000   2.302e+00   4.512e+00   2.953e-01   0.000e+00  20  sdss  6314  82N  4 
  385  53989.324337  0  24.887  2.016  0.174  0.000  -2.159e-01   3.292e+00   1.723e-01   0.000e+00  9  sdss  6314  82N  4 
 1464  53997.422023  1  21.740  0.137  0.335  0.000   7.165e+00   8.939e-01   2.207e+00   0.000e+00  16  sdss  6373  82N  4 
 1464  53997.418706  2  21.437  0.147  0.739  0.000   9.605e+00   1.295e+00   6.560e+00   0.000e+00  19  sdss  6373  82N  4 
  440  53997.419535  3  22.097  0.289  0.834  0.000   5.096e+00   1.366e+00   4.025e+00   0.000e+00  17  sdss  6373  82N  4 
  440  53997.421194  4  22.177  0.734  3.183  0.000   3.394e+00   4.345e+00   1.844e+01   0.000e+00  20  sdss  6373  82N  4 
  264  53997.420365  0  24.824  1.522  2.525  0.000  -1.539e-01   2.011e+00   2.470e+00   0.000e+00  9  sdss  6373  82N  4 
  288  54000.301549  1  22.128  0.151  0.111  0.000   5.002e+00   6.943e-01   5.121e-01   0.000e+00  16  sdss  6383  82N  4 
  288  54000.298232  2  22.262  0.274  0.094  0.000   4.460e+00   1.123e+00   3.929e-01   0.000e+00  19  sdss  6383  82N  4 
  288  54000.299061  3  22.442  0.411  0.112  0.000   3.656e+00   1.412e+00   4.007e-01   0.000e+00  17  sdss  6383  82N  4 
  288  54000.300720  4  22.065  0.789  0.520  0.000   4.063e+00   4.897e+00   3.194e+00   0.000e+00  20  sdss  6383  82N  4 
  288  54000.299890  0  23.843  1.338  0.168  0.000   8.758e-01   1.799e+00   2.096e-01   0.000e+00  9  sdss  6383  82N  4 
 1464  54006.248588  1  21.765  0.148  0.436  0.000   7.001e+00   9.483e-01   2.803e+00   0.000e+00  16  sdss  6409  82N  4 
 1464  54006.245271  2  21.579  0.206  2.865  0.000   8.422e+00   1.589e+00   2.233e+01   0.000e+00  19  sdss  6409  82N  4 
 1468  54006.246100  3  21.539  0.363  1.871  0.000   8.605e+00   2.804e+00   1.497e+01   0.000e+00  17  sdss  6409  82N  4 
 1468  54006.247758  4  22.410  1.417  8.164  0.000   2.112e+00   9.233e+00   4.286e+01   0.000e+00  20  sdss  6409  82N  4 
  288  54007.351876  1  22.262  0.155  0.065  0.000   4.416e+00   6.268e-01   2.646e-01   0.000e+00  16  sdss  6414  82N  4 
  288  54007.348559  2  21.824  0.140  0.051  0.000   6.710e+00   8.648e-01   3.186e-01   0.000e+00  19  sdss  6414  82N  4 
  256  54007.349388  3  21.897  0.216  0.052  0.000   6.155e+00   1.236e+00   3.031e-01   0.000e+00  17  sdss  6414  82N  4 
  288  54007.351046  4  22.323  0.719  0.289  0.000   2.576e+00   4.052e+00   1.569e+00   0.000e+00  20  sdss  6414  82N  4 
  256  54007.350217  0  25.957  1.009  0.058  0.000  -1.568e+00   1.579e+00   9.832e-02   0.000e+00  9  sdss  6414  82N  4 
  288  54009.275466  1  21.975  0.133  0.041  0.000   5.764e+00   7.047e-01   2.181e-01   0.000e+00  16  sdss  6421  82N  4 
  288  54009.272149  2  22.009  0.175  0.052  0.000   5.650e+00   9.140e-01   2.739e-01   0.000e+00  19  sdss  6421  82N  4 
  288  54009.272978  3  21.666  0.184  0.097  0.000   7.644e+00   1.301e+00   6.921e-01   0.000e+00  17  sdss  6421  82N  4 
  256  54009.274637  4  23.178  0.801  0.169  0.000  -1.712e+00   4.404e+00   8.684e-01   0.000e+00  20  sdss  6421  82N  4 
  256  54009.273807  0  24.757  1.379  0.190  0.000  -8.847e-02   1.727e+00   1.843e-01   0.000e+00  9  sdss  6421  82N  4 
  289  54011.339986  1  22.136  0.200  0.078  0.000   4.965e+00   9.063e-01   3.566e-01   0.000e+00  16  sdss  6430  82N  4 
  289  54011.336669  2  21.610  0.146  0.033  0.000   8.184e+00   1.096e+00   2.474e-01   0.000e+00  19  sdss  6430  82N  4 
  256  54011.337498  3  21.829  0.227  0.060  0.000   6.562e+00   1.377e+00   3.678e-01   0.000e+00  17  sdss  6430  82N  4 
  288  54011.339156  4  22.728  0.738  0.076  0.000   5.129e-01   3.896e+00   3.742e-01   0.000e+00  20  sdss  6430  82N  4 
  257  54011.338327  0  26.011  1.205  0.214  0.000  -1.665e+00   1.925e+00   3.791e-01   0.000e+00  9  sdss  6430  82N  4 
  289  54019.289968  1  22.453  0.328  0.302  0.000   3.695e+00   1.095e+00   1.035e+00   0.000e+00  16  sdss  6441  82N  4 
  297  54019.286650  2  21.701  0.141  0.100  0.000   7.522e+00   9.802e-01   6.976e-01   0.000e+00  19  sdss  6441  82N  4 
  288  54019.287480  3  21.979  0.241  0.126  0.000   5.698e+00   1.276e+00   6.785e-01   0.000e+00  17  sdss  6441  82N  4 
  296  54019.289138  4  22.009  0.589  0.499  0.000   4.413e+00   3.721e+00   3.165e+00   0.000e+00  20  sdss  6441  82N  4 
  297  54019.288309  0  22.817  0.996  0.231  0.000   2.791e+00   2.249e+00   6.176e-01   0.000e+00  9  sdss  6441  82N  4 
 1465  54021.343983  1  21.829  0.131  0.441  0.000   6.599e+00   7.896e-01   2.674e+00   0.000e+00  16  sdss  6450  82N  4 
 1432  54021.340666  2  21.338  0.135  0.646  0.000   1.052e+01   1.310e+00   6.282e+00   0.000e+00  19  sdss  6450  82N  4 
  280  54021.341496  3  22.018  0.228  0.420  0.000   5.491e+00   1.167e+00   2.177e+00   0.000e+00  17  sdss  6450  82N  4 
  312  54021.343154  4  22.044  0.545  1.333  0.000   4.193e+00   3.385e+00   8.290e+00   0.000e+00  20  sdss  6450  82N  4 
  425  54021.342325  0  23.104  0.968  0.322  0.000   2.091e+00   1.793e+00   6.759e-01   0.000e+00  9  sdss  6450  82N  4 
  288  54025.338653  1  22.217  0.167  0.144  0.000   4.605e+00   7.049e-01   6.127e-01   0.000e+00  16  sdss  6461  82N  4 
  288  54025.335336  2  21.895  0.189  0.130  0.000   6.282e+00   1.091e+00   7.605e-01   0.000e+00  19  sdss  6461  82N  4 
  288  54025.336166  3  21.642  0.213  0.150  0.000   7.817e+00   1.533e+00   1.092e+00   0.000e+00  17  sdss  6461  82N  4 
  288  54025.337824  4  20.979  0.395  0.268  0.000   1.412e+01   5.301e+00   3.717e+00   0.000e+00  20  sdss  6461  82N  4 
  256  54025.336995  0  24.888  1.594  0.185  0.000  -2.169e-01   2.171e+00   1.823e-01   0.000e+00  9  sdss  6461  82N  4 
  288  54029.268977  1  22.281  0.176  0.115  0.000   4.339e+00   6.986e-01   4.610e-01   0.000e+00  16  sdss  6474  82N  4 
  288  54029.265660  2  22.055  0.245  0.101  0.000   5.413e+00   1.217e+00   5.093e-01   0.000e+00  19  sdss  6474  82N  4 
  288  54029.266489  3  21.802  0.282  0.184  0.000   6.730e+00   1.740e+00   1.159e+00   0.000e+00  17  sdss  6474  82N  4 
  416  54029.268148  4  21.536  0.737  0.295  0.000   7.939e+00   6.084e+00   2.590e+00   0.000e+00  20  sdss  6474  82N  4 
  384  54029.267319  0  25.677  1.386  0.111  0.000  -1.129e+00   1.974e+00   1.546e-01   0.000e+00  9  sdss  6474  82N  4 
  288  54031.255535  1  22.055  0.119  0.040  0.000   5.352e+00   5.831e-01   1.971e-01   0.000e+00  16  sdss  6484  82N  4 
  288  54031.252218  2  22.154  0.199  0.089  0.000   4.935e+00   9.090e-01   4.128e-01   0.000e+00  19  sdss  6484  82N  4 
  288  54031.253047  3  22.162  0.274  0.088  0.000   4.790e+00   1.225e+00   4.032e-01   0.000e+00  17  sdss  6484  82N  4 
  288  54031.254706  4  22.156  0.679  0.285  0.000   3.517e+00   4.036e+00   1.670e+00   0.000e+00  20  sdss  6484  82N  4 
  296  54031.253877  0  23.486  0.989  0.536  0.000   1.381e+00   1.460e+00   8.404e-01   0.000e+00  9  sdss  6484  82N  4 
  288  54036.260074  1  22.449  0.222  0.245  0.000   3.710e+00   7.560e-01   8.428e-01   0.000e+00  16  sdss  6504  82N  4 
  288  54036.256757  2  22.133  0.254  0.126  0.000   5.033e+00   1.175e+00   5.938e-01   0.000e+00  19  sdss  6504  82N  4 
  288  54036.257586  3  21.432  0.186  0.137  0.000   9.506e+00   1.626e+00   1.209e+00   0.000e+00  17  sdss  6504  82N  4 
  288  54036.259245  4  22.799  0.968  1.091  0.000   1.656e-01   5.377e+00   5.324e+00   0.000e+00  20  sdss  6504  82N  4 
  256  54036.258416  0  26.231  1.184  0.086  0.000  -2.100e+00   2.133e+00   1.820e-01   0.000e+00  9  sdss  6504  82N  4 
  289  54039.258241  1  22.146  0.203  0.046  0.000   4.919e+00   9.119e-01   2.093e-01   0.000e+00  16  sdss  6513  82N  4 
  289  54039.254924  2  22.071  0.220  0.074  0.000   5.333e+00   1.079e+00   3.654e-01   0.000e+00  19  sdss  6513  82N  4 
  288  54039.255753  3  21.875  0.232  0.088  0.000   6.285e+00   1.352e+00   5.218e-01   0.000e+00  17  sdss  6513  82N  4 
  288  54039.257412  4  21.878  0.598  0.165  0.000   5.279e+00   4.047e+00   1.138e+00   0.000e+00  20  sdss  6513  82N  4 
  289  54039.256582  0  24.042  1.558  0.264  0.000   6.379e-01   2.155e+00   2.961e-01   0.000e+00  9  sdss  6513  82N  4 
  289  54048.252240  1  21.855  0.176  0.058  0.000   6.443e+00   1.033e+00   3.438e-01   0.000e+00  16  sdss  6533  82N  4 
  289  54048.248923  2  21.724  0.151  0.048  0.000   7.364e+00   1.024e+00   3.257e-01   0.000e+00  19  sdss  6533  82N  4 
  288  54048.249753  3  21.886  0.227  0.107  0.000   6.219e+00   1.308e+00   6.246e-01   0.000e+00  17  sdss  6533  82N  4 
  256  54048.251411  4  23.167  0.689  0.066  0.000  -1.656e+00   3.707e+00   3.397e-01   0.000e+00  20  sdss  6533  82N  4 
  257  54048.250582  0  26.792  0.777  0.025  0.000  -3.653e+00   2.323e+00   8.558e-02   0.000e+00  9  sdss  6533  82N  4 
  290  54052.256222  1  22.209  0.213  0.149  0.000   4.639e+00   8.996e-01   6.386e-01   0.000e+00  16  sdss  6552  82N  4 
  288  54052.252906  2  21.866  0.360  0.399  0.000   6.454e+00   2.085e+00   2.392e+00   0.000e+00  19  sdss  6552  82N  4 
  290  54052.253735  3  23.375  1.288  3.048  0.000   1.336e+00   2.205e+00   5.203e+00   0.000e+00  17  sdss  6552  82N  4 
  290  54052.255393  4  22.618  1.447  3.375  0.000   1.056e+00   9.389e+00   1.678e+01   0.000e+00  20  sdss  6552  82N  4 
  258  54052.254564  0  25.142  1.890  0.435  0.000  -4.767e-01   2.938e+00   4.598e-01   0.000e+00  9  sdss  6552  82N  4 
  290  54054.274766  1  23.025  0.481  0.161  0.000   2.151e+00   9.365e-01   3.299e-01   0.000e+00  16  sdss  6559  82N  4 
  418  54054.271449  2  22.522  0.444  0.318  0.000   3.490e+00   1.401e+00   1.052e+00   0.000e+00  19  sdss  6559  82N  4 
  290  54054.272278  3  22.086  0.394  0.385  0.000   5.149e+00   1.848e+00   1.881e+00   0.000e+00  17  sdss  6559  82N  4 
  258  54054.273937  4  24.316  0.735  0.899  0.000  -9.700e+00   6.894e+00   9.138e+00   0.000e+00  20  sdss  6559  82N  4 
  290  54054.273108  0  22.570  1.175  0.170  0.000   3.547e+00   3.054e+00   5.617e-01   0.000e+00  9  sdss  6559  82N  4 
  288  54055.251992  1  22.670  0.228  0.081  0.000   3.015e+00   6.335e-01   2.283e-01   0.000e+00  16  sdss  6564  82N  4 
  288  54055.248675  2  22.065  0.184  0.090  0.000   5.363e+00   9.118e-01   4.522e-01   0.000e+00  19  sdss  6564  82N  4 
  288  54055.249505  3  22.152  0.281  0.143  0.000   4.836e+00   1.267e+00   6.568e-01   0.000e+00  17  sdss  6564  82N  4 
  256  54055.251163  4  24.021  0.528  0.134  0.000  -7.020e+00   4.149e+00   1.082e+00   0.000e+00  20  sdss  6564  82N  4 
  288  54055.250334  0  23.336  1.089  0.181  0.000   1.636e+00   1.733e+00   3.170e-01   0.000e+00  9  sdss  6564  82N  4 
  288  54058.250106  1  22.042  0.132  0.103  0.000   5.417e+00   6.551e-01   5.157e-01   0.000e+00  16  sdss  6577  82N  4 
  288  54058.246790  2  21.946  0.188  0.099  0.000   5.991e+00   1.037e+00   5.501e-01   0.000e+00  19  sdss  6577  82N  4 
  288  54058.247619  3  22.011  0.285  0.185  0.000   5.528e+00   1.455e+00   9.671e-01   0.000e+00  17  sdss  6577  82N  4 
  256  54058.249277  4  22.985  0.920  0.430  0.000  -7.448e-01   5.072e+00   2.120e+00   0.000e+00  20  sdss  6577  82N  4 
  384  54058.248448  0  26.409  0.846  0.080  0.000  -2.515e+00   1.829e+00   1.966e-01   0.000e+00  9  sdss  6577  82N  4 
  288  54060.272035  1  22.081  0.148  0.102  0.000   5.225e+00   7.093e-01   4.937e-01   0.000e+00  16  sdss  6584  82N  4 
  288  54060.268718  2  22.313  0.259  0.089  0.000   4.251e+00   1.017e+00   3.573e-01   0.000e+00  19  sdss  6584  82N  4 
  288  54060.269547  3  21.930  0.247  0.114  0.000   5.967e+00   1.365e+00   6.375e-01   0.000e+00  17  sdss  6584  82N  4 
  288  54060.271205  4  22.621  0.879  0.403  0.000   1.041e+00   4.821e+00   2.002e+00   0.000e+00  20  sdss  6584  82N  4 
  256  54060.270376  0  25.811  1.289  0.172  0.000  -1.328e+00   1.893e+00   2.640e-01   0.000e+00  9  sdss  6584  82N  4 
  288  54063.240374  1  22.621  0.217  0.135  0.000   3.157e+00   6.316e-01   3.985e-01   0.000e+00  16  sdss  6600  82N  4 
  288  54063.237057  2  22.065  0.194  0.063  0.000   5.363e+00   9.620e-01   3.154e-01   0.000e+00  19  sdss  6600  82N  4 
  288  54063.237886  3  22.082  0.298  0.121  0.000   5.169e+00   1.428e+00   5.935e-01   0.000e+00  17  sdss  6600  82N  4 
  256  54063.239545  4  23.462  0.850  0.359  0.000  -3.246e+00   5.051e+00   2.051e+00   0.000e+00  20  sdss  6600  82N  4 
  416  54063.238715  0  24.418  1.364  0.172  0.000   2.418e-01   1.708e+00   1.710e-01   0.000e+00  9  sdss  6600  82N  4 
