# SDSS CID:    938 IAU: 2006pt   RA:  36.737843 DEC:  -0.447515  (J2000)
# GALAXY_SB [ugriz] = [ 22.07 21.72 21.55 21.40 21.06 ] +/- [  0.08  0.02  0.01  0.01  0.04 ] (asinh mag/square arcsec)
# GALAXY_SB_FLUX [ugriz] = [  5.551E+00  7.261E+00  8.654E+00  9.815E+00  1.294E+01 ] +/- [  4.292E-01  1.120E-01  1.001E-01  1.068E-01  4.571E-01 ] (microJy per square arcsec)
#FLAG  MJD       FILT  MAG     MERR  MSKYERR MGALERR  FLUX       FLUXERR    SKYERR     GALERR    NPRE TELE   RUN  STRIP  IDCCD
   40  53616.415044  1  22.413  0.186  0.166  0.285   3.833e+00   6.607e-01   5.953e-01   1.021e+00  14  sdss  5566  82N  2 
   32  53616.411727  2  22.631  0.339  0.044  0.301   3.147e+00   9.849e-01   1.312e-01   8.998e-01  23  sdss  5566  82N  2 
   32  53616.412556  3  22.433  0.394  0.213  0.238   3.689e+00   1.358e+00   7.600e-01   8.498e-01  25  sdss  5566  82N  2 
   32  53616.414215  4  22.205  0.735  0.626  0.514   3.235e+00   4.289e+00   3.554e+00   2.917e+00  25  sdss  5566  82N  2 
   32  53616.413385  0  22.441  0.608  0.117  1.245   4.013e+00   2.122e+00   4.452e-01   4.736e+00  16  sdss  5566  82N  2 
 1182  53626.391945  1  21.084  0.314  1.741  0.134   1.313e+01   3.705e+00   2.113e+01   1.625e+00  14  sdss  5603  82N  2 
    8  53626.388628  2  25.071  1.130  1.606  1.519  -2.170e-01   1.087e+00   1.322e+00   1.250e+00  23  sdss  5603  82N  2 
  162  53626.389457  3  21.832  0.334  0.517  0.261   6.546e+00   1.979e+00   3.152e+00   1.594e+00  25  sdss  5603  82N  2 
 1190  53626.390286  0  21.958  0.738  0.257  1.992   6.324e+00   3.800e+00   1.509e+00   1.171e+01  16  sdss  5603  82N  2 
   33  53628.377054  1  22.421  0.331  0.172  0.254   3.804e+00   1.147e+00   6.119e-01   9.050e-01  14  sdss  5610  82N  2 
   33  53628.373737  2  24.030  1.116  0.182  0.619   6.699e-01   1.176e+00   1.835e-01   6.234e-01  23  sdss  5610  82N  2 
   32  53628.374566  3  22.835  0.628  0.266  0.272   2.467e+00   1.498e+00   6.785e-01   6.926e-01  25  sdss  5610  82N  2 
   32  53628.376225  4  21.938  0.682  0.311  0.369   4.877e+00   4.427e+00   2.038e+00   2.419e+00  25  sdss  5610  82N  2 
   33  53628.375395  0  22.854  1.496  0.410  1.429   2.690e+00   3.063e+00   1.086e+00   3.785e+00  16  sdss  5610  82N  2 
   33  53635.385838  1  22.415  0.319  0.072  0.114   3.826e+00   1.111e+00   2.569e-01   4.090e-01  14  sdss  5622  82N  2 
   33  53635.382521  2  22.382  0.306  0.058  0.074   3.982e+00   1.112e+00   2.150e-01   2.744e-01  23  sdss  5622  82N  2 
   33  53635.383350  3  22.414  0.360  0.078  0.076   3.759e+00   1.269e+00   2.831e-01   2.756e-01  25  sdss  5622  82N  2 
    0  53635.385009  4  21.329  0.343  0.024  0.124   9.916e+00   3.406e+00   2.463e-01   1.259e+00  25  sdss  5622  82N  2 
   33  53635.384180  0  23.550  1.729  0.425  1.244   1.281e+00   2.742e+00   6.462e-01   1.894e+00  16  sdss  5622  82N  2 
   32  53639.424735  1  22.339  0.177  0.017  0.149   4.106e+00   6.718e-01   6.645e-02   5.704e-01  14  sdss  5642  82N  2 
   32  53639.421418  2  22.994  0.395  0.016  0.181   2.212e+00   8.303e-01   3.558e-02   3.934e-01  23  sdss  5642  82N  2 
   32  53639.422247  3  22.706  0.411  0.130  0.133   2.815e+00   1.126e+00   3.686e-01   3.766e-01  25  sdss  5642  82N  2 
   32  53639.423906  4  22.157  0.592  0.369  0.314   3.511e+00   3.476e+00   2.141e+00   1.823e+00  25  sdss  5642  82N  2 
   32  53639.423077  0  22.920  0.901  0.030  1.097   2.520e+00   1.967e+00   7.551e-02   2.747e+00  16  sdss  5642  82N  2 
   32  53641.424003  1  22.810  0.248  0.021  0.226   2.639e+00   6.126e-01   5.178e-02   5.659e-01  14  sdss  5658  82N  2 
   32  53641.420685  2  22.747  0.314  0.041  0.168   2.815e+00   8.263e-01   1.114e-01   4.532e-01  23  sdss  5658  82N  2 
   32  53641.421515  3  22.265  0.306  0.115  0.155   4.341e+00   1.238e+00   4.778e-01   6.432e-01  25  sdss  5658  82N  2 
   32  53641.423173  4  22.236  0.615  0.429  0.339   3.061e+00   3.514e+00   2.400e+00   1.900e+00  25  sdss  5658  82N  2 
   40  53641.422344  0  22.239  0.490  0.182  0.655   4.859e+00   2.106e+00   8.295e-01   2.985e+00  16  sdss  5658  82N  2 
   32  53644.371860  1  22.508  0.173  0.029  0.162   3.507e+00   5.635e-01   9.426e-02   5.329e-01  14  sdss  5670  82N  2 
   32  53644.368542  2  22.898  0.319  0.024  0.124   2.430e+00   7.372e-01   5.646e-02   2.938e-01  23  sdss  5670  82N  2 
   32  53644.369371  3  22.531  0.322  0.030  0.084   3.350e+00   1.035e+00   9.932e-02   2.748e-01  25  sdss  5670  82N  2 
   32  53644.371030  4  21.700  0.454  0.262  0.273   6.584e+00   3.409e+00   2.006e+00   2.094e+00  25  sdss  5670  82N  2 
   32  53644.370201  0  22.401  0.493  0.024  0.569   4.169e+00   1.831e+00   9.606e-02   2.245e+00  16  sdss  5670  82N  2 
   33  53657.383383  1  22.354  0.412  0.229  0.338   4.050e+00   1.492e+00   8.662e-01   1.279e+00  14  sdss  5731  82N  2 
    1  53657.380065  2  25.041  1.536  1.096  1.394  -1.922e-01   1.688e+00   8.967e-01   1.141e+00  23  sdss  5731  82N  2 
   32  53657.380895  3  22.329  0.495  0.243  0.273   4.081e+00   1.830e+00   9.503e-01   1.070e+00  25  sdss  5731  82N  2 
   32  53657.382553  4  21.579  0.764  0.236  0.595   7.571e+00   6.026e+00   1.970e+00   4.975e+00  25  sdss  5731  82N  2 
   35  53657.381724  0  21.635  0.466  0.163  0.732   8.542e+00   3.471e+00   1.288e+00   5.774e+00  16  sdss  5731  82N  2 
   33  53663.367988  1  22.327  0.321  0.066  0.116   4.153e+00   1.211e+00   2.544e-01   4.499e-01  14  sdss  5744  82N  2 
   33  53663.364671  2  22.306  0.339  0.050  0.103   4.277e+00   1.313e+00   2.007e-01   4.096e-01  23  sdss  5744  82N  2 
   33  53663.365500  3  22.557  0.420  0.076  0.093   3.269e+00   1.301e+00   2.455e-01   3.002e-01  25  sdss  5744  82N  2 
   32  53663.367159  4  22.099  0.638  0.315  0.249   3.856e+00   3.845e+00   1.884e+00   1.491e+00  25  sdss  5744  82N  2 
   33  53663.366330  0  24.661  2.076  0.989  1.994   4.556e-03   3.483e+00   9.588e-01   1.932e+00  16  sdss  5744  82N  2 
   41  53666.438138  1  22.116  0.255  0.200  0.176   5.053e+00   1.177e+00   9.390e-01   8.295e-01  14  sdss  5765  82N  2 
   33  53666.434821  2  22.369  0.314  0.076  0.101   4.030e+00   1.156e+00   2.873e-01   3.808e-01  23  sdss  5765  82N  2 
   56  53666.435650  3  23.349  0.827  1.752  0.291   1.381e+00   1.392e+00   3.032e+00   5.037e-01  25  sdss  5765  82N  2 
   32  53666.437309  4  22.033  0.762  0.577  0.400   4.262e+00   4.749e+00   3.572e+00   2.476e+00  25  sdss  5765  82N  2 
   45  53666.436479  0  22.024  2.187  1.892  0.653   5.946e+00   6.900e+00   1.047e+01   3.616e+00  16  sdss  5765  82N  2 
  161  53668.357499  1  22.428  0.235  0.030  0.291   3.779e+00   8.211e-01   1.050e-01   1.032e+00  14  sdss  5770  82N  2 
   32  53668.354182  2  22.413  0.295  0.063  0.214   3.867e+00   1.047e+00   2.281e-01   7.743e-01  23  sdss  5770  82N  2 
   32  53668.355011  3  22.799  0.532  0.253  0.261   2.560e+00   1.327e+00   6.639e-01   6.856e-01  25  sdss  5770  82N  2 
    0  53668.356670  4  23.611  0.749  0.662  0.565  -4.130e+00   4.624e+00   4.054e+00   3.461e+00  25  sdss  5770  82N  2 
   41  53668.355841  0  21.915  0.411  0.348  0.764   6.583e+00   2.404e+00   2.128e+00   4.672e+00  16  sdss  5770  82N  2 
   33  53669.445149  1  22.275  0.229  0.062  0.205   4.359e+00   9.170e-01   2.506e-01   8.337e-01  14  sdss  5777  82N  2 
   32  53669.441832  2  22.802  0.477  0.126  0.267   2.669e+00   1.163e+00   3.234e-01   6.861e-01  23  sdss  5777  82N  2 
   32  53669.442661  3  22.116  0.303  0.069  0.124   5.005e+00   1.400e+00   3.278e-01   5.851e-01  25  sdss  5777  82N  2 
    0  53669.444320  4  23.039  0.890  0.147  0.562  -1.012e+00   4.887e+00   7.285e-01   2.790e+00  25  sdss  5777  82N  2 
   33  53669.443490  0  21.654  0.476  0.109  0.653   8.393e+00   3.475e+00   8.430e-01   5.061e+00  16  sdss  5777  82N  2 
   32  53670.362551  1  22.500  0.223  0.070  0.326   3.534e+00   7.304e-01   2.331e-01   1.080e+00  14  sdss  5781  82N  2 
   40  53670.359234  2  22.376  0.263  0.169  0.202   4.004e+00   9.667e-01   6.329e-01   7.553e-01  23  sdss  5781  82N  2 
   32  53670.360063  3  22.719  0.518  0.378  0.334   2.779e+00   1.379e+00   1.058e+00   9.357e-01  25  sdss  5781  82N  2 
    0  53670.361722  4  23.690  0.716  0.668  0.598  -4.632e+00   4.568e+00   4.286e+00   3.833e+00  25  sdss  5781  82N  2 
   32  53670.360893  0  21.762  0.341  0.060  0.790   7.592e+00   2.321e+00   4.181e-01   5.553e+00  16  sdss  5781  82N  2 
   40  53673.330650  1  22.181  0.122  0.042  0.093   4.758e+00   5.405e-01   1.854e-01   4.103e-01  14  sdss  5792  82N  2 
   32  53673.327333  2  22.681  0.278  0.014  0.109   3.000e+00   7.793e-01   4.012e-02   3.124e-01  23  sdss  5792  82N  2 
   32  53673.328162  3  22.401  0.302  0.048  0.093   3.806e+00   1.087e+00   1.770e-01   3.409e-01  25  sdss  5792  82N  2 
   32  53673.329820  4  22.165  0.547  0.138  0.246   3.464e+00   3.196e+00   8.000e-01   1.420e+00  25  sdss  5792  82N  2 
   32  53673.328991  0  21.651  0.226  0.027  0.249   8.417e+00   1.736e+00   2.085e-01   1.937e+00  16  sdss  5792  82N  2 
   32  53675.327409  1  22.144  0.131  0.030  0.140   4.923e+00   5.969e-01   1.390e-01   6.415e-01  14  sdss  5800  82N  2 
   32  53675.324092  2  22.315  0.226  0.071  0.121   4.241e+00   8.832e-01   2.804e-01   4.802e-01  23  sdss  5800  82N  2 
   32  53675.324922  3  23.030  0.572  0.219  0.210   2.003e+00   1.194e+00   4.768e-01   4.583e-01  25  sdss  5800  82N  2 
   32  53675.326580  4  22.010  0.631  0.172  0.339   4.409e+00   3.956e+00   1.080e+00   2.128e+00  25  sdss  5800  82N  2 
   40  53675.325751  0  22.202  0.399  0.278  0.598   5.032e+00   1.805e+00   1.310e+00   2.819e+00  16  sdss  5800  82N  2 
   32  53677.348141  1  22.213  0.135  0.015  0.117   4.618e+00   5.791e-01   6.464e-02   5.033e-01  14  sdss  5813  82N  2 
   32  53677.344824  2  22.389  0.209  0.016  0.080   3.955e+00   7.657e-01   5.790e-02   2.955e-01  23  sdss  5813  82N  2 
   32  53677.345653  3  22.407  0.292  0.064  0.073   3.784e+00   1.048e+00   2.351e-01   2.674e-01  25  sdss  5813  82N  2 
   32  53677.347312  4  22.449  0.590  0.142  0.295   1.909e+00   3.160e+00   7.335e-01   1.527e+00  25  sdss  5813  82N  2 
  160  53677.346483  0  22.376  0.434  0.037  0.488   4.269e+00   1.670e+00   1.494e-01   1.968e+00  16  sdss  5813  82N  2 
   32  53680.335015  1  22.203  0.142  0.036  0.159   4.661e+00   6.151e-01   1.550e-01   6.919e-01  14  sdss  5823  82N  2 
   32  53680.331698  2  22.503  0.260  0.077  0.124   3.551e+00   8.549e-01   2.577e-01   4.144e-01  23  sdss  5823  82N  2 
   32  53680.332527  3  22.579  0.380  0.085  0.127   3.198e+00   1.163e+00   2.691e-01   3.997e-01  25  sdss  5823  82N  2 
    0  53680.334186  4  23.655  0.626  0.113  0.378  -4.404e+00   3.922e+00   7.091e-01   2.373e+00  25  sdss  5823  82N  2 
  160  53680.333356  0  22.584  0.680  0.092  1.007   3.500e+00   2.059e+00   3.092e-01   3.375e+00  16  sdss  5823  82N  2 
   32  53683.393637  1  22.569  0.207  0.027  0.215   3.312e+00   6.363e-01   8.329e-02   6.711e-01  14  sdss  5842  82N  2 
   32  53683.390320  2  22.452  0.278  0.077  0.123   3.727e+00   9.534e-01   2.679e-01   4.309e-01  23  sdss  5842  82N  2 
   32  53683.391149  3  22.792  0.534  0.150  0.147   2.579e+00   1.339e+00   3.968e-01   3.872e-01  25  sdss  5842  82N  2 
    1  53683.392808  4  23.148  0.878  0.316  0.350  -1.558e+00   4.869e+00   1.602e+00   1.774e+00  25  sdss  5842  82N  2 
   32  53683.391978  0  22.077  0.405  0.041  0.544   5.658e+00   2.046e+00   2.143e-01   2.870e+00  16  sdss  5842  82N  2 
   33  53686.334364  1  22.478  0.477  0.195  0.253   3.607e+00   1.522e+00   6.588e-01   8.572e-01  14  sdss  5866  82N  2 
   33  53686.331047  2  22.284  0.395  0.155  0.175   4.366e+00   1.545e+00   6.307e-01   7.130e-01  23  sdss  5866  82N  2 
   32  53686.331876  3  23.100  0.876  0.093  0.380   1.853e+00   1.684e+00   1.928e-01   7.845e-01  25  sdss  5866  82N  2 
    0  53686.333535  4  23.120  0.838  0.344  0.615  -1.418e+00   4.592e+00   1.735e+00   3.101e+00  25  sdss  5866  82N  2 
  129  53686.332706  0  26.730  1.730  0.339  1.294  -3.442e+00   4.013e+00   1.118e+00   4.270e+00  16  sdss  5866  82N  2 
 1051  53687.391443  1  20.772  0.359  6.502  0.194   1.751e+01   5.607e+00   1.051e+02   3.140e+00  14  sdss  5872  82N  2 
 1051  53687.388126  2  28.140  0.834 13.160  0.205  -9.362e+00   6.049e+00   1.132e+02   1.764e+00  23  sdss  5872  82N  2 
 1081  53687.388955  3  20.844  0.319  4.486  0.092   1.639e+01   4.662e+00   6.746e+01   1.377e+00  25  sdss  5872  82N  2 
    9  53687.390614  4  24.694  1.196  2.391  0.585  -1.423e+01   1.317e+01   3.267e+01   7.996e+00  25  sdss  5872  82N  2 
   33  53693.336465  1  22.205  0.445  0.159  0.303   4.652e+00   1.831e+00   6.897e-01   1.314e+00  14  sdss  5878  82N  2 
   33  53693.333148  2  22.367  0.514  0.156  0.293   4.038e+00   1.818e+00   5.891e-01   1.107e+00  23  sdss  5878  82N  2 
   32  53693.333978  3  23.209  0.990  0.576  0.510   1.637e+00   1.782e+00   1.100e+00   9.740e-01  25  sdss  5878  82N  2 
   32  53693.335636  4  21.871  0.860  0.659  0.697   5.330e+00   5.775e+00   4.501e+00   4.762e+00  25  sdss  5878  82N  2 
    3  53693.334807  0  26.748  2.572  0.312  2.277  -3.502e+00   6.539e+00   1.046e+00   7.635e+00  16  sdss  5878  82N  2 
 1037  53698.333647  1  28.249  4.545  5.880  0.151  -5.697e+00   2.177e+01   3.112e+01   8.019e-01  14  sdss  5898  82N  2 
 1080  53698.330330  2  22.554  0.416  2.730  0.332   3.383e+00   1.273e+00   8.725e+00   1.062e+00  23  sdss  5898  82N  2 
   44  53698.331159  3  23.574  1.449  3.052  0.528   1.017e+00   2.435e+00   4.593e+00   7.956e-01  25  sdss  5898  82N  2 
 1180  53698.332818  4  20.717  1.792  3.455  0.167   1.821e+01   2.116e+01   5.896e+01   2.846e+00  25  sdss  5898  82N  2 
 1196  53698.331989  0  21.904  2.587  1.061  0.702   6.652e+00   8.620e+00   6.552e+00   4.338e+00  16  sdss  5898  82N  2 
   40  53699.357097  1  22.653  0.251  0.147  0.209   3.061e+00   7.122e-01   4.241e-01   6.030e-01  14  sdss  5902  82N  2 
   32  53699.353780  2  22.840  0.366  0.055  0.163   2.573e+00   8.811e-01   1.354e-01   4.048e-01  23  sdss  5902  82N  2 
   32  53699.354610  3  22.681  0.421  0.089  0.137   2.888e+00   1.175e+00   2.588e-01   3.969e-01  25  sdss  5902  82N  2 
    0  53699.356268  4  23.268  0.665  0.116  0.342  -2.177e+00   3.641e+00   6.104e-01   1.799e+00  25  sdss  5902  82N  2 
   32  53699.355439  0  21.864  0.388  0.050  0.461   6.904e+00   2.389e+00   3.172e-01   2.953e+00  16  sdss  5902  82N  2 
   32  53704.319218  1  22.253  0.163  0.040  0.247   4.450e+00   6.699e-01   1.647e-01   1.025e+00  14  sdss  5918  82N  2 
   32  53704.315901  2  22.293  0.225  0.073  0.144   4.329e+00   8.951e-01   2.937e-01   5.828e-01  23  sdss  5918  82N  2 
   32  53704.316731  3  22.707  0.502  0.083  0.266   2.812e+00   1.354e+00   2.357e-01   7.543e-01  25  sdss  5918  82N  2 
    0  53704.318389  4  22.835  0.911  1.022  0.724  -1.041e-02   4.983e+00   4.984e+00   3.530e+00  25  sdss  5918  82N  2 
   32  53704.317560  0  22.126  0.485  0.067  0.784   5.404e+00   2.308e+00   3.404e-01   3.960e+00  16  sdss  5918  82N  2 
