# SDSS CID:  13463 IAU:          RA: 347.206543 DEC:   0.089099  (J2000)
# GALAXY_SB [ugriz] = [ 23.96 24.14 23.64 23.09 22.17 ] +/- [  0.37  0.10  0.07  0.06  0.09 ] (asinh mag/square arcsec)
# GALAXY_SB_FLUX [ugriz] = [  6.968E-01  6.503E-01  1.122E+00  1.873E+00  3.429E+00 ] +/- [  4.331E-01  8.074E-02  9.585E-02  1.218E-01  5.129E-01 ] (microJy per square arcsec)
#FLAG  MJD       FILT  MAG     MERR  MSKYERR MGALERR  FLUX       FLUXERR    SKYERR     GALERR    NPRE TELE   RUN  STRIP  IDCCD
    0  53975.269206  1  22.505  0.172  0.159  0.183   3.519e+00   5.575e-01   5.185e-01   5.968e-01  10  sdss  6287  82S  4 
  128  53975.265889  2  22.377  0.281  0.131  0.176   4.000e+00   1.030e+00   4.905e-01   6.592e-01  12  sdss  6287  82S  4 
  128  53975.266718  3  22.233  0.309  0.123  0.145   4.479e+00   1.284e+00   5.218e-01   6.172e-01  11  sdss  6287  82S  4 
   32  53975.268377  4  22.037  0.769  0.117  0.423   4.236e+00   4.804e+00   7.260e-01   2.634e+00  11  sdss  6287  82S  4 
    4  53975.267548  0  24.508  1.453  0.401  3.996   1.529e-01   1.872e+00   3.926e-01   3.910e+00  5  sdss  6287  82S  4 
    0  53993.337223  1  22.976  0.330  0.123  0.272   2.254e+00   6.870e-01   2.619e-01   5.821e-01  10  sdss  6348  82S  4 
    0  53993.333906  2  22.399  0.225  0.097  0.117   3.918e+00   8.150e-01   3.555e-01   4.302e-01  12  sdss  6348  82S  4 
   32  53993.334735  3  22.652  0.410  0.173  0.139   2.972e+00   1.171e+00   5.121e-01   4.111e-01  11  sdss  6348  82S  4 
    0  53993.336394  4  21.103  0.363  0.191  0.190   1.249e+01   4.371e+00   2.364e+00   2.357e+00  11  sdss  6348  82S  4 
    0  53993.335565  0  22.322  0.507  0.198  0.688   4.492e+00   1.956e+00   8.119e-01   2.823e+00  5  sdss  6348  82S  4 
    0  53996.276075  1  22.505  0.159  0.071  0.133   3.519e+00   5.166e-01   2.325e-01   4.325e-01  10  sdss  6367  82S  4 
    0  53996.272758  2  22.491  0.244  0.136  0.162   3.595e+00   8.131e-01   4.615e-01   5.466e-01  12  sdss  6367  82S  4 
    8  53996.273587  3  22.042  0.270  0.352  0.173   5.368e+00   1.334e+00   1.770e+00   8.690e-01  11  sdss  6367  82S  4 
   32  53996.275246  4  21.784  0.609  0.460  0.349   5.950e+00   4.329e+00   3.351e+00   2.542e+00  11  sdss  6367  82S  4 
    8  53996.274416  0  22.593  0.537  0.339  0.867   3.471e+00   1.625e+00   1.095e+00   2.799e+00  5  sdss  6367  82S  4 
    0  53998.244530  1  22.379  0.132  0.060  0.075   3.959e+00   4.789e-01   2.209e-01   2.726e-01  10  sdss  6377  82S  4 
    0  53998.241213  2  22.299  0.183  0.054  0.079   4.305e+00   7.276e-01   2.151e-01   3.185e-01  12  sdss  6377  82S  4 
    0  53998.242042  3  22.365  0.300  0.107  0.098   3.944e+00   1.112e+00   4.036e-01   3.706e-01  11  sdss  6377  82S  4 
    0  53998.243701  4  22.940  0.649  0.145  0.292  -5.240e-01   3.370e+00   7.102e-01   1.429e+00  11  sdss  6377  82S  4 
    0  53998.242872  0  22.241  0.366  0.048  0.389   4.850e+00   1.561e+00   2.139e-01   1.716e+00  5  sdss  6377  82S  4 
    0  54005.274752  1  22.368  0.132  0.015  0.076   4.000e+00   4.867e-01   5.715e-02   2.793e-01  10  sdss  6402  82S  4 
    0  54005.271435  2  22.294  0.192  0.078  0.101   4.325e+00   7.676e-01   3.143e-01   4.078e-01  12  sdss  6402  82S  4 
    0  54005.272264  3  22.407  0.312  0.069  0.095   3.786e+00   1.114e+00   2.528e-01   3.474e-01  11  sdss  6402  82S  4 
   32  54005.273923  4  21.821  0.505  0.268  0.193   5.680e+00   3.530e+00   1.902e+00   1.370e+00  11  sdss  6402  82S  4 
    0  54005.273093  0  22.784  0.625  0.029  0.662   2.884e+00   1.579e+00   8.058e-02   1.814e+00  5  sdss  6402  82S  4 
    0  54008.235233  1  22.880  0.238  0.162  0.196   2.471e+00   5.464e-01   3.775e-01   4.568e-01  10  sdss  6417  82S  4 
    0  54008.231916  2  22.151  0.178  0.098  0.103   4.945e+00   8.104e-01   4.482e-01   4.742e-01  12  sdss  6417  82S  4 
    0  54008.232745  3  22.327  0.318  0.151  0.139   4.091e+00   1.214e+00   5.907e-01   5.434e-01  11  sdss  6417  82S  4 
   32  54008.234404  4  21.915  0.596  0.097  0.314   5.025e+00   3.938e+00   6.497e-01   2.098e+00  11  sdss  6417  82S  4 
    0  54008.233575  0  22.337  0.457  0.122  0.636   4.429e+00   1.757e+00   4.952e-01   2.577e+00  5  sdss  6417  82S  4 
    1  54010.229975  1  22.544  0.228  0.068  0.074   3.393e+00   7.070e-01   2.137e-01   2.324e-01  10  sdss  6425  82S  4 
    1  54010.226658  2  22.452  0.253  0.030  0.080   3.730e+00   8.727e-01   1.049e-01   2.810e-01  12  sdss  6425  82S  4 
    0  54010.227487  3  22.341  0.308  0.066  0.075   4.037e+00   1.166e+00   2.558e-01   2.893e-01  11  sdss  6425  82S  4 
   32  54010.229145  4  22.180  0.588  0.216  0.213   3.377e+00   3.434e+00   1.245e+00   1.227e+00  11  sdss  6425  82S  4 
    1  54010.228316  0  25.034  1.421  0.207  1.467  -3.634e-01   1.829e+00   2.116e-01   1.498e+00  5  sdss  6425  82S  4 
    1  54012.222631  1  22.273  0.332  0.060  0.056   4.370e+00   1.297e+00   2.402e-01   2.275e-01  10  sdss  6433  82S  4 
    1  54012.219314  2  22.431  0.358  0.115  0.052   3.801e+00   1.237e+00   4.113e-01   1.857e-01  12  sdss  6433  82S  4 
    1  54012.220143  3  21.984  0.288  0.062  0.049   5.672e+00   1.497e+00   3.280e-01   2.622e-01  11  sdss  6433  82S  4 
    0  54012.221801  4  21.651  0.521  0.185  0.139   6.970e+00   4.055e+00   1.481e+00   1.115e+00  11  sdss  6433  82S  4 
    1  54012.220972  0  22.763  1.420  0.088  0.479   2.944e+00   3.043e+00   2.457e-01   1.335e+00  5  sdss  6433  82S  4 
    1  54020.228336  1  22.271  0.207  0.113  0.160   4.379e+00   8.249e-01   4.574e-01   6.440e-01  10  sdss  6447  82S  4 
    8  54020.225019  2  21.950  0.204  0.287  0.124   5.966e+00   1.111e+00   1.585e+00   6.815e-01  12  sdss  6447  82S  4 
    0  54020.225848  3  21.851  0.263  0.128  0.130   6.428e+00   1.541e+00   7.621e-01   7.786e-01  11  sdss  6447  82S  4 
    0  54020.227507  4  21.268  0.509  0.170  0.250   1.056e+01   5.243e+00   1.831e+00   2.696e+00  11  sdss  6447  82S  4 
    1  54020.226678  0  22.471  0.645  0.048  0.874   3.902e+00   2.112e+00   1.720e-01   3.145e+00  5  sdss  6447  82S  4 
    0  54022.277209  1  22.352  0.155  0.098  0.079   4.060e+00   5.781e-01   3.683e-01   2.943e-01  10  sdss  6453  82S  4 
  156  54022.273892  2  22.227  0.259  1.155  0.075   4.606e+00   1.091e+00   4.952e+00   3.195e-01  12  sdss  6453  82S  4 
    0  54022.274721  3  22.260  0.287  0.084  0.090   4.364e+00   1.166e+00   3.487e-01   3.735e-01  11  sdss  6453  82S  4 
   32  54022.276380  4  22.544  0.698  0.204  0.314   1.427e+00   3.734e+00   1.030e+00   1.586e+00  11  sdss  6453  82S  4 
    0  54022.275550  0  22.326  0.421  0.047  0.457   4.475e+00   1.649e+00   1.923e-01   1.868e+00  5  sdss  6453  82S  4 
    0  54028.218218  1  22.213  0.143  0.091  0.162   4.621e+00   6.061e-01   3.861e-01   6.884e-01  10  sdss  6468  82S  4 
    0  54028.214901  2  22.093  0.189  0.098  0.109   5.220e+00   9.077e-01   4.756e-01   5.286e-01  12  sdss  6468  82S  4 
  160  54028.215731  3  22.469  0.392  0.174  0.169   3.564e+00   1.310e+00   6.010e-01   5.831e-01  11  sdss  6468  82S  4 
   32  54028.217389  4  21.706  0.705  0.134  0.405   6.533e+00   5.216e+00   1.034e+00   3.114e+00  11  sdss  6468  82S  4 
    0  54028.216560  0  22.231  0.485  0.127  0.862   4.896e+00   2.038e+00   5.673e-01   3.841e+00  5  sdss  6468  82S  4 
    0  54030.221186  1  22.287  0.124  0.036  0.068   4.314e+00   4.920e-01   1.430e-01   2.722e-01  10  sdss  6479  82S  4 
    0  54030.217869  2  22.350  0.198  0.061  0.079   4.103e+00   7.524e-01   2.322e-01   3.047e-01  12  sdss  6479  82S  4 
    0  54030.218698  3  22.159  0.250  0.079  0.071   4.808e+00   1.116e+00   3.600e-01   3.238e-01  11  sdss  6479  82S  4 
   32  54030.220356  4  22.395  0.649  0.072  0.272   2.192e+00   3.554e+00   3.807e-01   1.432e+00  11  sdss  6479  82S  4 
    8  54030.219527  0  22.972  0.683  0.342  0.683   2.393e+00   1.467e+00   7.995e-01   1.595e+00  5  sdss  6479  82S  4 
  130  54035.296566  1  22.024  0.182  0.143  0.306   5.508e+00   9.125e-01   7.228e-01   1.548e+00  10  sdss  6501  82S  4 
    0  54035.293249  2  22.033  0.252  0.137  0.202   5.521e+00   1.268e+00   6.983e-01   1.035e+00  12  sdss  6501  82S  4 
   32  54035.294078  3  22.859  0.759  0.521  0.493   2.404e+00   1.735e+00   1.297e+00   1.229e+00  11  sdss  6501  82S  4 
    0  54035.295737  4  23.091  1.153  1.039  1.062  -1.270e+00   6.816e+00   5.206e+00   5.321e+00  11  sdss  6501  82S  4 
   10  54035.294907  0  23.510  1.835  2.749  4.480   1.343e+00   3.008e+00   4.226e+00   6.886e+00  5  sdss  6501  82S  4 
    1  54037.201979  1  22.653  0.280  0.184  0.100   3.063e+00   7.823e-01   5.256e-01   2.864e-01  10  sdss  6508  82S  4 
    4  54037.198662  2  22.041  0.249  0.142  0.059   5.480e+00   1.242e+00   7.214e-01   3.015e-01  12  sdss  6508  82S  4 
   12  54037.199491  3  22.489  0.479  0.435  0.105   3.494e+00   1.550e+00   1.480e+00   3.556e-01  11  sdss  6508  82S  4 
   36  54037.201150  4  21.775  0.711  0.245  0.193   6.016e+00   5.052e+00   1.795e+00   1.416e+00  11  sdss  6508  82S  4 
   12  54037.200320  0  22.455  0.588  0.341  0.516   3.962e+00   1.980e+00   1.244e+00   1.882e+00  5  sdss  6508  82S  4 
  129  54040.216092  1  22.695  0.581  0.254  0.130   2.944e+00   1.470e+00   6.972e-01   3.571e-01  10  sdss  6518  82S  4 
    1  54040.212775  2  22.665  0.631  0.368  0.140   3.046e+00   1.671e+00   1.066e+00   4.067e-01  12  sdss  6518  82S  4 
    1  54040.213605  3  21.949  0.348  0.114  0.082   5.861e+00   1.845e+00   6.257e-01   4.483e-01  11  sdss  6518  82S  4 
    1  54040.215263  4  21.132  0.434  0.164  0.158   1.214e+01   5.048e+00   1.975e+00   1.910e+00  11  sdss  6518  82S  4 
    1  54040.214434  0  22.455  1.229  0.203  0.611   3.962e+00   3.429e+00   7.397e-01   2.229e+00  5  sdss  6518  82S  4 
    3  54049.242041  1  22.667  0.547  0.219  0.354   3.023e+00   1.431e+00   6.162e-01   9.975e-01  10  sdss  6537  82S  4 
    1  54049.238725  2  22.117  0.335  0.169  0.234   5.105e+00   1.541e+00   8.020e-01   1.107e+00  12  sdss  6537  82S  4 
    0  54049.239554  3  21.764  0.323  0.436  0.231   6.975e+00   2.030e+00   2.820e+00   1.493e+00  11  sdss  6537  82S  4 
   32  54049.241212  4  21.633  0.843  0.605  0.587   7.116e+00   6.444e+00   4.905e+00   4.762e+00  11  sdss  6537  82S  4 
    7  54049.240383  0  22.328  1.487  0.242  1.462   4.466e+00   4.250e+00   9.892e-01   5.970e+00  5  sdss  6537  82S  4 
    2  54050.199848  1  22.485  0.242  0.219  0.444   3.585e+00   7.911e-01   7.263e-01   1.475e+00  10  sdss  6542  82S  4 
  130  54050.196531  2  22.042  0.292  0.314  0.400   5.475e+00   1.447e+00   1.590e+00   2.026e+00  12  sdss  6542  82S  4 
  162  54050.197361  3  22.888  0.894  0.913  0.851   2.335e+00   1.961e+00   2.222e+00   2.074e+00  11  sdss  6542  82S  4 
   32  54050.199019  4  21.768  1.038  0.700  0.996   6.069e+00   7.370e+00   5.156e+00   7.344e+00  11  sdss  6542  82S  4 
    6  54050.198190  0  23.052  1.570  0.329  4.437   2.205e+00   2.841e+00   7.194e-01   9.694e+00  5  sdss  6542  82S  4 
  128  54053.205643  1  22.171  0.132  0.103  0.138   4.805e+00   5.823e-01   4.539e-01   6.113e-01  10  sdss  6555  82S  4 
  128  54053.202326  2  22.206  0.222  0.171  0.177   4.697e+00   9.562e-01   7.464e-01   7.714e-01  12  sdss  6555  82S  4 
    0  54053.203155  3  22.163  0.315  0.232  0.184   4.790e+00   1.390e+00   1.049e+00   8.325e-01  11  sdss  6555  82S  4 
   32  54053.204814  4  21.370  0.509  0.092  0.312   9.495e+00   4.843e+00   9.145e-01   3.097e+00  11  sdss  6555  82S  4 
    8  54053.203984  0  22.068  0.377  0.332  0.889   5.707e+00   1.874e+00   1.715e+00   4.588e+00  5  sdss  6555  82S  4 
    2  54056.207401  1  22.390  0.227  0.211  0.387   3.919e+00   8.103e-01   7.640e-01   1.400e+00  10  sdss  6568  82S  4 
    0  54056.204084  2  22.067  0.261  0.266  0.261   5.349e+00   1.272e+00   1.318e+00   1.293e+00  12  sdss  6568  82S  4 
  160  54056.204913  3  22.202  0.460  0.460  0.412   4.614e+00   1.913e+00   2.011e+00   1.799e+00  11  sdss  6568  82S  4 
   32  54056.206571  4  22.000  1.034  0.863  0.858   4.472e+00   6.696e+00   5.485e+00   5.451e+00  11  sdss  6568  82S  4 
  130  54056.205742  0  22.349  0.815  0.445  1.800   4.378e+00   2.820e+00   1.786e+00   7.214e+00  5  sdss  6568  82S  4 
    0  54059.201378  1  22.315  0.172  0.230  0.238   4.203e+00   6.601e-01   8.936e-01   9.231e-01  10  sdss  6580  82S  4 
    0  54059.198061  2  22.547  0.349  0.428  0.344   3.408e+00   1.089e+00   1.377e+00   1.106e+00  12  sdss  6580  82S  4 
   32  54059.198890  3  22.364  0.412  0.252  0.293   3.948e+00   1.500e+00   9.550e-01   1.112e+00  11  sdss  6580  82S  4 
   32  54059.200548  4  21.901  0.792  0.209  0.601   5.120e+00   5.261e+00   1.407e+00   4.057e+00  11  sdss  6580  82S  4 
  130  54059.199719  0  21.715  0.339  0.226  0.840   7.934e+00   2.338e+00   1.609e+00   5.975e+00  5  sdss  6580  82S  4 
    2  54062.205953  1  21.873  0.127  0.131  0.200   6.335e+00   7.358e-01   7.622e-01   1.161e+00  10  sdss  6596  82S  4 
    0  54062.202636  2  21.986  0.240  0.250  0.238   5.768e+00   1.260e+00   1.331e+00   1.272e+00  12  sdss  6596  82S  4 
 1184  54062.203465  3  22.137  0.411  0.331  0.288   4.905e+00   1.825e+00   1.534e+00   1.334e+00  11  sdss  6596  82S  4 
    0  54062.205124  4  23.648  1.092  0.915  0.803  -4.358e+00   7.080e+00   5.753e+00   5.047e+00  11  sdss  6596  82S  4 
  130  54062.204294  0  22.292  0.624  0.167  1.421   4.622e+00   2.399e+00   7.025e-01   5.991e+00  5  sdss  6596  82S  4 
