# SDSS CID:  18414 IAU:          RA: 330.369080 DEC:   0.786706  (J2000)
# GALAXY_SB [ugriz] = [ 18.82 17.78 17.51 17.50 17.46 ] +/- [  0.00  0.00  0.00  0.00  0.00 ] (asinh mag/square arcsec)
# GALAXY_SB_FLUX [ugriz] = [  1.116E+02  2.748E+02  3.584E+02  3.562E+02  3.714E+02 ] +/- [  0.000E+00  0.000E+00  0.000E+00  0.000E+00  0.000E+00 ] (microJy per square arcsec)
#FLAG  MJD       FILT  MAG     MERR  MSKYERR MGALERR  FLUX       FLUXERR    SKYERR     GALERR    NPRE TELE   RUN  STRIP  IDCCD
  288  54346.212442  1  19.474  0.051  0.011  0.000   5.787e+01   2.709e+00   5.846e-01   0.000e+00  11  sdss  6920  82N  5 
  288  54346.209125  2  19.583  0.072  0.028  0.000   5.307e+01   3.499e+00   1.349e+00   0.000e+00  14  sdss  6920  82N  5 
  288  54346.209954  3  19.404  0.076  0.053  0.000   6.183e+01   4.284e+00   2.993e+00   0.000e+00  15  sdss  6920  82N  5 
  288  54346.211613  4  19.597  0.177  0.075  0.000   5.198e+01   8.372e+00   3.589e+00   0.000e+00  14  sdss  6920  82N  5 
  288  54346.210784  0  20.106  0.150  0.040  0.000   3.504e+01   4.630e+00   1.244e+00   0.000e+00  6  sdss  6920  82N  5 
  288  54356.253648  1  19.574  0.053  0.008  0.000   5.278e+01   2.570e+00   4.028e-01   0.000e+00  11  sdss  6951  82N  5 
  288  54356.250331  2  20.076  0.096  0.032  0.000   3.369e+01   2.955e+00   9.853e-01   0.000e+00  14  sdss  6951  82N  5 
  288  54356.251161  3  19.109  0.058  0.015  0.000   8.113e+01   4.329e+00   1.138e+00   0.000e+00  15  sdss  6951  82N  5 
  288  54356.252819  4  19.734  0.218  0.057  0.000   4.578e+01   9.079e+00   2.389e+00   0.000e+00  14  sdss  6951  82N  5 
  288  54356.251990  0  20.041  0.128  0.069  0.000   3.720e+01   4.194e+00   2.272e+00   0.000e+00  6  sdss  6951  82N  5 
 1446  54358.198549  1  19.775  0.101  0.083  0.000   4.386e+01   4.009e+00   3.297e+00   0.000e+00  11  sdss  6958  82N  5 
 1434  54358.195232  2  29.582  0.126  0.292  0.000  -3.541e+01   4.066e+00   9.513e+00   0.000e+00  14  sdss  6958  82N  5 
  288  54358.196061  3  19.660  0.094  0.088  0.000   4.884e+01   4.211e+00   3.936e+00   0.000e+00  15  sdss  6958  82N  5 
 1444  54358.197720  4  19.001  0.277  0.205  0.000   9.016e+01   2.237e+01   1.689e+01   0.000e+00  14  sdss  6958  82N  5 
 1446  54358.196890  0  21.080  0.858  0.524  0.000   1.427e+01   9.092e+00   6.642e+00   0.000e+00  6  sdss  6958  82N  5 
  288  54359.164661  1  19.438  0.049  0.016  0.000   5.983e+01   2.691e+00   8.542e-01   0.000e+00  11  sdss  6962  82N  5 
  304  54359.161344  2  19.674  0.071  0.061  0.000   4.880e+01   3.179e+00   2.740e+00   0.000e+00  14  sdss  6962  82N  5 
  288  54359.162174  3  19.409  0.075  0.059  0.000   6.155e+01   4.211e+00   3.313e+00   0.000e+00  15  sdss  6962  82N  5 
  288  54359.163832  4  19.672  0.207  0.110  0.000   4.849e+01   9.106e+00   4.895e+00   0.000e+00  14  sdss  6962  82N  5 
  288  54359.163003  0  20.160  0.158  0.183  0.000   3.335e+01   4.646e+00   5.399e+00   0.000e+00  6  sdss  6962  82N  5 
  289  54373.305377  1  19.760  0.075  0.007  0.000   4.446e+01   3.015e+00   3.016e-01   0.000e+00  11  sdss  7006  82N  5 
  289  54373.302060  2  19.562  0.070  0.033  0.000   5.410e+01   3.467e+00   1.660e+00   0.000e+00  14  sdss  7006  82N  5 
  416  54373.302890  3  19.904  0.124  0.083  0.000   3.901e+01   4.416e+00   2.963e+00   0.000e+00  15  sdss  7006  82N  5 
  416  54373.304548  4  19.199  0.131  0.030  0.000   7.510e+01   9.000e+00   2.053e+00   0.000e+00  14  sdss  7006  82N  5 
 1411  54373.303719  0  30.122  0.139  0.092  0.000  -8.005e+01   9.835e+00   6.507e+00   0.000e+00  6  sdss  7006  82N  5 
  288  54382.239523  1  20.022  0.077  0.025  0.000   3.494e+01   2.442e+00   8.023e-01   0.000e+00  11  sdss  7037  82N  5 
  304  54382.236206  2  19.768  0.078  0.066  0.000   4.475e+01   3.206e+00   2.705e+00   0.000e+00  14  sdss  7037  82N  5 
  288  54382.237035  3  19.141  0.055  0.039  0.000   7.879e+01   3.996e+00   2.841e+00   0.000e+00  15  sdss  7037  82N  5 
  288  54382.238694  4  20.089  0.299  0.147  0.000   3.294e+01   8.917e+00   4.469e+00   0.000e+00  14  sdss  7037  82N  5 
  306  54382.237864  0  20.044  0.136  0.227  0.000   3.711e+01   4.440e+00   7.472e+00   0.000e+00  6  sdss  7037  82N  5 
  288  54386.242017  1  20.720  0.165  0.025  0.000   1.836e+01   2.748e+00   4.212e-01   0.000e+00  11  sdss  7054  82N  5 
  288  54386.238700  2  20.377  0.131  0.041  0.000   2.553e+01   3.070e+00   9.701e-01   0.000e+00  14  sdss  7054  82N  5 
  288  54386.239529  3  18.971  0.056  0.018  0.000   9.214e+01   4.727e+00   1.509e+00   0.000e+00  15  sdss  7054  82N  5 
  288  54386.241188  4  19.757  0.231  0.075  0.000   4.482e+01   9.383e+00   3.106e+00   0.000e+00  14  sdss  7054  82N  5 
  440  54386.240358  0  20.739  0.238  0.347  0.000   1.955e+01   4.063e+00   6.015e+00   0.000e+00  6  sdss  7054  82N  5 
  288  54388.246382  1  20.533  0.131  0.027  0.000   2.181e+01   2.586e+00   5.462e-01   0.000e+00  11  sdss  7060  82N  5 
  288  54388.243065  2  19.994  0.094  0.056  0.000   3.634e+01   3.114e+00   1.872e+00   0.000e+00  14  sdss  7060  82N  5 
  288  54388.243894  3  19.809  0.103  0.043  0.000   4.258e+01   4.000e+00   1.673e+00   0.000e+00  15  sdss  7060  82N  5 
  288  54388.245553  4  20.331  0.350  0.178  0.000   2.626e+01   8.316e+00   4.351e+00   0.000e+00  14  sdss  7060  82N  5 
  304  54388.244724  0  20.473  0.204  0.210  0.000   2.498e+01   4.464e+00   4.651e+00   0.000e+00  6  sdss  7060  82N  5 
  289  54393.231862  1  19.463  0.047  0.005  0.000   5.846e+01   2.525e+00   2.660e-01   0.000e+00  11  sdss  7080  82N  5 
  288  54393.228545  2  19.908  0.109  0.017  0.000   3.934e+01   3.936e+00   6.130e-01   0.000e+00  14  sdss  7080  82N  5 
  288  54393.229374  3  21.414  0.566  0.095  0.000   9.668e+00   4.660e+00   8.521e-01   0.000e+00  15  sdss  7080  82N  5 
  256  54393.231033  4  23.265  1.545  0.396  0.000  -2.165e+00   1.052e+01   2.085e+00   0.000e+00  14  sdss  7080  82N  5 
  305  54393.230204  0  20.461  0.194  0.137  0.000   2.526e+01   4.292e+00   3.078e+00   0.000e+00  6  sdss  7080  82N  5 
  291  54396.161443  1  19.932  0.105  0.041  0.000   3.795e+01   3.611e+00   1.408e+00   0.000e+00  11  sdss  7092  82N  5 
  291  54396.158127  2  21.857  0.730  0.622  0.000   6.506e+00   3.856e+00   3.752e+00   0.000e+00  14  sdss  7092  82N  5 
  417  54396.158956  3  19.493  0.091  0.061  0.000   5.696e+01   4.730e+00   3.174e+00   0.000e+00  15  sdss  7092  82N  5 
  288  54396.160614  4  20.779  0.705  0.377  0.000   1.715e+01   1.040e+01   6.186e+00   0.000e+00  14  sdss  7092  82N  5 
  291  54396.159785  0  20.041  0.262  0.201  0.000   3.720e+01   8.464e+00   6.627e+00   0.000e+00  6  sdss  7092  82N  5 
  289  54403.158802  1  19.690  0.070  0.005  0.000   4.743e+01   3.000e+00   2.349e-01   0.000e+00  11  sdss  7106  82N  5 
  288  54403.155486  2  19.302  0.065  0.013  0.000   6.874e+01   4.073e+00   8.432e-01   0.000e+00  14  sdss  7106  82N  5 
  288  54403.156315  3  18.965  0.064  0.011  0.000   9.265e+01   5.423e+00   9.200e-01   0.000e+00  15  sdss  7106  82N  5 
  288  54403.157973  4  20.036  0.311  0.050  0.000   3.462e+01   9.715e+00   1.612e+00   0.000e+00  14  sdss  7106  82N  5 
  288  54403.157144  0  20.114  0.148  0.048  0.000   3.478e+01   4.537e+00   1.488e+00   0.000e+00  6  sdss  7106  82N  5 
  288  54406.152265  1  19.691  0.071  0.008  0.000   4.739e+01   3.039e+00   3.550e-01   0.000e+00  11  sdss  7121  82N  5 
  288  54406.148949  2  20.180  0.111  0.041  0.000   3.062e+01   3.108e+00   1.162e+00   0.000e+00  14  sdss  7121  82N  5 
  288  54406.149778  3  19.019  0.056  0.016  0.000   8.815e+01   4.530e+00   1.299e+00   0.000e+00  15  sdss  7121  82N  5 
  288  54406.151436  4  20.787  0.572  0.103  0.000   1.702e+01   8.662e+00   1.679e+00   0.000e+00  14  sdss  7121  82N  5 
  288  54406.150607  0  20.719  0.231  0.094  0.000   1.991e+01   4.015e+00   1.659e+00   0.000e+00  6  sdss  7121  82N  5 
  288  54412.154758  1  21.891  0.519  0.086  0.000   6.230e+00   2.758e+00   4.933e-01   0.000e+00  11  sdss  7140  82N  5 
  312  54412.151441  2  20.011  0.111  0.069  0.000   3.577e+01   3.619e+00   2.280e+00   0.000e+00  14  sdss  7140  82N  5 
  288  54412.152271  3  19.358  0.088  0.027  0.000   6.451e+01   5.221e+00   1.602e+00   0.000e+00  15  sdss  7140  82N  5 
  288  54412.153929  4  20.705  0.531  0.090  0.000   1.842e+01   8.717e+00   1.575e+00   0.000e+00  14  sdss  7140  82N  5 
  416  54412.153100  0  20.640  0.215  0.120  0.000   2.142e+01   4.042e+00   2.281e+00   0.000e+00  6  sdss  7140  82N  5 
  288  54416.150095  1  20.551  0.134  0.021  0.000   2.146e+01   2.602e+00   4.113e-01   0.000e+00  11  sdss  7155  82N  5 
  288  54416.146778  2  20.418  0.178  0.041  0.000   2.459e+01   3.987e+00   9.238e-01   0.000e+00  14  sdss  7155  82N  5 
  288  54416.147607  3  18.999  0.056  0.012  0.000   8.979e+01   4.611e+00   1.007e+00   0.000e+00  15  sdss  7155  82N  5 
  256  54416.149266  4  23.480  1.397  0.222  0.000  -3.349e+00   9.300e+00   1.276e+00   0.000e+00  14  sdss  7155  82N  5 
  288  54416.148436  0  20.385  0.171  0.060  0.000   2.710e+01   4.072e+00   1.451e+00   0.000e+00  6  sdss  7155  82N  5 
  289  54421.155390  1  21.303  0.286  0.133  0.000   1.073e+01   2.741e+00   1.303e+00   0.000e+00  11  sdss  7170  82N  5 
  289  54421.152073  2  22.954  2.099  0.546  0.000   2.299e+00   3.667e+00   1.233e+00   0.000e+00  14  sdss  7170  82N  5 
  288  54421.152903  3  19.312  0.073  0.023  0.000   6.730e+01   4.528e+00   1.412e+00   0.000e+00  15  sdss  7170  82N  5 
  288  54421.154561  4  20.732  0.569  0.090  0.000   1.795e+01   9.040e+00   1.536e+00   0.000e+00  14  sdss  7170  82N  5 
  417  54421.153732  0  21.365  0.555  0.273  0.000   1.096e+01   4.999e+00   2.664e+00   0.000e+00  6  sdss  7170  82N  5 
  289  54423.147137  1  20.393  0.126  0.038  0.000   2.482e+01   2.847e+00   8.581e-01   0.000e+00  11  sdss  7176  82N  5 
  289  54423.143820  2  20.883  0.241  0.151  0.000   1.601e+01   3.499e+00   2.224e+00   0.000e+00  14  sdss  7176  82N  5 
  288  54423.144649  3  21.875  0.846  0.402  0.000   6.286e+00   4.232e+00   2.368e+00   0.000e+00  15  sdss  7176  82N  5 
  288  54423.146308  4  20.737  0.598  0.337  0.000   1.787e+01   9.402e+00   5.750e+00   0.000e+00  14  sdss  7176  82N  5 
  289  54423.145478  0  23.924  2.594  3.078  0.000   7.751e-01   5.734e+00   3.656e+00   0.000e+00  6  sdss  7176  82N  5 
 1437  54425.147596  1  28.505  3.122 45.707  0.000  -7.219e+00   9.070e+00   3.017e+02   0.000e+00  11  sdss  7188  82N  5 
  313  54425.144280  2  20.209  0.148  0.258  0.000   2.981e+01   4.031e+00   7.055e+00   0.000e+00  14  sdss  7188  82N  5 
 1337  54425.145109  3  19.909  0.145  3.218  0.000   3.883e+01   5.133e+00   1.148e+02   0.000e+00  15  sdss  7188  82N  5 
  317  54425.146767  4  22.087  1.765  8.781  0.000   3.931e+00   1.343e+01   5.320e+01   0.000e+00  14  sdss  7188  82N  5 
  293  54425.145938  0  21.980  2.472  1.169  0.000   6.197e+00   7.735e+00   6.518e+00   0.000e+00  6  sdss  7188  82N  5 
  291  54431.158414  1  21.591  0.480  0.231  0.000   8.223e+00   3.389e+00   1.734e+00   0.000e+00  11  sdss  7195  82N  5 
  257  54431.155097  2  27.647  0.741  0.578  0.000  -5.927e+00   3.564e+00   3.182e+00   0.000e+00  14  sdss  7195  82N  5 
  288  54431.155926  3  20.550  0.225  0.144  0.000   2.150e+01   4.392e+00   2.844e+00   0.000e+00  15  sdss  7195  82N  5 
  256  54431.157585  4  24.002  1.392  0.820  0.000  -6.866e+00   1.056e+01   6.522e+00   0.000e+00  14  sdss  7195  82N  5 
  419  54431.156755  0  21.328  0.906  1.543  0.000   1.135e+01   7.524e+00   1.559e+01   0.000e+00  6  sdss  7195  82N  5 
  416  54433.154062  1  23.456  2.242  0.836  0.000   1.409e+00   2.824e+00   1.181e+00   0.000e+00  11  sdss  7202  82N  5 
  288  54433.150746  2  21.620  0.498  0.336  0.000   8.106e+00   3.490e+00   2.514e+00   0.000e+00  14  sdss  7202  82N  5 
  292  54433.151575  3  19.812  0.119  0.078  0.000   4.246e+01   4.639e+00   3.025e+00   0.000e+00  15  sdss  7202  82N  5 
  420  54433.153233  4  20.829  0.751  0.281  0.000   1.635e+01   1.049e+01   4.412e+00   0.000e+00  14  sdss  7202  82N  5 
 1468  54433.152404  0  20.819  0.346  0.948  0.000   1.816e+01   5.401e+00   1.528e+01   0.000e+00  6  sdss  7202  82N  5 
