# SDSS CID:  14388 IAU:          RA:  20.743036 DEC:   0.332115  (J2000)
# GALAXY_SB [ugriz] = [ 22.98 22.71 22.41 21.93 21.32 ] +/- [  0.13  0.03  0.03  0.02  0.05 ] (asinh mag/square arcsec)
# GALAXY_SB_FLUX [ugriz] = [  2.298E+00  2.890E+00  3.875E+00  5.955E+00  9.984E+00 ] +/- [  3.002E-01  8.426E-02  9.572E-02  1.254E-01  5.497E-01 ] (microJy per square arcsec)
#FLAG  MJD       FILT  MAG     MERR  MSKYERR MGALERR  FLUX       FLUXERR    SKYERR     GALERR    NPRE TELE   RUN  STRIP  IDCCD
   33  53989.371377  1  23.646  1.463  0.359  0.354   1.159e+00   1.531e+00   4.383e-01   4.323e-01  18  sdss  6314  82N  4 
   33  53989.368060  2  23.003  0.723  0.312  0.166   2.192e+00   1.421e+00   6.780e-01   3.599e-01  20  sdss  6314  82N  4 
   33  53989.368889  3  24.249  1.148  0.515  0.381   1.339e-01   1.631e+00   6.128e-01   4.538e-01  20  sdss  6314  82N  4 
    0  53989.370548  4  23.294  0.821  0.368  0.421  -2.317e+00   4.631e+00   1.957e+00   2.237e+00  18  sdss  6314  82N  4 
   33  53989.369719  0  22.768  1.751  0.309  0.544   2.928e+00   3.671e+00   8.716e-01   1.535e+00  12  sdss  6314  82N  4 
   32  53995.386089  1  22.997  0.235  0.021  0.130   2.209e+00   4.928e-01   4.532e-02   2.766e-01  18  sdss  6362  82N  4 
   32  53995.382772  2  23.279  0.444  0.165  0.195   1.657e+00   7.397e-01   2.844e-01   3.371e-01  20  sdss  6362  82N  4 
   32  53995.383602  3  22.877  0.473  0.112  0.146   2.359e+00   1.126e+00   2.768e-01   3.607e-01  20  sdss  6362  82N  4 
    0  53995.385260  4  23.593  0.558  0.051  0.238  -4.021e+00   3.410e+00   3.136e-01   1.450e+00  18  sdss  6362  82N  4 
   32  53995.384431  0  23.021  0.718  0.071  0.526   2.275e+00   1.496e+00   1.617e-01   1.197e+00  12  sdss  6362  82N  4 
   32  54000.347204  1  23.261  0.365  0.210  0.499   1.710e+00   5.971e-01   3.541e-01   8.403e-01  18  sdss  6383  82N  4 
   32  54000.343887  2  23.664  0.778  0.303  0.782   1.086e+00   9.510e-01   3.885e-01   1.002e+00  20  sdss  6383  82N  4 
   32  54000.344716  3  23.569  0.951  0.428  0.804   1.025e+00   1.465e+00   6.489e-01   1.218e+00  20  sdss  6383  82N  4 
    0  54000.346375  4  23.929  0.787  0.136  0.791  -6.305e+00   5.694e+00   1.026e+00   5.958e+00  18  sdss  6383  82N  4 
    0  54000.345545  0  21.642  0.261  0.090  0.464   8.488e+00   1.985e+00   6.943e-01   3.593e+00  12  sdss  6383  82N  4 
 1208  54006.294394  1  23.409  0.424  1.297  0.440   1.477e+00   6.074e-01   1.927e+00   6.538e-01  18  sdss  6409  82N  4 
 1176  54006.291077  2  25.718  0.655  3.006  0.262  -8.212e-01   7.109e-01   3.310e+00   2.890e-01  20  sdss  6409  82N  4 
   56  54006.291906  3  22.826  0.430  0.563  0.124   2.489e+00   1.073e+00   1.450e+00   3.187e-01  20  sdss  6409  82N  4 
 1208  54006.293565  4  20.973  0.298  0.781  0.178   1.420e+01   4.040e+00   1.079e+01   2.463e+00  18  sdss  6409  82N  4 
   12  54006.292736  0  22.342  0.398  0.157  0.289   4.408e+00   1.569e+00   6.428e-01   1.186e+00  12  sdss  6409  82N  4 
   32  54007.397712  1  23.110  0.311  0.031  0.317   1.982e+00   5.847e-01   6.041e-02   6.084e-01  18  sdss  6414  82N  4 
   32  54007.394395  2  22.654  0.317  0.166  0.226   3.076e+00   9.116e-01   4.908e-01   6.653e-01  20  sdss  6414  82N  4 
   32  54007.395224  3  23.467  0.828  0.360  0.457   1.183e+00   1.319e+00   5.793e-01   7.358e-01  20  sdss  6414  82N  4 
   32  54007.396883  4  22.344  0.844  0.196  0.607   2.467e+00   4.815e+00   1.053e+00   3.259e+00  18  sdss  6414  82N  4 
    4  54007.396053  0  21.978  0.416  0.098  0.543   6.208e+00   2.266e+00   5.605e-01   3.097e+00  12  sdss  6414  82N  4 
   40  54009.321354  1  22.718  0.195  0.160  0.187   2.881e+00   5.251e-01   4.344e-01   5.080e-01  18  sdss  6421  82N  4 
   32  54009.318037  2  23.250  0.465  0.062  0.293   1.708e+00   7.899e-01   1.098e-01   5.177e-01  20  sdss  6421  82N  4 
   32  54009.318866  3  22.706  0.442  0.060  0.245   2.814e+00   1.212e+00   1.716e-01   6.981e-01  20  sdss  6421  82N  4 
   32  54009.320525  4  22.722  0.711  0.077  0.504   5.432e-01   3.734e+00   3.768e-01   2.471e+00  18  sdss  6421  82N  4 
  160  54009.319696  0  23.630  1.217  0.184  1.574   1.163e+00   1.713e+00   2.630e-01   2.251e+00  12  sdss  6421  82N  4 
   40  54011.385928  1  23.302  0.289  0.103  0.139   1.643e+00   4.612e-01   1.669e-01   2.257e-01  18  sdss  6430  82N  4 
   32  54011.382611  2  22.763  0.272  0.036  0.087   2.771e+00   7.155e-01   9.582e-02   2.325e-01  20  sdss  6430  82N  4 
   32  54011.383440  3  22.429  0.306  0.037  0.075   3.705e+00   1.080e+00   1.326e-01   2.697e-01  20  sdss  6430  82N  4 
   32  54011.385099  4  21.912  0.488  0.052  0.181   5.047e+00   3.239e+00   3.511e-01   1.215e+00  18  sdss  6430  82N  4 
   40  54011.384269  0  22.847  0.557  0.263  0.331   2.710e+00   1.378e+00   6.939e-01   8.714e-01  12  sdss  6430  82N  4 
 1177  54021.390187  1  26.888  0.488  2.700  0.261  -1.569e+00   7.264e-01   4.219e+00   4.079e-01  18  sdss  6450  82N  4 
 1176  54021.386870  2  27.481  0.206  2.178  0.095  -5.077e+00   9.681e-01   1.035e+01   4.538e-01  20  sdss  6450  82N  4 
  184  54021.387699  3  22.599  0.433  1.157  0.201   3.133e+00   1.297e+00   3.607e+00   6.266e-01  20  sdss  6450  82N  4 
 1208  54021.389358  4  21.058  0.314  0.930  0.170   1.306e+01   3.953e+00   1.195e+01   2.190e+00  18  sdss  6450  82N  4 
   33  54021.388529  0  22.618  0.819  0.174  0.571   3.388e+00   2.294e+00   5.598e-01   1.836e+00  12  sdss  6450  82N  4 
   34  54025.384963  1  22.642  0.252  0.298  0.393   3.094e+00   7.229e-01   8.680e-01   1.145e+00  18  sdss  6461  82N  4 
   34  54025.381646  2  23.985  1.151  0.118  1.284   7.158e-01   1.237e+00   1.223e-01   1.331e+00  20  sdss  6461  82N  4 
   32  54025.382475  3  22.770  0.657  0.220  0.438   2.637e+00   1.646e+00   5.939e-01   1.182e+00  20  sdss  6461  82N  4 
  128  54025.384134  4  23.617  1.005  0.151  0.958  -4.164e+00   6.382e+00   9.356e-01   5.916e+00  18  sdss  6461  82N  4 
   10  54025.383305  0  21.344  0.245  0.295  0.445   1.119e+01   2.449e+00   3.004e+00   4.521e+00  12  sdss  6461  82N  4 
   32  54029.315387  1  23.436  0.381  0.181  0.315   1.437e+00   5.369e-01   2.629e-01   4.567e-01  18  sdss  6474  82N  4 
   32  54029.312070  2  22.731  0.335  0.083  0.181   2.857e+00   8.979e-01   2.282e-01   4.974e-01  20  sdss  6474  82N  4 
   32  54029.312899  3  23.809  0.940  0.241  0.443   6.840e-01   1.346e+00   3.227e-01   5.943e-01  20  sdss  6474  82N  4 
    0  54029.314558  4  23.182  0.844  0.441  0.457  -1.731e+00   4.676e+00   2.262e+00   2.340e+00  18  sdss  6474  82N  4 
   32  54029.313728  0  23.898  1.309  0.194  1.484   8.069e-01   1.731e+00   2.354e-01   1.801e+00  12  sdss  6474  82N  4 
   32  54031.301998  1  22.578  0.173  0.073  0.125   3.286e+00   5.315e-01   2.271e-01   3.865e-01  18  sdss  6484  82N  4 
   32  54031.298681  2  24.347  0.902  0.183  0.437   3.745e-01   8.462e-01   1.593e-01   3.804e-01  20  sdss  6484  82N  4 
   32  54031.299510  3  23.523  0.824  0.274  0.292   1.095e+00   1.281e+00   4.264e-01   4.532e-01  20  sdss  6484  82N  4 
   40  54031.301169  4  22.411  0.758  0.545  0.341   2.108e+00   4.197e+00   2.857e+00   1.786e+00  18  sdss  6484  82N  4 
   32  54031.300340  0  23.394  1.085  0.236  0.980   1.534e+00   1.686e+00   3.986e-01   1.659e+00  12  sdss  6484  82N  4 
   32  54036.306661  1  23.722  0.569  0.158  0.729   1.069e+00   6.227e-01   1.818e-01   8.373e-01  18  sdss  6504  82N  4 
   32  54036.303344  2  23.891  0.943  0.272  0.796   8.169e-01   1.027e+00   2.984e-01   8.742e-01  20  sdss  6504  82N  4 
   32  54036.304173  3  23.284  0.827  0.386  0.548   1.497e+00   1.442e+00   7.010e-01   9.959e-01  20  sdss  6504  82N  4 
  160  54036.305832  4  22.633  0.886  0.499  0.854   9.819e-01   4.862e+00   2.473e+00   4.236e+00  18  sdss  6504  82N  4 
   32  54036.305003  0  22.747  0.783  0.336  1.134   2.989e+00   1.994e+00   9.666e-01   3.260e+00  12  sdss  6504  82N  4 
   33  54039.304899  1  24.403  1.079  0.554  0.871   4.521e-01   8.206e-01   4.003e-01   6.285e-01  18  sdss  6513  82N  4 
   32  54039.301582  2  23.185  0.570  0.103  0.244   1.825e+00   1.001e+00   1.924e-01   4.543e-01  20  sdss  6513  82N  4 
   32  54039.302412  3  24.291  0.983  0.340  0.410   8.401e-02   1.332e+00   4.039e-01   4.867e-01  20  sdss  6513  82N  4 
  160  54039.304070  4  21.776  0.708  0.508  0.451   6.004e+00   5.026e+00   3.721e+00   3.307e+00  18  sdss  6513  82N  4 
  168  54039.303241  0  22.327  0.534  0.352  0.537   4.471e+00   2.072e+00   1.463e+00   2.233e+00  12  sdss  6513  82N  4 
   33  54041.275551  1  22.802  0.476  0.073  0.116   2.660e+00   1.136e+00   1.845e-01   2.939e-01  18  sdss  6524  82N  4 
    1  54041.272234  2  25.462  1.224  0.328  0.379  -5.602e-01   1.282e+00   3.119e-01   3.605e-01  20  sdss  6524  82N  4 
   33  54041.273063  3  23.194  0.797  0.341  0.197   1.665e+00   1.464e+00   6.607e-01   3.813e-01  20  sdss  6524  82N  4 
    0  54041.274722  4  23.585  0.654  0.284  0.260  -3.972e+00   3.993e+00   1.721e+00   1.580e+00  18  sdss  6524  82N  4 
    1  54041.273893  0  26.934  0.847  0.162  0.287  -4.182e+00   2.831e+00   6.342e-01   1.120e+00  12  sdss  6524  82N  4 
   33  54048.299106  1  24.582  1.185  0.178  0.542   3.288e-01   8.846e-01   1.182e-01   3.591e-01  18  sdss  6533  82N  4 
   33  54048.295789  2  24.798  0.977  0.347  0.365   3.227e-03   8.905e-01   2.776e-01   2.916e-01  20  sdss  6533  82N  4 
   32  54048.296618  3  23.779  0.834  0.232  0.264   7.245e-01   1.184e+00   3.148e-01   3.583e-01  20  sdss  6533  82N  4 
   32  54048.298277  4  22.074  0.589  0.137  0.323   4.007e+00   3.593e+00   8.333e-01   1.965e+00  18  sdss  6533  82N  4 
    1  54048.297448  0  26.077  1.596  0.241  0.862  -1.787e+00   2.681e+00   4.538e-01   1.625e+00  12  sdss  6533  82N  4 
   34  54052.303173  1  24.814  1.085  0.984  1.836   1.812e-01   7.629e-01   6.024e-01   1.124e+00  18  sdss  6552  82N  4 
    0  54052.299856  2  26.733  0.518  0.389  0.501  -2.495e+00   1.190e+00   9.477e-01   1.221e+00  20  sdss  6552  82N  4 
    0  54052.300685  3  25.418  1.006  0.517  0.752  -1.457e+00   1.732e+00   9.246e-01   1.345e+00  20  sdss  6552  82N  4 
   40  54052.302344  4  22.201  1.115  1.498  1.056   3.256e+00   6.913e+00   8.551e+00   6.025e+00  18  sdss  6552  82N  4 
    2  54052.301514  0  25.653  1.610  0.498  3.329  -1.093e+00   2.400e+00   6.898e-01   4.610e+00  12  sdss  6552  82N  4 
   32  54055.299005  1  24.840  0.900  0.265  1.217   1.654e-01   6.034e-01   1.611e-01   7.404e-01  18  sdss  6564  82N  4 
    0  54055.295688  2  25.631  0.912  0.268  0.801  -7.282e-01   9.586e-01   2.800e-01   8.359e-01  20  sdss  6564  82N  4 
   32  54055.296518  3  23.936  0.965  0.319  0.726   5.178e-01   1.350e+00   4.071e-01   9.273e-01  20  sdss  6564  82N  4 
    0  54055.298176  4  23.319  0.809  0.679  0.718  -2.452e+00   4.583e+00   3.642e+00   3.853e+00  18  sdss  6564  82N  4 
   32  54055.297347  0  22.500  0.688  0.362  0.952   3.793e+00   2.207e+00   1.291e+00   3.395e+00  12  sdss  6564  82N  4 
   32  54058.297179  1  23.968  0.653  0.300  0.717   8.116e-01   5.988e-01   2.857e-01   6.834e-01  18  sdss  6577  82N  4 
    0  54058.293862  2  26.029  0.750  0.412  0.508  -1.203e+00   9.690e-01   5.642e-01   6.942e-01  20  sdss  6577  82N  4 
   32  54058.294691  3  24.279  1.059  0.963  0.697   9.827e-02   1.464e+00   1.144e+00   8.281e-01  20  sdss  6577  82N  4 
  136  54058.296350  4  22.964  0.944  1.415  0.707  -6.433e-01   5.226e+00   6.952e+00   3.471e+00  18  sdss  6577  82N  4 
   40  54058.295520  0  22.617  0.687  0.641  0.830   3.393e+00   1.997e+00   2.064e+00   2.671e+00  12  sdss  6577  82N  4 
    0  54060.319143  1  26.127  0.641  0.103  0.548  -6.834e-01   5.397e-01   8.865e-02   4.731e-01  18  sdss  6584  82N  4 
    0  54060.315826  2  25.249  0.902  0.283  0.584  -3.674e-01   8.446e-01   2.461e-01   5.072e-01  20  sdss  6584  82N  4 
    0  54060.316656  3  25.800  0.567  0.115  0.288  -2.246e+00   1.285e+00   2.738e-01   6.860e-01  20  sdss  6584  82N  4 
   32  54060.318314  4  22.572  0.772  0.395  0.472   1.285e+00   4.164e+00   1.980e+00   2.366e+00  18  sdss  6584  82N  4 
    0  54060.317485  0  26.810  0.581  0.069  0.541  -3.719e+00   1.881e+00   2.411e-01   1.895e+00  12  sdss  6584  82N  4 
   32  54063.287537  1  24.760  0.760  0.406  0.577   2.144e-01   5.023e-01   2.525e-01   3.583e-01  18  sdss  6600  82N  4 
    0  54063.284220  2  25.827  0.689  0.358  0.341  -9.453e-01   7.933e-01   4.232e-01   4.033e-01  20  sdss  6600  82N  4 
   32  54063.285049  3  24.079  0.905  0.273  0.365   3.390e-01   1.222e+00   3.347e-01   4.466e-01  20  sdss  6600  82N  4 
    0  54063.286707  4  23.632  0.684  0.251  0.320  -4.258e+00   4.265e+00   1.565e+00   1.994e+00  18  sdss  6600  82N  4 
    0  54063.285878  0  25.063  1.300  0.485  1.426  -3.933e-01   1.614e+00   5.008e-01   1.472e+00  12  sdss  6600  82N  4 
