# SDSS CID:  14327 IAU:          RA:   2.345598 DEC:  -0.190281  (J2000)
# GALAXY_SB [ugriz] = [ 24.52 24.85 23.44 22.86 22.07 ] +/- [  0.51  0.13  0.06  0.05  0.08 ] (asinh mag/square arcsec)
# GALAXY_SB_FLUX [ugriz] = [  1.129E-01  1.600E-01  1.399E+00  2.410E+00  3.994E+00 ] +/- [  4.983E-01  8.186E-02  9.178E-02  1.167E-01  4.696E-01 ] (microJy per square arcsec)
#FLAG  MJD       FILT  MAG     MERR  MSKYERR MGALERR  FLUX       FLUXERR    SKYERR     GALERR    NPRE TELE   RUN  STRIP  IDCCD
   32  53974.317390  1  24.497  0.670  0.164  0.508   3.858e-01   4.696e-01   1.126e-01   3.489e-01  17  sdss  6283  82N  3 
    0  53974.314073  2  25.277  0.777  0.270  0.366  -3.918e-01   7.172e-01   2.369e-01   3.206e-01  18  sdss  6283  82N  3 
    0  53974.314902  3  24.636  0.853  0.250  0.316  -3.280e-01   1.138e+00   3.056e-01   3.866e-01  19  sdss  6283  82N  3 
   32  53974.316561  4  21.927  0.551  0.303  0.229   4.945e+00   3.646e+00   2.028e+00   1.532e+00  19  sdss  6283  82N  3 
  136  53974.315731  0  26.692  0.472  0.375  0.887  -3.318e+00   1.384e+00   1.156e+00   2.738e+00  7  sdss  6283  82N  3 
   33  53989.321067  1  25.045  1.556  0.283  0.589   4.300e-02   1.264e+00   1.672e-01   3.475e-01  17  sdss  6314  82N  3 
    1  53989.317749  2  25.182  1.283  0.367  0.416  -3.100e-01   1.306e+00   3.117e-01   3.529e-01  18  sdss  6314  82N  3 
   33  53989.318578  3  24.103  1.116  0.653  0.383   3.093e-01   1.586e+00   7.960e-01   4.669e-01  19  sdss  6314  82N  3 
   32  53989.320237  4  21.305  0.440  0.237  0.181   1.017e+01   4.509e+00   2.510e+00   1.918e+00  19  sdss  6314  82N  3 
  129  53989.319408  0  22.465  1.215  0.351  0.793   3.921e+00   3.358e+00   1.261e+00   2.850e+00  7  sdss  6314  82N  3 
  152  53997.417069  1  22.672  0.215  0.612  0.225   3.007e+00   5.964e-01   1.720e+00   6.335e-01  17  sdss  6373  82N  3 
   32  53997.413752  2  22.627  0.322  0.256  0.263   3.157e+00   9.471e-01   7.724e-01   7.949e-01  18  sdss  6373  82N  3 
 1208  53997.414581  3  22.857  0.550  4.075  0.336   2.410e+00   1.319e+00   1.029e+01   8.476e-01  19  sdss  6373  82N  3 
 1176  53997.416240  4  23.568  0.722  5.346  0.479  -3.864e+00   4.410e+00   3.232e+01   2.896e+00  19  sdss  6373  82N  3 
    8  53997.415410  0  25.857  1.126  1.018  2.512  -1.399e+00   1.663e+00   1.597e+00   3.943e+00  7  sdss  6373  82N  3 
    0  54000.296587  1  22.669  0.201  0.103  0.220   3.016e+00   5.607e-01   2.894e-01   6.206e-01  17  sdss  6383  82N  3 
   32  54000.293270  2  21.991  0.170  0.104  0.123   5.743e+00   9.033e-01   5.573e-01   6.612e-01  18  sdss  6383  82N  3 
   32  54000.294099  3  22.357  0.381  0.165  0.218   3.975e+00   1.422e+00   6.360e-01   8.405e-01  19  sdss  6383  82N  3 
   32  54000.295757  4  21.497  0.533  0.125  0.331   8.285e+00   4.654e+00   1.140e+00   3.011e+00  19  sdss  6383  82N  3 
    0  54000.294928  0  26.320  0.830  0.071  1.916  -2.299e+00   1.671e+00   1.588e-01   4.307e+00  7  sdss  6383  82N  3 
 1176  54006.243605  1  23.134  0.419  1.506  0.426   1.937e+00   7.514e-01   2.809e+00   7.941e-01  17  sdss  6409  82N  3 
  164  54006.240288  2  22.126  0.334  0.428  0.193   5.063e+00   1.538e+00   2.029e+00   9.156e-01  18  sdss  6409  82N  3 
  184  54006.241117  3  22.279  0.440  5.392  0.379   4.286e+00   1.740e+00   2.230e+01   1.567e+00  19  sdss  6409  82N  3 
 1208  54006.242776  4  22.549  0.977  9.400  0.769   1.399e+00   5.531e+00   4.744e+01   3.879e+00  19  sdss  6409  82N  3 
 1158  54006.241947  0  26.898  0.780  0.272  2.264  -4.041e+00   2.522e+00   1.006e+00   8.370e+00  7  sdss  6409  82N  3 
    0  54007.346890  1  23.100  0.265  0.088  0.188   2.002e+00   5.015e-01   1.691e-01   3.611e-01  17  sdss  6414  82N  3 
    0  54007.343573  2  22.020  0.154  0.042  0.068   5.590e+00   8.003e-01   2.192e-01   3.524e-01  18  sdss  6414  82N  3 
   32  54007.344402  3  22.467  0.359  0.043  0.121   3.572e+00   1.225e+00   1.494e-01   4.235e-01  19  sdss  6414  82N  3 
   32  54007.346061  4  22.463  0.731  0.108  0.317   1.841e+00   3.992e+00   5.599e-01   1.636e+00  19  sdss  6414  82N  3 
    0  54007.345232  0  23.003  0.810  0.391  1.319   2.319e+00   1.648e+00   8.844e-01   2.988e+00  7  sdss  6414  82N  3 
    0  54009.270473  1  22.845  0.245  0.128  0.215   2.553e+00   5.815e-01   3.084e-01   5.170e-01  17  sdss  6421  82N  3 
    0  54009.267156  2  22.033  0.161  0.074  0.080   5.522e+00   8.227e-01   3.802e-01   4.132e-01  18  sdss  6421  82N  3 
   32  54009.267986  3  22.386  0.336  0.096  0.139   3.865e+00   1.231e+00   3.621e-01   5.225e-01  19  sdss  6421  82N  3 
   32  54009.269644  4  21.846  0.558  0.067  0.291   5.505e+00   3.864e+00   4.759e-01   2.056e+00  19  sdss  6421  82N  3 
  136  54009.268815  0  23.019  0.815  0.582  1.670   2.281e+00   1.638e+00   1.300e+00   3.731e+00  7  sdss  6421  82N  3 
    1  54011.334987  1  23.157  0.490  0.148  0.162   1.894e+00   8.489e-01   2.706e-01   2.971e-01  17  sdss  6430  82N  3 
   33  54011.331670  2  22.356  0.265  0.083  0.078   4.081e+00   1.002e+00   3.193e-01   3.000e-01  18  sdss  6430  82N  3 
   32  54011.332499  3  22.480  0.367  0.066  0.072   3.526e+00   1.236e+00   2.292e-01   2.493e-01  19  sdss  6430  82N  3 
   32  54011.334158  4  21.817  0.526  0.046  0.166   5.711e+00   3.714e+00   3.307e-01   1.195e+00  19  sdss  6430  82N  3 
 1153  54011.333328  0  23.801  1.326  0.196  1.370   9.294e-01   1.792e+00   2.495e-01   1.740e+00  7  sdss  6430  82N  3 
   25  54019.284944  1  23.232  0.571  2.252  0.203   1.760e+00   9.127e-01   3.857e+00   3.485e-01  17  sdss  6441  82N  3 
   33  54019.281628  2  22.719  0.322  0.099  0.100   2.890e+00   8.747e-01   2.745e-01   2.783e-01  18  sdss  6441  82N  3 
   32  54019.282457  3  22.207  0.283  0.084  0.073   4.591e+00   1.223e+00   3.682e-01   3.231e-01  19  sdss  6441  82N  3 
   60  54019.284115  4  22.633  0.872  3.591  0.297   9.807e-01   4.768e+00   1.781e+01   1.473e+00  19  sdss  6441  82N  3 
  129  54019.283286  0  25.294  1.533  0.703  1.841  -6.430e-01   2.103e+00   7.897e-01   2.067e+00  7  sdss  6441  82N  3 
   25  54021.338956  1  23.109  0.354  1.330  0.159   1.985e+00   6.554e-01   2.536e+00   3.031e-01  17  sdss  6450  82N  3 
   32  54021.335639  2  22.565  0.266  0.097  0.097   3.348e+00   8.353e-01   3.093e-01   3.112e-01  18  sdss  6450  82N  3 
  184  54021.336468  3  22.573  0.366  1.693  0.102   3.214e+00   1.138e+00   5.414e+00   3.272e-01  19  sdss  6450  82N  3 
 1176  54021.338127  4  22.907  0.675  3.379  0.276  -3.647e-01   3.512e+00   1.652e+01   1.349e+00  19  sdss  6450  82N  3 
 1161  54021.337297  0  24.302  1.402  1.857  1.974   3.586e-01   1.793e+00   1.892e+00   2.012e+00  7  sdss  6450  82N  3 
   32  54025.333612  1  24.004  0.660  0.162  0.754   7.772e-01   5.879e-01   1.496e-01   6.955e-01  17  sdss  6461  82N  3 
   32  54025.330295  2  22.957  0.433  0.201  0.272   2.294e+00   9.404e-01   4.547e-01   6.145e-01  18  sdss  6461  82N  3 
   32  54025.331124  3  22.779  0.543  0.305  0.243   2.612e+00   1.385e+00   8.200e-01   6.544e-01  19  sdss  6461  82N  3 
    0  54025.332783  4  24.383  0.504  0.095  0.318  -1.041e+01   5.198e+00   1.022e+00   3.432e+00  19  sdss  6461  82N  3 
  128  54025.331954  0  26.312  0.932  0.180  2.029  -2.280e+00   1.829e+00   4.016e-01   4.532e+00  7  sdss  6461  82N  3 
   32  54029.263926  1  23.874  0.618  0.115  0.730   9.040e-01   6.002e-01   1.170e-01   7.408e-01  17  sdss  6474  82N  3 
   32  54029.260609  2  23.331  0.586  0.220  0.301   1.570e+00   9.179e-01   3.640e-01   4.972e-01  18  sdss  6474  82N  3 
    0  54029.261438  3  25.905  0.790  0.654  0.497  -2.507e+00   1.869e+00   1.704e+00   1.293e+00  19  sdss  6474  82N  3 
    0  54029.263097  4  23.425  1.125  1.167  0.886  -3.035e+00   6.937e+00   6.565e+00   4.984e+00  19  sdss  6474  82N  3 
  130  54029.262267  0  23.150  1.314  1.140  3.759   1.993e+00   2.266e+00   2.291e+00   7.550e+00  7  sdss  6474  82N  3 
   32  54031.250477  1  24.358  0.645  0.238  0.426   4.853e-01   4.771e-01   1.753e-01   3.140e-01  17  sdss  6484  82N  3 
   32  54031.247160  2  23.527  0.563  0.188  0.182   1.270e+00   7.677e-01   2.666e-01   2.582e-01  18  sdss  6484  82N  3 
   32  54031.247990  3  22.683  0.427  0.131  0.106   2.880e+00   1.200e+00   3.821e-01   3.092e-01  19  sdss  6484  82N  3 
   32  54031.249648  4  21.584  0.496  0.185  0.164   7.523e+00   4.088e+00   1.574e+00   1.391e+00  19  sdss  6484  82N  3 
  128  54031.248819  0  25.521  1.111  0.137  1.727  -9.171e-01   1.443e+00   1.734e-01   2.181e+00  7  sdss  6484  82N  3 
    0  54036.255003  1  25.120  0.980  1.484  1.856  -9.528e-04   6.582e-01   8.741e-01   1.093e+00  17  sdss  6504  82N  3 
   32  54036.251686  2  23.375  0.832  0.619  0.825   1.498e+00   1.213e+00   9.878e-01   1.318e+00  18  sdss  6504  82N  3 
   32  54036.252515  3  23.624  1.115  1.048  1.059   9.429e-01   1.728e+00   1.541e+00   1.557e+00  19  sdss  6504  82N  3 
   32  54036.254174  4  22.219  0.967  0.557  1.000   3.158e+00   5.822e+00   3.167e+00   5.685e+00  19  sdss  6504  82N  3 
  130  54036.253345  0  24.373  1.571  1.854  7.926   2.869e-01   2.125e+00   1.856e+00   7.937e+00  7  sdss  6504  82N  3 
    1  54039.253164  1  26.942  0.554  0.098  0.208  -1.655e+00   8.443e-01   1.592e-01   3.371e-01  17  sdss  6513  82N  3 
   33  54039.249848  2  23.535  0.717  0.110  0.206   1.259e+00   9.546e-01   1.548e-01   2.906e-01  18  sdss  6513  82N  3 
    0  54039.250677  3  24.751  0.929  0.286  0.280  -4.700e-01   1.282e+00   3.611e-01   3.528e-01  19  sdss  6513  82N  3 
   32  54039.252335  4  21.848  0.558  0.240  0.209   5.491e+00   3.859e+00   1.693e+00   1.471e+00  19  sdss  6513  82N  3 
 1153  54039.251506  0  26.749  0.690  0.201  0.704  -3.507e+00   2.018e+00   6.518e-01   2.283e+00  7  sdss  6513  82N  3 
   33  54048.247138  1  24.691  1.162  0.318  0.527   2.583e-01   8.473e-01   2.018e-01   3.343e-01  17  sdss  6533  82N  3 
   33  54048.243821  2  23.511  0.638  0.065  0.185   1.292e+00   8.718e-01   9.339e-02   2.649e-01  18  sdss  6533  82N  3 
   32  54048.244650  3  23.315  0.685  0.071  0.164   1.442e+00   1.185e+00   1.272e-01   2.923e-01  19  sdss  6533  82N  3 
   32  54048.246309  4  22.678  0.693  0.419  0.295   7.594e-01   3.642e+00   2.064e+00   1.454e+00  19  sdss  6533  82N  3 
  129  54048.245479  0  26.547  0.924  0.022  0.742  -2.883e+00   2.160e+00   6.105e-02   2.020e+00  7  sdss  6533  82N  3 
  160  54052.251112  1  24.159  1.343  1.589  2.209   6.413e-01   1.143e+00   1.320e+00   1.835e+00  17  sdss  6552  82N  3 
   34  54052.247795  2  23.138  0.928  1.137  1.170   1.914e+00   1.570e+00   2.205e+00   2.269e+00  18  sdss  6552  82N  3 
   34  54052.248624  3  23.172  1.288  0.802  1.302   1.709e+00   2.381e+00   1.583e+00   2.571e+00  19  sdss  6552  82N  3 
    2  54052.250283  4  23.446  1.268  1.659  1.329  -3.154e+00   8.125e+00   9.428e+00   7.555e+00  19  sdss  6552  82N  3 
    2  54052.249453  0  26.438  1.159  0.357  4.202  -2.587e+00   2.375e+00   8.859e-01   1.042e+01  7  sdss  6552  82N  3 
    0  54054.269652  1  27.183  0.628  0.605  0.852  -2.093e+00   1.152e+00   1.210e+00   1.706e+00  17  sdss  6559  82N  3 
   34  54054.266335  2  22.977  0.672  0.338  0.794   2.249e+00   1.366e+00   7.503e-01   1.765e+00  18  sdss  6559  82N  3 
   34  54054.267164  3  22.967  0.854  0.717  0.779   2.145e+00   1.804e+00   1.656e+00   1.800e+00  19  sdss  6559  82N  3 
   34  54054.268823  4  21.314  0.767  0.878  0.795   1.007e+01   7.370e+00   9.238e+00   8.366e+00  19  sdss  6559  82N  3 
    0  54054.267994  0  26.151  1.859  1.129  4.829  -1.932e+00   3.310e+00   2.215e+00   9.474e+00  7  sdss  6559  82N  3 
   32  54055.246877  1  24.339  0.738  0.286  0.740   4.988e-01   5.526e-01   2.131e-01   5.513e-01  17  sdss  6564  82N  3 
   32  54055.243560  2  24.377  0.877  0.388  0.505   3.485e-01   8.134e-01   3.340e-01   4.351e-01  18  sdss  6564  82N  3 
   32  54055.244389  3  23.013  0.578  0.140  0.235   2.041e+00   1.230e+00   3.122e-01   5.238e-01  19  sdss  6564  82N  3 
   32  54055.246047  4  22.401  0.704  0.415  0.412   2.162e+00   3.884e+00   2.189e+00   2.174e+00  19  sdss  6564  82N  3 
  128  54055.245218  0  25.040  1.321  0.179  3.259  -3.699e-01   1.647e+00   1.830e-01   3.332e+00  7  sdss  6564  82N  3 
    0  54058.244986  1  23.291  0.373  0.304  0.405   1.661e+00   5.886e-01   4.951e-01   6.587e-01  17  sdss  6577  82N  3 
   32  54058.241669  2  24.143  0.942  0.372  0.616   5.593e-01   9.363e-01   3.540e-01   5.862e-01  18  sdss  6577  82N  3 
   32  54058.242498  3  22.815  0.573  0.189  0.239   2.517e+00   1.413e+00   4.921e-01   6.234e-01  19  sdss  6577  82N  3 
   32  54058.244157  4  22.062  0.784  0.557  0.433   4.082e+00   4.874e+00   3.437e+00   2.674e+00  19  sdss  6577  82N  3 
  128  54058.243327  0  22.437  0.527  0.285  1.141   4.028e+00   1.818e+00   1.050e+00   4.204e+00  7  sdss  6577  82N  3 
   32  54060.266910  1  24.959  0.842  0.454  0.888   9.373e-02   5.503e-01   2.699e-01   5.286e-01  17  sdss  6584  82N  3 
   32  54060.263593  2  24.306  0.942  0.568  0.615   4.103e-01   8.977e-01   5.024e-01   5.436e-01  18  sdss  6584  82N  3 
   32  54060.264423  3  23.976  0.947  0.324  0.451   4.671e-01   1.312e+00   4.082e-01   5.684e-01  19  sdss  6584  82N  3 
   32  54060.266081  4  22.024  0.706  0.380  0.353   4.318e+00   4.444e+00   2.398e+00   2.226e+00  19  sdss  6584  82N  3 
    8  54060.265252  0  25.305  1.425  1.408  3.858  -6.559e-01   1.892e+00   1.589e+00   4.354e+00  7  sdss  6584  82N  3 
    0  54063.235245  1  26.201  0.630  0.340  0.651  -7.489e-01   5.518e-01   3.070e-01   5.880e-01  17  sdss  6600  82N  3 
    0  54063.231928  2  24.874  0.933  0.515  0.495  -5.742e-02   8.414e-01   4.128e-01   3.963e-01  18  sdss  6600  82N  3 
   32  54063.232757  3  23.651  0.865  0.476  0.248   9.037e-01   1.285e+00   6.903e-01   3.587e-01  19  sdss  6600  82N  3 
    0  54063.234416  4  22.954  0.985  0.703  0.544  -5.937e-01   5.507e+00   3.449e+00   2.669e+00  19  sdss  6600  82N  3 
    0  54063.233587  0  27.061  0.383  0.068  0.716  -4.718e+00   1.578e+00   2.911e-01   3.062e+00  7  sdss  6600  82N  3 
