# SDSS CID:  18786 IAU:          RA:  57.859734 DEC:  -0.928964  (J2000)
# GALAXY_SB [ugriz] = [ 24.76 23.39 21.77 21.09 20.75 ] +/- [  0.31  0.05  0.01  0.01  0.03 ] (asinh mag/square arcsec)
# GALAXY_SB_FLUX [ugriz] = [ -1.263E-01  1.496E+00  7.058E+00  1.302E+01  1.755E+01 ] +/- [  3.006E-01  7.271E-02  9.457E-02  1.471E-01  5.603E-01 ] (microJy per square arcsec)
#FLAG  MJD       FILT  MAG     MERR  MSKYERR MGALERR  FLUX       FLUXERR    SKYERR     GALERR    NPRE TELE   RUN  STRIP  IDCCD
   32  54358.438255  1  23.921  0.552  0.252  0.437   8.571e-01   5.220e-01   2.464e-01   4.267e-01  21  sdss  6958  82N  1 
   32  54358.434938  2  23.741  0.742  0.263  0.460   9.891e-01   8.693e-01   3.190e-01   5.582e-01  23  sdss  6958  82N  1 
   32  54358.435767  3  23.996  0.980  0.632  0.637   4.416e-01   1.361e+00   7.907e-01   7.974e-01  23  sdss  6958  82N  1 
   32  54358.437426  4  21.241  0.402  0.150  0.265   1.087e+01   4.329e+00   1.665e+00   2.934e+00  23  sdss  6958  82N  1 
   32  54358.436597  0  23.536  1.070  0.288  1.569   1.303e+00   1.537e+00   4.339e-01   2.360e+00  17  sdss  6958  82N  1 
    0  54365.471950  1  22.664  0.173  0.072  0.107   3.030e+00   4.852e-01   2.020e-01   3.011e-01  21  sdss  6982  82N  1 
   32  54365.468632  2  22.499  0.233  0.119  0.117   3.564e+00   7.768e-01   4.016e-01   3.972e-01  23  sdss  6982  82N  1 
   32  54365.469462  3  22.215  0.274  0.117  0.126   4.556e+00   1.173e+00   5.114e-01   5.513e-01  23  sdss  6982  82N  1 
   32  54365.471120  4  21.883  0.505  0.257  0.364   5.248e+00   3.414e+00   1.763e+00   2.494e+00  23  sdss  6982  82N  1 
    8  54365.470291  0  26.430  0.539  0.352  0.640  -2.567e+00   1.254e+00   8.671e-01   1.578e+00  17  sdss  6982  82N  1 
   32  54381.492388  1  22.628  0.212  0.145  0.211   3.135e+00   6.116e-01   4.219e-01   6.157e-01  21  sdss  7034  82N  1 
   32  54381.489070  2  22.051  0.180  0.055  0.111   5.429e+00   9.036e-01   2.810e-01   5.623e-01  23  sdss  7034  82N  1 
   32  54381.489900  3  21.993  0.258  0.134  0.143   5.626e+00   1.350e+00   7.132e-01   7.598e-01  23  sdss  7034  82N  1 
   32  54381.491559  4  22.085  0.708  0.495  0.562   3.941e+00   4.330e+00   3.006e+00   3.412e+00  23  sdss  7034  82N  1 
    0  54381.490729  0  24.798  1.395  1.243  2.964  -1.289e-01   1.758e+00   1.213e+00   2.891e+00  17  sdss  7034  82N  1 
   32  54386.485163  1  23.224  0.331  0.242  0.304   1.774e+00   5.548e-01   4.162e-01   5.229e-01  21  sdss  7054  82N  1 
   32  54386.481846  2  22.238  0.200  0.090  0.111   4.558e+00   8.474e-01   3.856e-01   4.740e-01  23  sdss  7054  82N  1 
   32  54386.482675  3  22.363  0.334  0.140  0.167   3.951e+00   1.247e+00   5.357e-01   6.391e-01  23  sdss  7054  82N  1 
   32  54386.484334  4  22.113  0.634  0.415  0.507   3.772e+00   3.820e+00   2.479e+00   3.033e+00  23  sdss  7054  82N  1 
   32  54386.483504  0  23.326  1.000  0.090  1.421   1.654e+00   1.601e+00   1.586e-01   2.491e+00  17  sdss  7054  82N  1 
   32  54388.489360  1  23.556  0.434  0.125  0.331   1.271e+00   5.438e-01   1.629e-01   4.294e-01  21  sdss  7060  82N  1 
   32  54388.486043  2  22.174  0.204  0.054  0.099   4.840e+00   9.134e-01   2.432e-01   4.491e-01  23  sdss  7060  82N  1 
   32  54388.486872  3  22.521  0.433  0.204  0.204   3.386e+00   1.386e+00   6.803e-01   6.816e-01  23  sdss  7060  82N  1 
   32  54388.488531  4  21.832  0.620  0.347  0.371   5.605e+00   4.300e+00   2.458e+00   2.630e+00  23  sdss  7060  82N  1 
   40  54388.487702  0  23.273  0.996  0.752  1.213   1.751e+00   1.645e+00   1.372e+00   2.214e+00  17  sdss  7060  82N  1 
   32  54392.487105  1  23.302  0.354  0.123  0.282   1.643e+00   5.536e-01   1.977e-01   4.525e-01  21  sdss  7077  82N  1 
   32  54392.483788  2  23.663  0.815  0.380  0.455   1.087e+00   9.946e-01   4.872e-01   5.824e-01  23  sdss  7077  82N  1 
   32  54392.484617  3  22.459  0.427  0.187  0.195   3.598e+00   1.443e+00   6.589e-01   6.845e-01  23  sdss  7077  82N  1 
   32  54392.486276  4  21.908  0.676  0.351  0.400   5.077e+00   4.491e+00   2.367e+00   2.696e+00  23  sdss  7077  82N  1 
   32  54392.485447  0  24.642  1.392  0.602  2.277   2.292e-02   1.750e+00   5.834e-01   2.207e+00  17  sdss  7077  82N  1 
   32  54393.492969  1  23.946  0.594  0.243  0.420   8.326e-01   5.509e-01   2.328e-01   4.033e-01  21  sdss  7081  82N  1 
   32  54393.489651  2  22.198  0.201  0.111  0.068   4.732e+00   8.819e-01   4.905e-01   3.023e-01  23  sdss  7081  82N  1 
   32  54393.490480  3  22.406  0.447  0.271  0.126   3.789e+00   1.573e+00   9.985e-01   4.635e-01  23  sdss  7081  82N  1 
  128  54393.492139  4  23.820  0.687  0.116  0.385  -5.507e+00   4.716e+00   8.125e-01   2.700e+00  23  sdss  7081  82N  1 
 1184  54393.491310  0  23.460  1.322  0.217  1.709   1.424e+00   1.987e+00   3.447e-01   2.713e+00  17  sdss  7081  82N  1 
   33  54396.356782  1  24.045  1.676  0.734  1.029   7.398e-01   1.577e+00   6.563e-01   9.205e-01  21  sdss  7095  82N  1 
   33  54396.353465  2  23.005  0.817  0.608  0.481   2.186e+00   1.567e+00   1.319e+00   1.043e+00  23  sdss  7095  82N  1 
   32  54396.354294  3  22.990  0.928  0.595  0.640   2.093e+00   1.907e+00   1.345e+00   1.448e+00  23  sdss  7095  82N  1 
   32  54396.355953  4  21.289  0.518  0.274  0.475   1.033e+01   5.271e+00   2.926e+00   5.065e+00  23  sdss  7095  82N  1 
    1  54396.355123  0  27.217  0.839  0.484  0.798  -5.467e+00   3.517e+00   2.382e+00   3.929e+00  17  sdss  7095  82N  1 
   25  54403.403596  1  26.971  0.980  2.441  0.316  -1.703e+00   1.376e+00   4.049e+00   5.235e-01  21  sdss  7106  82N  1 
 1081  54403.400279  2  22.667  0.665  6.186  0.158   3.037e+00   1.754e+00   1.802e+01   4.597e-01  23  sdss  7106  82N  1 
 1081  54403.401108  3  23.357  1.055  8.277  0.411   1.367e+00   1.780e+00   1.431e+01   7.106e-01  23  sdss  7106  82N  1 
   32  54403.402767  4  22.780  0.841  0.652  0.536   2.593e-01   4.525e+00   3.184e+00   2.615e+00  23  sdss  7106  82N  1 
    1  54403.401938  0  25.706  1.802  1.017  1.408  -1.170e+00   2.862e+00   1.440e+00   1.994e+00  17  sdss  7106  82N  1 
   33  54406.397819  1  24.404  0.782  0.227  0.383   4.512e-01   5.717e-01   1.629e-01   2.747e-01  21  sdss  7121  82N  1 
   32  54406.394501  2  22.771  0.318  0.096  0.110   2.749e+00   8.255e-01   2.560e-01   2.929e-01  23  sdss  7121  82N  1 
   32  54406.395331  3  22.244  0.288  0.085  0.098   4.432e+00   1.200e+00   3.614e-01   4.151e-01  23  sdss  7121  82N  1 
   32  54406.396989  4  22.214  0.600  0.279  0.352   3.186e+00   3.467e+00   1.584e+00   1.999e+00  23  sdss  7121  82N  1 
    0  54406.396160  0  22.770  0.650  0.317  0.565   2.922e+00   1.643e+00   8.727e-01   1.559e+00  17  sdss  7121  82N  1 
   32  54409.402707  1  24.988  0.762  0.202  0.543   7.667e-02   4.888e-01   1.198e-01   3.223e-01  21  sdss  7130  82N  1 
   32  54409.399389  2  24.258  0.872  0.348  0.408   4.534e-01   8.311e-01   3.135e-01   3.677e-01  23  sdss  7130  82N  1 
   32  54409.400219  3  22.559  0.412  0.094  0.162   3.261e+00   1.282e+00   3.047e-01   5.214e-01  23  sdss  7130  82N  1 
   24  54409.401877  4  24.519  0.337  1.388  0.187  -1.195e+01   3.951e+00   1.665e+01   2.248e+00  23  sdss  7130  82N  1 
   32  54409.401048  0  23.959  1.153  0.465  1.529   7.335e-01   1.450e+00   5.414e-01   1.782e+00  17  sdss  7130  82N  1 
   36  54412.423488  1  25.023  1.246  0.640  0.839   5.631e-02   9.063e-01   3.782e-01   4.959e-01  21  sdss  7142  82N  1 
    4  54412.420171  2  26.626  0.806  0.579  0.214  -2.245e+00   1.583e+00   1.285e+00   4.754e-01  23  sdss  7142  82N  1 
   36  54412.421000  3  23.968  1.214  0.881  0.507   4.768e-01   1.798e+00   1.112e+00   6.402e-01  23  sdss  7142  82N  1 
   36  54412.422659  4  22.653  1.188  0.768  0.590   8.803e-01   7.053e+00   3.796e+00   2.917e+00  23  sdss  7142  82N  1 
   44  54412.421829  0  23.603  1.629  2.136  1.847   1.202e+00   2.473e+00   3.071e+00   2.655e+00  17  sdss  7142  82N  1 
   32  54416.396742  1  24.068  0.570  0.192  0.350   7.191e-01   4.907e-01   1.688e-01   3.084e-01  21  sdss  7155  82N  1 
   32  54416.393425  2  23.183  0.430  0.146  0.149   1.829e+00   7.746e-01   2.720e-01   2.780e-01  23  sdss  7155  82N  1 
   32  54416.394254  3  23.408  0.736  0.258  0.228   1.280e+00   1.205e+00   4.307e-01   3.814e-01  23  sdss  7155  82N  1 
   32  54416.395913  4  22.280  0.702  0.320  0.379   2.816e+00   4.000e+00   1.766e+00   2.094e+00  23  sdss  7155  82N  1 
    0  54416.395084  0  25.689  1.056  0.127  1.116  -1.145e+00   1.448e+00   1.783e-01   1.563e+00  17  sdss  7155  82N  1 
   32  54421.402537  1  24.534  0.816  0.493  0.823   3.604e-01   5.733e-01   3.326e-01   5.550e-01  21  sdss  7170  82N  1 
    0  54421.399220  2  24.858  1.004  0.390  0.651  -4.466e-02   9.217e-01   3.116e-01   5.206e-01  23  sdss  7170  82N  1 
   32  54421.400049  3  22.800  0.597  0.158  0.274   2.558e+00   1.480e+00   4.161e-01   7.226e-01  23  sdss  7170  82N  1 
   32  54421.401707  4  21.733  0.772  0.375  0.501   6.326e+00   5.619e+00   2.843e+00   3.795e+00  23  sdss  7170  82N  1 
    0  54421.400878  0  22.489  0.533  0.406  0.799   3.833e+00   1.756e+00   1.429e+00   2.814e+00  17  sdss  7170  82N  1 
   32  54423.379091  1  24.365  0.690  0.271  0.558   4.798e-01   5.092e-01   1.987e-01   4.092e-01  21  sdss  7177  82N  1 
   32  54423.375774  2  24.176  0.898  0.567  0.580   5.286e-01   8.788e-01   5.306e-01   5.424e-01  23  sdss  7177  82N  1 
   32  54423.376603  3  23.898  0.906  0.370  0.441   5.663e-01   1.262e+00   4.782e-01   5.701e-01  23  sdss  7177  82N  1 
   32  54423.378262  4  21.105  0.337  0.118  0.238   1.246e+01   4.095e+00   1.467e+00   2.962e+00  23  sdss  7177  82N  1 
    0  54423.377432  0  25.938  0.950  0.114  1.327  -1.535e+00   1.469e+00   1.892e-01   2.211e+00  17  sdss  7177  82N  1 
   33  54433.401838  1  24.242  1.549  0.417  0.663   5.735e-01   1.353e+00   3.279e-01   5.219e-01  21  sdss  7202  82N  1 
    1  54433.398520  2  27.089  0.694  0.228  0.274  -3.511e+00   2.071e+00   7.590e-01   9.133e-01  23  sdss  7202  82N  1 
   32  54433.399350  3  23.709  1.239  1.411  0.627   8.208e-01   1.926e+00   1.982e+00   8.809e-01  23  sdss  7202  82N  1 
    0  54433.401008  4  24.308  0.565  0.394  0.278  -9.620e+00   5.407e+00   3.968e+00   2.800e+00  23  sdss  7202  82N  1 
    1  54433.400179  0  22.352  1.364  0.363  0.719   4.368e+00   3.945e+00   1.442e+00   2.860e+00  17  sdss  7202  82N  1 
