# SDSS CID:  14769 IAU:          RA:  40.722980 DEC:   1.226323  (J2000)
# GALAXY_SB [ugriz] = [ 23.76 23.70 23.38 23.03 22.37 ] +/- [  0.24  0.06  0.07  0.08  0.13 ] (asinh mag/square arcsec)
# GALAXY_SB_FLUX [ugriz] = [  9.357E-01  1.086E+00  1.494E+00  2.009E+00  2.270E+00 ] +/- [  3.112E-01  7.009E-02  1.068E-01  1.731E-01  6.654E-01 ] (microJy per square arcsec)
#FLAG  MJD       FILT  MAG     MERR  MSKYERR MGALERR  FLUX       FLUXERR    SKYERR     GALERR    NPRE TELE   RUN  STRIP  IDCCD
    1  53989.425612  1  23.071  0.726  0.153  0.131   2.057e+00   1.287e+00   3.048e-01   2.602e-01  20  sdss  6314  82N  6 
    1  53989.422294  2  25.118  1.349  0.359  0.449  -2.561e-01   1.395e+00   2.990e-01   3.742e-01  22  sdss  6314  82N  6 
    1  53989.423123  3  22.646  0.577  0.179  0.210   2.990e+00   1.638e+00   5.436e-01   6.352e-01  24  sdss  6314  82N  6 
    0  53989.424782  4  23.014  0.847  0.527  0.619  -8.891e-01   4.597e+00   2.604e+00   3.061e+00  24  sdss  6314  82N  6 
   33  53989.423953  0  24.606  1.916  0.756  1.293   5.733e-02   2.981e+00   7.337e-01   1.255e+00  11  sdss  6314  82N  6 
    0  53997.449485  1  23.747  0.426  0.097  0.264   1.039e+00   4.663e-01   1.091e-01   2.967e-01  20  sdss  6374  82N  6 
    0  53997.446168  2  22.964  0.334  0.194  0.232   2.278e+00   7.376e-01   4.399e-01   5.250e-01  22  sdss  6374  82N  6 
    0  53997.446997  3  22.584  0.379  0.141  0.275   3.181e+00   1.174e+00   4.496e-01   8.776e-01  24  sdss  6374  82N  6 
  160  53997.448656  4  22.383  0.658  0.304  0.639   2.255e+00   3.625e+00   1.610e+00   3.391e+00  24  sdss  6374  82N  6 
    0  53997.447827  0  23.040  0.695  0.244  0.644   2.232e+00   1.407e+00   5.361e-01   1.415e+00  11  sdss  6374  82N  6 
    0  54000.401726  1  22.692  0.211  0.253  0.231   2.951e+00   5.809e-01   7.036e-01   6.435e-01  20  sdss  6383  82N  6 
   32  54000.398409  2  23.777  0.729  0.197  0.715   9.466e-01   8.410e-01   2.338e-01   8.498e-01  22  sdss  6383  82N  6 
   32  54000.399238  3  23.121  0.715  0.354  0.682   1.811e+00   1.395e+00   7.303e-01   1.407e+00  24  sdss  6383  82N  6 
    0  54000.400897  4  23.433  0.735  0.777  0.889  -3.078e+00   4.271e+00   4.390e+00   5.019e+00  24  sdss  6383  82N  6 
  128  54000.400068  0  22.409  0.473  0.440  0.802   4.137e+00   1.694e+00   1.661e+00   3.032e+00  11  sdss  6383  82N  6 
    0  54007.452028  1  23.133  0.296  0.226  0.264   1.938e+00   5.445e-01   4.244e-01   4.957e-01  20  sdss  6414  82N  6 
   32  54007.448711  2  23.064  0.437  0.148  0.376   2.063e+00   8.736e-01   3.086e-01   7.804e-01  22  sdss  6414  82N  6 
    0  54007.449540  3  22.492  0.474  0.360  0.507   3.482e+00   1.559e+00   1.245e+00   1.753e+00  24  sdss  6414  82N  6 
  128  54007.451199  4  23.018  1.009  1.026  1.618  -9.088e-01   5.702e+00   5.077e+00   8.010e+00  24  sdss  6414  82N  6 
    0  54007.450369  0  23.206  1.309  0.568  2.213   1.880e+00   2.195e+00   1.091e+00   4.254e+00  11  sdss  6414  82N  6 
    0  54009.376137  1  23.169  0.251  0.074  0.133   1.871e+00   4.501e-01   1.347e-01   2.414e-01  20  sdss  6421  82N  6 
    0  54009.372820  2  22.782  0.270  0.038  0.148   2.721e+00   7.029e-01   1.012e-01   3.916e-01  22  sdss  6421  82N  6 
   32  54009.373649  3  23.811  0.803  0.308  0.503   6.805e-01   1.126e+00   4.136e-01   6.754e-01  24  sdss  6421  82N  6 
    0  54009.375308  4  22.970  0.656  0.127  0.540  -6.728e-01   3.414e+00   6.233e-01   2.655e+00  24  sdss  6421  82N  6 
    8  54009.374479  0  23.683  0.969  0.598  0.820   1.087e+00   1.301e+00   8.156e-01   1.118e+00  11  sdss  6421  82N  6 
    0  54011.440367  1  23.778  0.418  0.113  0.201   1.005e+00   4.475e-01   1.236e-01   2.211e-01  20  sdss  6430  82N  6 
    0  54011.437049  2  22.953  0.329  0.123  0.185   2.303e+00   7.330e-01   2.801e-01   4.229e-01  22  sdss  6430  82N  6 
    0  54011.437879  3  23.115  0.597  0.163  0.336   1.824e+00   1.185e+00   3.366e-01   6.953e-01  24  sdss  6430  82N  6 
   32  54011.439537  4  22.047  0.572  0.280  0.380   4.174e+00   3.553e+00   1.744e+00   2.365e+00  24  sdss  6430  82N  6 
    0  54011.438708  0  22.490  0.411  0.099  0.298   3.829e+00   1.389e+00   3.480e-01   1.047e+00  11  sdss  6430  82N  6 
    0  54012.453429  1  23.394  0.354  0.249  0.280   1.498e+00   5.178e-01   3.743e-01   4.197e-01  20  sdss  6435  82N  6 
    0  54012.450112  2  22.832  0.350  0.254  0.254   2.592e+00   8.631e-01   6.459e-01   6.439e-01  22  sdss  6435  82N  6 
   32  54012.450941  3  23.014  0.660  0.327  0.492   2.039e+00   1.394e+00   7.328e-01   1.103e+00  24  sdss  6435  82N  6 
    0  54012.452600  4  22.984  0.800  0.277  0.779  -7.415e-01   4.289e+00   1.362e+00   3.837e+00  24  sdss  6435  82N  6 
  160  54012.451771  0  24.414  1.279  0.288  1.829   2.464e-01   1.558e+00   2.858e-01   1.816e+00  11  sdss  6435  82N  6 
    1  54021.444938  1  23.247  0.475  0.229  0.220   1.734e+00   7.705e-01   3.900e-01   3.753e-01  20  sdss  6450  82N  6 
   32  54021.441621  2  23.442  0.664  0.156  0.363   1.395e+00   9.527e-01   2.380e-01   5.524e-01  22  sdss  6450  82N  6 
   32  54021.442450  3  23.572  0.872  0.416  0.544   1.020e+00   1.336e+00   6.321e-01   8.264e-01  24  sdss  6450  82N  6 
    0  54021.444109  4  22.934  0.745  0.555  0.659  -4.968e-01   3.938e+00   2.717e+00   3.230e+00  24  sdss  6450  82N  6 
   33  54021.443280  0  24.242  1.610  0.806  1.705   4.209e-01   2.227e+00   8.355e-01   1.769e+00  11  sdss  6450  82N  6 
   32  54025.439844  1  23.573  0.521  0.282  0.508   1.249e+00   6.427e-01   3.644e-01   6.572e-01  20  sdss  6461  82N  6 
   32  54025.436527  2  22.732  0.371  0.258  0.318   2.855e+00   9.950e-01   7.156e-01   8.816e-01  22  sdss  6461  82N  6 
   32  54025.437356  3  24.062  1.055  0.664  1.133   3.602e-01   1.480e+00   8.171e-01   1.395e+00  24  sdss  6461  82N  6 
   32  54025.439015  4  22.081  0.734  0.522  0.763   3.966e+00   4.514e+00   3.185e+00   4.656e+00  24  sdss  6461  82N  6 
    0  54025.438186  0  22.624  0.704  0.287  0.839   3.369e+00   1.982e+00   8.986e-01   2.625e+00  11  sdss  6461  82N  6 
    0  54029.450048  1  23.091  0.282  0.209  0.202   2.018e+00   5.388e-01   4.088e-01   3.941e-01  20  sdss  6476  82N  6 
    0  54029.446731  2  22.922  0.392  0.147  0.231   2.375e+00   8.892e-01   3.441e-01   5.435e-01  22  sdss  6476  82N  6 
   32  54029.447560  3  23.273  0.767  0.356  0.412   1.517e+00   1.357e+00   6.557e-01   7.593e-01  24  sdss  6476  82N  6 
   32  54029.449218  4  22.683  0.829  0.324  0.616   7.309e-01   4.472e+00   1.597e+00   3.034e+00  24  sdss  6476  82N  6 
    0  54029.448389  0  22.755  0.715  0.204  0.602   2.965e+00   1.801e+00   5.688e-01   1.679e+00  11  sdss  6476  82N  6 
    0  54031.357488  1  23.450  0.340  0.166  0.206   1.416e+00   4.757e-01   2.375e-01   2.949e-01  20  sdss  6484  82N  6 
   32  54031.354170  2  23.330  0.498  0.231  0.286   1.571e+00   7.952e-01   3.849e-01   4.768e-01  22  sdss  6484  82N  6 
   32  54031.355000  3  22.966  0.591  0.284  0.348   2.147e+00   1.304e+00   6.593e-01   8.081e-01  24  sdss  6484  82N  6 
   32  54031.356658  4  21.714  0.581  0.255  0.414   6.476e+00   4.350e+00   1.967e+00   3.193e+00  24  sdss  6484  82N  6 
    8  54031.355829  0  22.614  0.485  0.424  0.461   3.401e+00   1.450e+00   1.338e+00   1.455e+00  11  sdss  6484  82N  6 
    2  54036.362314  1  22.862  0.281  0.109  0.414   2.512e+00   6.570e-01   2.604e-01   9.903e-01  20  sdss  6504  82N  6 
   32  54036.358996  2  22.979  0.478  0.105  0.452   2.245e+00   1.018e+00   2.341e-01   1.010e+00  22  sdss  6504  82N  6 
   32  54036.359826  3  23.482  0.985  0.642  0.974   1.160e+00   1.578e+00   1.029e+00   1.563e+00  24  sdss  6504  82N  6 
    0  54036.361484  4  22.925  0.995  1.156  1.352  -4.480e-01   5.568e+00   5.660e+00   6.619e+00  24  sdss  6504  82N  6 
  162  54036.360655  0  23.916  1.470  1.962  3.667   7.858e-01   2.013e+00   2.338e+00   4.370e+00  11  sdss  6504  82N  6 
    0  54039.360237  1  23.297  0.317  0.130  0.229   1.650e+00   5.055e-01   2.113e-01   3.732e-01  20  sdss  6513  82N  6 
   32  54039.356920  2  23.232  0.544  0.390  0.458   1.740e+00   9.302e-01   7.026e-01   8.257e-01  22  sdss  6513  82N  6 
    0  54039.357749  3  22.538  0.436  0.274  0.316   3.328e+00   1.390e+00   9.100e-01   1.049e+00  24  sdss  6513  82N  6 
   32  54039.359408  4  22.277  0.742  0.448  0.623   2.832e+00   4.252e+00   2.479e+00   3.450e+00  24  sdss  6513  82N  6 
 1152  54039.358578  0  23.165  0.890  0.449  0.987   1.962e+00   1.592e+00   8.915e-01   1.958e+00  11  sdss  6513  82N  6 
   33  54041.330952  1  24.017  1.243  0.892  0.307   7.651e-01   1.098e+00   8.194e-01   2.823e-01  20  sdss  6524  82N  6 
   33  54041.327634  2  23.404  0.892  0.416  0.307   1.452e+00   1.270e+00   6.524e-01   4.815e-01  22  sdss  6524  82N  6 
   33  54041.328464  3  23.756  1.118  0.920  0.548   7.558e-01   1.679e+00   1.268e+00   7.546e-01  24  sdss  6524  82N  6 
   32  54041.330122  4  22.205  0.828  0.371  0.485   3.236e+00   4.904e+00   2.122e+00   2.775e+00  24  sdss  6524  82N  6 
  161  54041.329293  0  24.167  1.761  0.214  1.236   4.998e-01   2.597e+00   2.274e-01   1.316e+00  11  sdss  6524  82N  6 
  129  54048.381423  1  22.705  0.473  0.208  0.172   2.915e+00   1.231e+00   5.732e-01   4.721e-01  20  sdss  6534  82N  6 
   33  54048.378106  2  24.125  1.104  0.217  0.546   5.769e-01   1.135e+00   2.090e-01   5.252e-01  22  sdss  6534  82N  6 
   32  54048.378935  3  23.276  0.874  0.467  0.520   1.511e+00   1.536e+00   8.600e-01   9.574e-01  24  sdss  6534  82N  6 
   32  54048.380593  4  22.451  0.738  0.402  0.642   1.900e+00   4.044e+00   2.086e+00   3.326e+00  24  sdss  6534  82N  6 
    1  54048.379764  0  26.202  1.768  0.589  0.927  -2.037e+00   3.148e+00   1.202e+00   1.893e+00  11  sdss  6534  82N  6 
   35  54052.358925  1  23.586  0.829  0.436  0.812   1.232e+00   9.580e-01   5.583e-01   1.038e+00  20  sdss  6552  82N  6 
   34  54052.355608  2  23.092  0.797  0.570  1.006   2.005e+00   1.444e+00   1.155e+00   2.041e+00  22  sdss  6552  82N  6 
   34  54052.356437  3  23.194  1.134  1.400  1.493   1.665e+00   2.071e+00   2.733e+00   2.914e+00  24  sdss  6552  82N  6 
    0  54052.358095  4  23.341  1.012  0.729  1.371  -2.571e+00   5.989e+00   3.957e+00   7.440e+00  24  sdss  6552  82N  6 
  130  54052.357266  0  22.477  1.042  0.346  1.597   3.877e+00   3.002e+00   1.230e+00   5.680e+00  11  sdss  6552  82N  6 
   32  54055.370511  1  23.330  0.389  0.222  0.371   1.597e+00   5.964e-01   3.520e-01   5.878e-01  20  sdss  6565  82N  6 
   32  54055.367194  2  23.361  0.673  0.139  0.629   1.521e+00   1.022e+00   2.262e-01   1.022e+00  22  sdss  6565  82N  6 
   32  54055.368023  3  23.270  0.873  0.496  0.839   1.522e+00   1.541e+00   9.160e-01   1.550e+00  24  sdss  6565  82N  6 
   32  54055.369682  4  22.052  0.811  0.713  0.868   4.143e+00   5.068e+00   4.426e+00   5.382e+00  24  sdss  6565  82N  6 
    0  54055.368852  0  23.287  1.355  0.885  1.807   1.725e+00   2.189e+00   1.597e+00   3.262e+00  11  sdss  6565  82N  6 
    0  54058.353535  1  23.210  0.347  0.213  0.361   1.798e+00   5.945e-01   3.747e-01   6.346e-01  20  sdss  6577  82N  6 
   32  54058.350218  2  22.847  0.428  0.150  0.432   2.555e+00   1.028e+00   3.763e-01   1.083e+00  22  sdss  6577  82N  6 
   32  54058.351047  3  23.468  0.972  1.080  0.945   1.183e+00   1.566e+00   1.747e+00   1.528e+00  24  sdss  6577  82N  6 
    0  54058.352705  4  23.642  0.818  0.194  0.811  -4.325e+00   5.178e+00   1.221e+00   5.115e+00  24  sdss  6577  82N  6 
   32  54058.351876  0  23.682  1.413  0.822  2.192   1.088e+00   2.003e+00   1.121e+00   2.991e+00  11  sdss  6577  82N  6 
  130  54060.375138  1  23.035  0.410  0.695  0.638   2.130e+00   8.076e-01   1.423e+00   1.307e+00  20  sdss  6584  82N  6 
   32  54060.371822  2  22.672  0.361  0.307  0.336   3.024e+00   1.022e+00   8.974e-01   9.829e-01  22  sdss  6584  82N  6 
   32  54060.372651  3  23.319  0.949  0.559  0.961   1.434e+00   1.631e+00   9.971e-01   1.717e+00  24  sdss  6584  82N  6 
   32  54060.374309  4  21.715  0.926  1.091  1.163   6.468e+00   6.784e+00   8.419e+00   8.971e+00  24  sdss  6584  82N  6 
  130  54060.373480  0  22.612  1.005  0.454  1.383   3.408e+00   2.630e+00   1.436e+00   4.369e+00  11  sdss  6584  82N  6 
   36  54065.351380  1  23.541  0.806  0.561  0.387   1.291e+00   9.660e-01   7.448e-01   5.133e-01  20  sdss  6609  82N  6 
   12  54065.348064  2  24.969  1.603  3.155  0.891  -1.342e-01   1.804e+00   2.551e+00   7.206e-01  22  sdss  6609  82N  6 
    4  54065.348893  3  25.922  1.339  0.501  0.415  -2.551e+00   2.970e+00   1.331e+00   1.103e+00  24  sdss  6609  82N  6 
   36  54065.350551  4  21.675  1.174  0.660  0.521   6.780e+00   8.765e+00   5.245e+00   4.136e+00  24  sdss  6609  82N  6 
  132  54065.349722  0  23.415  2.185  1.043  1.629   1.497e+00   4.105e+00   1.710e+00   2.670e+00  11  sdss  6609  82N  6 
