# SDSS CID:  17746 IAU: 2007jv   RA:   3.903705 DEC:  -0.389384  (J2000)
# GALAXY_SB [ugriz] = [ 23.60 24.76 24.41 24.01 22.65 ] +/- [  0.30  0.14  0.12  0.11  0.11 ] (asinh mag/square arcsec)
# GALAXY_SB_FLUX [ugriz] = [  1.160E+00  2.152E-01  3.224E-01  4.224E-01  8.712E-01 ] +/- [  4.343E-01  8.470E-02  9.823E-02  1.376E-01  5.474E-01 ] (microJy per square arcsec)
#FLAG  MJD       FILT  MAG     MERR  MSKYERR MGALERR  FLUX       FLUXERR    SKYERR     GALERR    NPRE TELE   RUN  STRIP  IDCCD
    8  54357.294582  1  20.902  0.045  0.028  0.034   1.552e+01   6.366e-01   3.985e-01   4.822e-01  11  sdss  6955  82S  3 
    0  54357.291265  2  21.333  0.082  0.005  0.044   1.057e+01   8.007e-01   4.915e-02   4.350e-01  11  sdss  6955  82S  3 
    0  54357.292094  3  21.267  0.113  0.007  0.052   1.108e+01   1.164e+00   6.768e-02   5.413e-01  9  sdss  6955  82S  3 
    0  54357.293753  4  21.896  0.543  0.140  0.357   5.160e+00   3.649e+00   9.521e-01   2.434e+00  11  sdss  6955  82S  3 
    0  54357.292924  0  21.092  0.140  0.028  0.242   1.411e+01   1.770e+00   3.602e-01   3.065e+00  5  sdss  6955  82S  3 
    0  54362.344376  1  21.065  0.049  0.020  0.034   1.336e+01   6.040e-01   2.413e-01   4.128e-01  11  sdss  6976  82S  3 
 1164  54362.341059  2  20.882  0.339  0.637  0.076   1.603e+01   4.871e+00   9.433e+00   1.122e+00  11  sdss  6976  82S  3 
 1036  54362.341888  3  20.875  0.443  0.855  0.046   1.594e+01   6.204e+00   1.264e+01   6.829e-01  9  sdss  6976  82S  3 
    0  54362.343547  4  21.726  0.574  0.297  0.308   6.386e+00   4.263e+00   2.267e+00   2.356e+00  11  sdss  6976  82S  3 
  128  54362.342718  0  21.752  0.269  0.030  0.493   7.660e+00   1.830e+00   2.087e-01   3.414e+00  5  sdss  6976  82S  3 
    0  54379.334440  1  23.009  0.246  0.034  0.179   2.185e+00   5.075e-01   7.050e-02   3.740e-01  11  sdss  7024  82S  3 
    0  54379.331123  2  22.223  0.200  0.093  0.111   4.625e+00   8.588e-01   4.041e-01   4.809e-01  11  sdss  7024  82S  3 
    0  54379.331952  3  21.987  0.223  0.063  0.095   5.659e+00   1.179e+00   3.362e-01   5.114e-01  9  sdss  7024  82S  3 
    0  54379.333611  4  21.260  0.354  0.049  0.174   1.064e+01   3.787e+00   5.313e-01   1.908e+00  11  sdss  7024  82S  3 
    0  54379.332782  0  24.127  1.376  0.368  2.917   5.431e-01   1.779e+00   3.994e-01   3.163e+00  5  sdss  7024  82S  3 
    0  54382.324532  1  23.705  0.559  0.486  0.810   1.088e+00   6.182e-01   5.636e-01   9.394e-01  11  sdss  7038  82S  3 
    0  54382.321215  2  22.079  0.203  0.058  0.198   5.292e+00   9.925e-01   2.888e-01   9.788e-01  11  sdss  7038  82S  3 
    0  54382.322044  3  21.808  0.244  0.120  0.196   6.697e+00   1.516e+00   7.543e-01   1.238e+00  9  sdss  7038  82S  3 
    0  54382.323702  4  21.341  0.570  0.462  0.469   9.786e+00   5.533e+00   4.737e+00   4.807e+00  11  sdss  7038  82S  3 
    2  54382.322873  0  23.502  1.415  0.305  4.228   1.355e+00   2.124e+00   4.734e-01   6.568e+00  5  sdss  7038  82S  3 
  128  54385.342012  1  24.155  0.637  0.094  0.630   6.448e-01   5.220e-01   7.863e-02   5.262e-01  11  sdss  7051  82S  3 
    0  54385.338695  2  22.451  0.220  0.054  0.116   3.732e+00   7.674e-01   1.896e-01   4.093e-01  11  sdss  7051  82S  3 
    0  54385.339524  3  21.880  0.196  0.068  0.084   6.259e+00   1.146e+00   3.989e-01   4.973e-01  9  sdss  7051  82S  3 
    0  54385.341183  4  22.906  0.751  0.211  0.614  -3.568e-01   3.967e+00   1.031e+00   3.000e+00  11  sdss  7051  82S  3 
    0  54385.340354  0  26.597  0.620  0.033  0.995  -3.027e+00   1.646e+00   9.644e-02   2.865e+00  5  sdss  7051  82S  3 
    0  54387.342779  1  24.001  0.749  0.473  1.074   7.798e-01   6.661e-01   4.383e-01   9.961e-01  11  sdss  7057  82S  3 
    0  54387.339462  2  22.471  0.261  0.157  0.181   3.662e+00   8.903e-01   5.450e-01   6.280e-01  11  sdss  7057  82S  3 
    0  54387.340291  3  22.410  0.366  0.041  0.210   3.775e+00   1.307e+00   1.525e-01   7.721e-01  9  sdss  7057  82S  3 
    0  54387.341950  4  21.674  0.649  0.606  0.524   6.791e+00   4.949e+00   4.809e+00   4.151e+00  11  sdss  7057  82S  3 
    8  54387.341120  0  25.744  1.296  1.418  2.936  -1.226e+00   1.862e+00   2.077e+00   4.300e+00  5  sdss  7057  82S  3 
    0  54392.337251  1  24.488  0.860  0.650  1.232   3.921e-01   6.174e-01   4.486e-01   8.504e-01  11  sdss  7076  82S  3 
    0  54392.333934  2  22.920  0.421  0.095  0.294   2.379e+00   9.462e-01   2.208e-01   6.870e-01  11  sdss  7076  82S  3 
    0  54392.334764  3  22.019  0.276  0.039  0.176   5.490e+00   1.411e+00   2.055e-01   9.155e-01  9  sdss  7076  82S  3 
    0  54392.336422  4  21.996  0.796  0.877  0.662   4.500e+00   5.089e+00   5.614e+00   4.238e+00  11  sdss  7076  82S  3 
    8  54392.335593  0  22.982  1.012  0.837  2.425   2.369e+00   2.029e+00   1.952e+00   5.658e+00  5  sdss  7076  82S  3 
    1  54394.325128  1  26.394  0.922  0.702  0.615  -9.367e-01   8.885e-01   7.313e-01   6.414e-01  11  sdss  7084  82S  3 
    1  54394.321811  2  22.437  0.316  0.140  0.155   3.782e+00   1.103e+00   4.999e-01   5.553e-01  11  sdss  7084  82S  3 
    0  54394.322640  3  22.312  0.376  0.118  0.172   4.151e+00   1.462e+00   4.743e-01   6.908e-01  9  sdss  7084  82S  3 
    0  54394.324299  4  21.417  0.558  0.385  0.360   9.030e+00   5.126e+00   3.710e+00   3.474e+00  11  sdss  7084  82S  3 
    9  54394.323469  0  26.339  1.250  0.981  1.776  -2.345e+00   2.393e+00   2.271e+00   4.108e+00  5  sdss  7084  82S  3 
    1  54402.335025  1  23.575  1.396  0.189  0.444   1.246e+00   1.509e+00   2.433e-01   5.719e-01  11  sdss  7101  82S  3 
    1  54402.331708  2  23.290  0.875  0.228  0.266   1.639e+00   1.343e+00   3.900e-01   4.541e-01  11  sdss  7101  82S  3 
    1  54402.332537  3  23.049  0.740  0.247  0.241   1.962e+00   1.502e+00   5.353e-01   5.219e-01  9  sdss  7101  82S  3 
    0  54402.334195  4  23.203  0.887  0.641  0.548  -1.841e+00   4.977e+00   3.308e+00   2.827e+00  11  sdss  7101  82S  3 
    1  54402.333366  0  27.547  0.716  0.226  0.451  -7.440e+00   4.252e+00   1.520e+00   3.038e+00  5  sdss  7101  82S  3 
    0  54408.248712  1  24.425  0.744  0.508  0.797   4.364e-01   5.392e-01   3.619e-01   5.677e-01  11  sdss  7127  82S  3 
   32  54408.245395  2  24.156  1.013  0.593  0.611   5.472e-01   1.015e+00   5.602e-01   5.777e-01  11  sdss  7127  82S  3 
    0  54408.246224  3  23.117  0.715  0.125  0.298   1.819e+00   1.393e+00   2.565e-01   6.129e-01  9  sdss  7127  82S  3 
    0  54408.247883  4  21.827  0.690  0.386  0.393   5.641e+00   4.794e+00   2.752e+00   2.801e+00  11  sdss  7127  82S  3 
    0  54408.247053  0  25.627  1.311  0.337  2.870  -1.058e+00   1.818e+00   4.561e-01   3.890e+00  5  sdss  7127  82S  3 
    0  54411.206968  1  24.325  0.652  0.347  0.574   5.098e-01   4.903e-01   2.614e-01   4.316e-01  11  sdss  7136  82S  3 
    0  54411.203651  2  23.368  0.461  0.178  0.198   1.509e+00   7.144e-01   2.860e-01   3.172e-01  11  sdss  7136  82S  3 
    0  54411.204480  3  23.196  0.597  0.079  0.203   1.661e+00   1.117e+00   1.526e-01   3.940e-01  9  sdss  7136  82S  3 
    0  54411.206139  4  22.403  0.627  0.102  0.272   2.153e+00   3.417e+00   5.392e-01   1.430e+00  11  sdss  7136  82S  3 
    4  54411.205309  0  23.702  1.045  0.091  1.398   1.061e+00   1.405e+00   1.234e-01   1.898e+00  5  sdss  7136  82S  3 
    0  54413.247353  1  25.801  0.833  0.347  1.326  -4.294e-01   6.065e-01   2.458e-01   9.394e-01  11  sdss  7145  82S  3 
  160  54413.244037  2  24.744  0.948  0.116  0.844   4.632e-02   8.583e-01   9.289e-02   6.752e-01  11  sdss  7145  82S  3 
    0  54413.244866  3  23.451  0.900  0.081  0.698   1.210e+00   1.449e+00   1.327e-01   1.137e+00  9  sdss  7145  82S  3 
    0  54413.246524  4  21.908  0.713  0.152  0.582   5.079e+00   4.746e+00   1.026e+00   3.934e+00  11  sdss  7145  82S  3 
    0  54413.245695  0  23.352  1.305  0.271  3.598   1.607e+00   2.057e+00   4.696e-01   6.243e+00  5  sdss  7145  82S  3 
    0  54417.248742  1  25.258  0.798  0.308  0.922  -8.266e-02   5.158e-01   1.830e-01   5.475e-01  11  sdss  7158  82S  3 
   32  54417.245425  2  24.305  0.857  0.333  0.595   4.113e-01   8.054e-01   2.942e-01   5.265e-01  11  sdss  7158  82S  3 
    0  54417.246255  3  24.157  0.943  0.352  0.542   2.444e-01   1.275e+00   4.246e-01   6.536e-01  9  sdss  7158  82S  3 
    0  54417.247913  4  23.422  0.763  0.113  0.463  -3.017e+00   4.428e+00   6.351e-01   2.600e+00  11  sdss  7158  82S  3 
    0  54417.247084  0  26.014  0.997  0.129  1.665  -1.669e+00   1.616e+00   2.302e-01   2.968e+00  5  sdss  7158  82S  3 
    0  54418.247071  1  26.098  0.583  0.323  0.513  -6.584e-01   4.829e-01   2.727e-01   4.329e-01  11  sdss  7161  82S  3 
   32  54418.243755  2  24.537  0.817  0.113  0.403   2.143e-01   7.291e-01   9.336e-02   3.315e-01  11  sdss  7161  82S  3 
    0  54418.244584  3  24.691  0.864  0.224  0.377  -3.957e-01   1.164e+00   2.777e-01   4.678e-01  9  sdss  7161  82S  3 
    0  54418.246242  4  22.841  0.705  0.316  0.368  -3.941e-02   3.687e+00   1.542e+00   1.795e+00  11  sdss  7161  82S  3 
    0  54418.245413  0  25.944  0.971  0.056  1.402  -1.546e+00   1.516e+00   9.531e-02   2.369e+00  5  sdss  7161  82S  3 
    1  54422.251198  1  25.225  1.297  0.714  1.165  -6.304e-02   9.602e-01   4.226e-01   6.894e-01  11  sdss  7173  82S  3 
    0  54422.247882  2  23.236  0.591  0.283  0.283   1.733e+00   9.939e-01   5.060e-01   5.050e-01  11  sdss  7173  82S  3 
    0  54422.248711  3  22.846  0.594  0.243  0.310   2.437e+00   1.424e+00   6.189e-01   7.886e-01  9  sdss  7173  82S  3 
    0  54422.250369  4  23.095  0.822  0.567  0.640  -1.291e+00   4.480e+00   2.846e+00   3.213e+00  11  sdss  7173  82S  3 
  137  54422.249540  0  24.478  1.691  2.116  4.039   1.828e-01   2.392e+00   2.079e+00   3.969e+00  5  sdss  7173  82S  3 
