# SDSS CID:  11674 IAU:          RA: 321.816467 DEC:  -0.440227  (J2000)
# GALAXY_SB [ugriz] = [ 24.04 24.40 23.05 21.75 21.02 ] +/- [  0.00  0.00  0.00  0.00  0.00 ] (asinh mag/square arcsec)
# GALAXY_SB_FLUX [ugriz] = [  6.107E-01  4.483E-01  2.096E+00  7.038E+00  1.349E+01 ] +/- [  0.000E+00  0.000E+00  0.000E+00  0.000E+00  0.000E+00 ] (microJy per square arcsec)
#FLAG  MJD       FILT  MAG     MERR  MSKYERR MGALERR  FLUX       FLUXERR    SKYERR     GALERR    NPRE TELE   RUN  STRIP  IDCCD
  288  53623.199300  1  24.633  0.761  0.323  0.000   2.953e-01   5.176e-01   2.095e-01   0.000e+00  11  sdss  5590  82N  2 
  288  53623.195983  2  23.250  0.518  0.168  0.000   1.709e+00   8.674e-01   2.954e-01   0.000e+00  11  sdss  5590  82N  2 
  288  53623.196812  3  21.024  0.145  0.028  0.000   1.387e+01   1.840e+00   3.618e-01   0.000e+00  14  sdss  5590  82N  2 
  288  53623.198470  4  22.138  0.699  0.216  0.000   3.625e+00   4.163e+00   1.268e+00   0.000e+00  15  sdss  5590  82N  2 
  292  53623.197641  0  23.768  1.008  0.251  0.000   9.722e-01   1.328e+00   3.312e-01   0.000e+00  5  sdss  5590  82N  2 
  257  53626.185544  1  26.383  0.808  0.236  0.000  -9.246e-01   7.847e-01   2.449e-01   0.000e+00  11  sdss  5603  82N  2 
  257  53626.182227  2  25.611  1.004  0.310  0.000  -7.077e-01   1.054e+00   3.185e-01   0.000e+00  11  sdss  5603  82N  2 
  288  53626.183056  3  21.032  0.130  0.044  0.000   1.377e+01   1.642e+00   5.618e-01   0.000e+00  14  sdss  5603  82N  2 
  256  53626.184715  4  23.416  0.827  0.303  0.000  -2.982e+00   4.810e+00   1.687e+00   0.000e+00  15  sdss  5603  82N  2 
  289  53626.183886  0  23.094  1.003  0.302  0.000   2.112e+00   1.902e+00   6.567e-01   0.000e+00  5  sdss  5603  82N  2 
  257  53628.170443  1  26.533  1.481  0.713  0.000  -1.090e+00   1.512e+00   8.325e-01   0.000e+00  11  sdss  5610  82N  2 
  257  53628.167126  2  25.120  1.341  0.789  0.000  -2.575e-01   1.383e+00   6.574e-01   0.000e+00  11  sdss  5610  82N  2 
  289  53628.167955  3  20.307  0.079  0.062  0.000   2.690e+01   1.944e+00   1.533e+00   0.000e+00  14  sdss  5610  82N  2 
  256  53628.169613  4  22.971  0.985  1.052  0.000  -6.769e-01   5.509e+00   5.170e+00   0.000e+00  15  sdss  5610  82N  2 
  257  53628.168784  0  27.078  0.985  0.319  0.000  -4.797e+00   3.626e+00   1.446e+00   0.000e+00  5  sdss  5610  82N  2 
  289  53635.178457  1  23.688  0.550  0.284  0.000   1.108e+00   6.207e-01   3.353e-01   0.000e+00  11  sdss  5622  82N  2 
  256  53635.175140  2  25.491  0.971  0.442  0.000  -5.876e-01   9.766e-01   4.258e-01   0.000e+00  11  sdss  5622  82N  2 
  288  53635.175969  3  21.215  0.145  0.053  0.000   1.163e+01   1.541e+00   5.693e-01   0.000e+00  14  sdss  5622  82N  2 
  288  53635.177627  4  21.496  0.495  0.136  0.000   8.292e+00   4.261e+00   1.215e+00   0.000e+00  15  sdss  5622  82N  2 
  289  53635.176798  0  24.238  1.323  0.374  0.000   4.256e-01   1.662e+00   3.911e-01   0.000e+00  5  sdss  5622  82N  2 
  256  53637.171277  1  25.937  0.749  0.634  0.000  -5.295e-01   5.728e-01   4.859e-01   0.000e+00  11  sdss  5633  82N  2 
  288  53637.167960  2  24.681  1.005  0.647  0.000   9.666e-02   9.248e-01   5.201e-01   0.000e+00  11  sdss  5633  82N  2 
  288  53637.168789  3  21.332  0.168  0.076  0.000   1.044e+01   1.600e+00   7.275e-01   0.000e+00  14  sdss  5633  82N  2 
  288  53637.170448  4  21.130  0.440  0.355  0.000   1.214e+01   5.060e+00   4.243e+00   0.000e+00  15  sdss  5633  82N  2 
  256  53637.169618  0  26.276  0.827  0.147  0.000  -2.200e+00   1.667e+00   3.297e-01   0.000e+00  5  sdss  5633  82N  2 
  256  53644.163490  1  26.537  0.412  0.225  0.000  -1.095e+00   4.693e-01   2.639e-01   0.000e+00  11  sdss  5670  82N  2 
  288  53644.160174  2  21.767  0.127  0.049  0.000   7.074e+00   8.237e-01   3.176e-01   0.000e+00  11  sdss  5670  82N  2 
  256  53644.161003  3  25.835  0.785  0.207  0.000  -2.331e+00   1.754e+00   5.046e-01   0.000e+00  14  sdss  5670  82N  2 
  288  53644.162661  4  20.993  0.392  0.084  0.000   1.393e+01   5.089e+00   1.130e+00   0.000e+00  15  sdss  5670  82N  2 
  288  53644.161832  0  23.876  1.028  0.133  0.000   8.344e-01   1.306e+00   1.649e-01   0.000e+00  5  sdss  5670  82N  2 
  257  53654.197491  1  25.966  0.915  0.478  0.000  -5.519e-01   7.146e-01   3.729e-01   0.000e+00  11  sdss  5709  82N  2 
  288  53654.194174  2  22.668  0.346  0.141  0.000   3.035e+00   9.722e-01   4.091e-01   0.000e+00  11  sdss  5709  82N  2 
  288  53654.195004  3  20.398  0.094  0.031  0.000   2.473e+01   2.126e+00   7.060e-01   0.000e+00  14  sdss  5709  82N  2 
  288  53654.196662  4  20.175  0.207  0.081  0.000   3.040e+01   5.666e+00   2.237e+00   0.000e+00  15  sdss  5709  82N  2 
  257  53654.195833  0  24.759  1.348  0.473  0.000  -9.040e-02   1.670e+00   4.598e-01   0.000e+00  5  sdss  5709  82N  2 
  257  53656.144637  1  27.534  0.547  0.332  0.000  -2.923e+00   1.407e+00   9.184e-01   0.000e+00  11  sdss  5719  82N  2 
  289  53656.141320  2  22.521  0.520  0.379  0.000   3.492e+00   1.606e+00   1.250e+00   0.000e+00  11  sdss  5719  82N  2 
  289  53656.142149  3  21.647  0.294  0.222  0.000   7.782e+00   2.073e+00   1.600e+00   0.000e+00  14  sdss  5719  82N  2 
  288  53656.143808  4  20.736  0.374  0.301  0.000   1.787e+01   6.079e+00   5.056e+00   0.000e+00  15  sdss  5719  82N  2 
  259  53656.142978  0  21.345  0.365  0.167  0.000   1.117e+01   3.648e+00   1.729e+00   0.000e+00  5  sdss  5719  82N  2 
  288  53668.146688  1  24.985  0.854  1.216  0.000   7.837e-02   5.588e-01   7.213e-01   0.000e+00  11  sdss  5770  82N  2 
  288  53668.143371  2  22.871  0.402  0.210  0.000   2.494e+00   9.379e-01   5.078e-01   0.000e+00  11  sdss  5770  82N  2 
  288  53668.144200  3  20.443  0.075  0.044  0.000   2.374e+01   1.631e+00   9.550e-01   0.000e+00  14  sdss  5770  82N  2 
  288  53668.145859  4  20.272  0.216  0.142  0.000   2.776e+01   5.433e+00   3.603e+00   0.000e+00  15  sdss  5770  82N  2 
  288  53668.145029  0  23.828  1.092  0.559  0.000   8.945e-01   1.421e+00   7.119e-01   0.000e+00  5  sdss  5770  82N  2 
  256  53670.151136  1  25.680  0.728  0.443  0.000  -3.460e-01   5.045e-01   2.966e-01   0.000e+00  11  sdss  5781  82N  2 
  288  53670.147820  2  22.751  0.370  0.162  0.000   2.803e+00   9.637e-01   4.344e-01   0.000e+00  11  sdss  5781  82N  2 
  288  53670.148649  3  20.885  0.111  0.036  0.000   1.578e+01   1.605e+00   5.196e-01   0.000e+00  14  sdss  5781  82N  2 
  288  53670.150307  4  20.804  0.311  0.149  0.000   1.674e+01   4.813e+00   2.354e+00   0.000e+00  15  sdss  5781  82N  2 
  288  53670.149478  0  22.939  0.611  0.258  0.000   2.471e+00   1.408e+00   6.383e-01   0.000e+00  5  sdss  5781  82N  2 
  256  53673.118977  1  25.840  0.690  0.360  0.000  -4.569e-01   5.048e-01   2.610e-01   0.000e+00  11  sdss  5792  82N  2 
  288  53673.115660  2  22.027  0.175  0.087  0.000   5.555e+00   8.920e-01   4.496e-01   0.000e+00  11  sdss  5792  82N  2 
  288  53673.116489  3  23.535  1.020  0.405  0.000   1.077e+00   1.599e+00   6.228e-01   0.000e+00  14  sdss  5792  82N  2 
  256  53673.118148  4  24.918  0.329  0.181  0.000  -1.769e+01   5.335e+00   3.013e+00   0.000e+00  15  sdss  5792  82N  2 
  256  53673.117318  0  25.165  1.117  0.065  0.000  -5.014e-01   1.341e+00   6.931e-02   0.000e+00  5  sdss  5792  82N  2 
  288  53675.115563  1  23.885  0.500  0.225  0.000   8.927e-01   4.922e-01   2.287e-01   0.000e+00  11  sdss  5800  82N  2 
  288  53675.112246  2  23.576  0.691  0.296  0.000   1.202e+00   8.945e-01   4.030e-01   0.000e+00  11  sdss  5800  82N  2 
  288  53675.113075  3  21.208  0.157  0.081  0.000   1.171e+01   1.675e+00   8.668e-01   0.000e+00  14  sdss  5800  82N  2 
  256  53675.114734  4  23.654  0.832  0.536  0.000  -4.397e+00   5.256e+00   3.367e+00   0.000e+00  15  sdss  5800  82N  2 
  288  53675.113905  0  24.449  1.094  0.423  0.000   2.110e-01   1.259e+00   4.185e-01   0.000e+00  5  sdss  5800  82N  2 
  256  53677.136545  1  26.771  0.389  0.317  0.000  -1.395e+00   5.351e-01   4.496e-01   0.000e+00  11  sdss  5813  82N  2 
  288  53677.133229  2  21.982  0.169  0.090  0.000   5.792e+00   8.995e-01   4.850e-01   0.000e+00  11  sdss  5813  82N  2 
  288  53677.134058  3  21.957  0.287  0.097  0.000   5.818e+00   1.533e+00   5.275e-01   0.000e+00  14  sdss  5813  82N  2 
  288  53677.135716  4  21.008  0.354  0.228  0.000   1.372e+01   4.567e+00   3.024e+00   0.000e+00  15  sdss  5813  82N  2 
  288  53677.134887  0  24.473  1.108  0.342  0.000   1.874e-01   1.278e+00   3.363e-01   0.000e+00  5  sdss  5813  82N  2 
  288  53680.122762  1  24.291  0.691  0.504  0.000   5.355e-01   5.297e-01   3.878e-01   0.000e+00  11  sdss  5823  82N  2 
  288  53680.119445  2  22.676  0.326  0.179  0.000   3.012e+00   9.118e-01   5.150e-01   0.000e+00  11  sdss  5823  82N  2 
  288  53680.120274  3  21.222  0.146  0.082  0.000   1.156e+01   1.542e+00   8.671e-01   0.000e+00  14  sdss  5823  82N  2 
  288  53680.121933  4  20.690  0.266  0.108  0.000   1.868e+01   4.568e+00   1.880e+00   0.000e+00  15  sdss  5823  82N  2 
  256  53680.121103  0  25.870  0.930  0.172  0.000  -1.421e+00   1.417e+00   2.809e-01   0.000e+00  5  sdss  5823  82N  2 
  259  53686.189105  1  25.129  2.116  2.683  0.000  -6.216e-03   2.199e+00   1.580e+00   0.000e+00  11  sdss  5865  82N  2 
  259  53686.185789  2  26.862  0.836  0.543  0.000  -2.827e+00   1.962e+00   1.471e+00   0.000e+00  11  sdss  5865  82N  2 
  291  53686.186618  3  21.741  0.344  0.289  0.000   7.127e+00   2.211e+00   1.912e+00   0.000e+00  14  sdss  5865  82N  2 
  290  53686.188276  4  21.615  0.936  0.655  0.000   7.262e+00   7.136e+00   5.331e+00   0.000e+00  15  sdss  5865  82N  2 
  257  53686.187447  0  26.526  3.024  1.347  0.000  -2.825e+00   8.943e+00   3.745e+00   0.000e+00  5  sdss  5865  82N  2 
  257  53693.123754  1  27.236  0.442  0.229  0.000  -2.203e+00   8.959e-01   4.866e-01   0.000e+00  11  sdss  5878  82N  2 
  289  53693.120438  2  23.625  0.828  0.252  0.000   1.135e+00   1.028e+00   3.303e-01   0.000e+00  11  sdss  5878  82N  2 
  288  53693.121267  3  22.190  0.381  0.116  0.000   4.664e+00   1.629e+00   5.121e-01   0.000e+00  14  sdss  5878  82N  2 
  288  53693.122925  4  21.212  0.426  0.172  0.000   1.119e+01   4.600e+00   1.925e+00   0.000e+00  15  sdss  5878  82N  2 
  257  53693.122096  0  25.221  1.472  0.918  0.000  -5.621e-01   1.968e+00   1.009e+00   0.000e+00  5  sdss  5878  82N  2 
  260  53698.120668  1  28.016  0.326  0.362  0.000  -4.588e+00   1.358e+00   1.554e+00   0.000e+00  11  sdss  5898  82N  2 
  292  53698.117351  2  21.842  0.387  0.242  0.000   6.599e+00   2.264e+00   1.475e+00   0.000e+00  11  sdss  5898  82N  2 
 1340  53698.118180  3  19.235  0.085  0.489  0.000   7.225e+01   5.614e+00   3.232e+01   0.000e+00  14  sdss  5898  82N  2 
  292  53698.119838  4  19.877  0.386  0.350  0.000   4.009e+01   1.348e+01   1.273e+01   0.000e+00  15  sdss  5898  82N  2 
 1284  53698.119009  0  27.329  0.943  0.246  0.000  -6.070e+00   4.383e+00   1.401e+00   0.000e+00  5  sdss  5898  82N  2 
 1444  53699.144068  1  23.414  1.112  1.175  0.000   1.469e+00   1.378e+00   1.739e+00   0.000e+00  11  sdss  5902  82N  2 
 1324  53699.140751  2  21.345  0.554  0.894  0.000   1.046e+01   4.908e+00   8.595e+00   0.000e+00  11  sdss  5902  82N  2 
 1316  53699.141580  3  22.693  2.242  1.889  0.000   2.852e+00   5.689e+00   5.411e+00   0.000e+00  14  sdss  5902  82N  2 
 1444  53699.143239  4  22.268  1.913  0.396  0.000   2.879e+00   1.520e+01   2.184e+00   0.000e+00  15  sdss  5902  82N  2 
 1292  53699.142410  0  20.336  0.311  0.521  0.000   2.834e+01   7.928e+00   1.363e+01   0.000e+00  5  sdss  5902  82N  2 
  290  53702.118212  1  22.598  0.235  0.449  0.000   3.226e+00   7.045e-01   1.365e+00   0.000e+00  11  sdss  5909  82N  2 
  418  53702.114896  2  23.051  0.630  0.642  0.000   2.089e+00   1.210e+00   1.330e+00   0.000e+00  11  sdss  5909  82N  2 
  290  53702.115725  3  21.945  0.330  0.526  0.000   5.885e+00   1.767e+00   2.898e+00   0.000e+00  14  sdss  5909  82N  2 
  258  53702.117383  4  24.037  0.867  0.536  0.000  -7.155e+00   6.591e+00   4.326e+00   0.000e+00  15  sdss  5909  82N  2 
  288  53702.116554  0  23.818  1.719  0.627  0.000   9.073e-01   2.591e+00   8.021e-01   0.000e+00  5  sdss  5909  82N  2 
  290  53703.127501  1  23.511  0.488  0.793  0.000   1.332e+00   6.375e-01   1.083e+00   0.000e+00  11  sdss  5915  82N  2 
  290  53703.124184  2  23.465  0.813  0.698  0.000   1.360e+00   1.115e+00   1.033e+00   0.000e+00  11  sdss  5915  82N  2 
  288  53703.125013  3  21.917  0.308  0.229  0.000   6.042e+00   1.698e+00   1.291e+00   0.000e+00  14  sdss  5915  82N  2 
  288  53703.126672  4  20.833  0.357  0.235  0.000   1.628e+01   5.345e+00   3.635e+00   0.000e+00  15  sdss  5915  82N  2 
  258  53703.125842  0  25.060  1.489  0.768  0.000  -3.909e-01   1.969e+00   7.942e-01   0.000e+00  5  sdss  5915  82N  2 
  288  53704.105974  1  24.658  0.829  0.811  0.000   2.793e-01   5.669e-01   5.214e-01   0.000e+00  11  sdss  5918  82N  2 
  288  53704.102658  2  22.622  0.319  0.245  0.000   3.172e+00   9.377e-01   7.370e-01   0.000e+00  11  sdss  5918  82N  2 
  288  53704.103487  3  24.085  1.130  0.420  0.000   3.314e-01   1.614e+00   5.132e-01   0.000e+00  14  sdss  5918  82N  2 
  288  53704.105145  4  21.709  0.652  0.195  0.000   6.511e+00   4.803e+00   1.485e+00   0.000e+00  15  sdss  5918  82N  2 
  256  53704.104316  0  24.935  1.274  0.411  0.000  -2.632e-01   1.554e+00   4.103e-01   0.000e+00  5  sdss  5918  82N  2 
