# SDSS CID:   3545 IAU:          RA: 314.334869 DEC:   0.202158  (J2000)
# GALAXY_SB [ugriz] = [ 21.59 20.23 19.21 18.64 18.32 ] +/- [  0.04  0.00  0.00  0.00  0.00 ] (asinh mag/square arcsec)
# GALAXY_SB_FLUX [ugriz] = [  8.682E+00  2.878E+01  7.505E+01  1.246E+02  1.683E+02 ] +/- [  3.469E-01  1.319E-01  1.749E-01  2.246E-01  7.531E-01 ] (microJy per square arcsec)
#FLAG  MJD       FILT  MAG     MERR  MSKYERR MGALERR  FLUX       FLUXERR    SKYERR     GALERR    NPRE TELE   RUN  STRIP  IDCCD
  160  53622.201622  1  24.338  1.176  0.801  1.910   5.002e-01   9.233e-01   5.963e-01   1.422e+00  18  sdss  5582  82S  4 
    0  53622.198305  2  25.424  1.423  0.466  2.086  -5.245e-01   1.558e+00   4.348e-01   1.946e+00  19  sdss  5582  82S  4 
    0  53622.199134  3  25.180  1.268  0.476  1.221  -1.063e+00   2.061e+00   7.300e-01   1.873e+00  22  sdss  5582  82S  4 
    0  53622.200793  4  24.647  0.596  0.117  0.478  -1.359e+01   7.459e+00   1.571e+00   6.429e+00  22  sdss  5582  82S  4 
   42  53622.199964  0  23.189  1.532  0.897  2.411   1.915e+00   2.610e+00   1.760e+00   4.727e+00  14  sdss  5582  82S  4 
   32  53623.176514  0  22.991  0.903  0.056  0.890   2.347e+00   1.829e+00   1.278e-01   2.050e+00  14  sdss  5590  82N  4 
  161  53625.197206  1  22.185  0.176  0.033  0.078   4.744e+00   7.608e-01   1.424e-01   3.407e-01  18  sdss  5597  82S  4 
   32  53625.193889  2  22.827  0.435  0.081  0.175   2.605e+00   1.050e+00   2.038e-01   4.408e-01  19  sdss  5597  82S  4 
   32  53625.194719  3  21.213  0.136  0.025  0.041   1.166e+01   1.459e+00   2.740e-01   4.471e-01  22  sdss  5597  82S  4 
   32  53625.196377  4  21.384  0.452  0.157  0.169   9.357e+00   4.332e+00   1.554e+00   1.680e+00  22  sdss  5597  82S  4 
    1  53625.195548  0  25.210  1.260  0.059  0.928  -5.496e-01   1.575e+00   6.353e-02   1.007e+00  14  sdss  5597  82S  4 
   33  53626.164390  1  21.795  0.172  0.038  0.079   6.810e+00   1.062e+00   2.346e-01   4.942e-01  18  sdss  5603  82N  4 
   33  53626.161073  2  22.199  0.302  0.101  0.127   4.728e+00   1.301e+00   4.464e-01   5.606e-01  19  sdss  5603  82N  4 
   32  53626.161903  3  21.455  0.206  0.082  0.084   9.312e+00   1.757e+00   7.121e-01   7.220e-01  22  sdss  5603  82N  4 
   32  53626.163561  4  21.092  0.387  0.092  0.161   1.262e+01   4.734e+00   1.157e+00   2.034e+00  22  sdss  5603  82N  4 
   33  53626.162732  0  22.490  0.740  0.130  0.399   3.829e+00   2.325e+00   4.591e-01   1.415e+00  14  sdss  5603  82N  4 
   33  53627.158310  1  23.640  1.124  0.204  0.527   1.165e+00   1.191e+00   2.477e-01   6.391e-01  18  sdss  5607  82S  4 
   33  53627.154993  2  21.916  0.255  0.049  0.121   6.157e+00   1.430e+00   2.804e-01   6.921e-01  19  sdss  5607  82S  4 
   32  53627.155822  3  21.997  0.346  0.077  0.146   5.606e+00   1.772e+00   4.061e-01   7.716e-01  22  sdss  5607  82S  4 
   32  53627.157480  4  21.049  0.410  0.098  0.189   1.317e+01   5.176e+00   1.290e+00   2.482e+00  22  sdss  5607  82S  4 
    1  53627.156651  0  21.724  0.412  0.032  0.249   7.862e+00   2.786e+00   2.254e-01   1.761e+00  14  sdss  5607  82S  4 
   33  53628.149270  1  22.542  0.656  0.210  0.361   3.399e+00   1.859e+00   6.613e-01   1.136e+00  18  sdss  5610  82N  4 
   33  53628.145953  2  24.054  1.619  0.835  1.122   6.463e-01   1.920e+00   8.309e-01   1.116e+00  19  sdss  5610  82N  4 
   33  53628.146782  3  20.876  0.165  0.072  0.092   1.592e+01   2.401e+00   1.050e+00   1.352e+00  22  sdss  5610  82N  4 
    0  53628.148441  4  23.773  1.007  0.515  0.660  -5.181e+00   6.800e+00   3.516e+00   4.512e+00  22  sdss  5610  82N  4 
   33  53628.147612  0  22.086  1.132  0.084  0.634   5.613e+00   4.424e+00   4.290e-01   3.229e+00  14  sdss  5610  82N  4 
  163  53634.150009  1  23.160  1.525  1.252  2.173   1.888e+00   2.057e+00   2.273e+00   3.946e+00  18  sdss  5619  82S  4 
    2  53634.146692  2  25.857  1.688  1.488  2.999  -9.816e-01   2.156e+00   1.792e+00   3.612e+00  19  sdss  5619  82S  4 
  128  53634.147521  3  27.580  0.226  0.083  0.304  -1.242e+01   2.555e+00   9.489e-01   3.489e+00  22  sdss  5619  82S  4 
   32  53634.149179  4  21.206  0.771  0.368  0.993   1.125e+01   8.008e+00   4.229e+00   1.139e+01  22  sdss  5619  82S  4 
  139  53634.148350  0  27.852  0.394  0.368  0.737  -9.866e+00   3.338e+00   3.254e+00   6.513e+00  14  sdss  5619  82S  4 
   57  53635.157224  1  21.836  0.149  0.240  0.079   6.557e+00   8.863e-01   1.439e+00   4.733e-01  18  sdss  5622  82N  4 
   60  53635.153907  2  23.162  0.842  1.692  0.204   1.869e+00   1.420e+00   3.203e+00   3.854e-01  19  sdss  5622  82N  4 
 1084  53635.154736  3  21.771  0.273  0.850  0.076   6.934e+00   1.734e+00   5.511e+00   4.920e-01  22  sdss  5622  82N  4 
   36  53635.156394  4  21.211  0.429  0.218  0.186   1.119e+01   4.730e+00   2.497e+00   2.121e+00  22  sdss  5622  82N  4 
  164  53635.155565  0  22.891  0.809  0.152  0.488   2.595e+00   1.803e+00   3.798e-01   1.223e+00  14  sdss  5622  82N  4 
   32  53636.155773  1  22.820  0.264  0.052  0.188   2.616e+00   6.362e-01   1.282e-01   4.604e-01  18  sdss  5628  82S  4 
   32  53636.152456  2  22.581  0.334  0.050  0.169   3.297e+00   1.017e+00   1.552e-01   5.281e-01  19  sdss  5628  82S  4 
   32  53636.153285  3  22.305  0.387  0.092  0.166   4.179e+00   1.499e+00   3.700e-01   6.659e-01  22  sdss  5628  82S  4 
   32  53636.154944  4  21.836  0.656  0.059  0.303   5.576e+00   4.547e+00   4.204e-01   2.149e+00  22  sdss  5628  82S  4 
   40  53636.154115  0  24.492  1.243  0.749  1.386   1.687e-01   1.491e+00   7.345e-01   1.359e+00  14  sdss  5628  82S  4 
   32  53637.150026  1  22.373  0.243  0.158  0.328   3.982e+00   8.770e-01   5.818e-01   1.204e+00  18  sdss  5633  82N  4 
   32  53637.146709  2  22.925  0.637  0.268  0.528   2.368e+00   1.357e+00   6.191e-01   1.223e+00  19  sdss  5633  82N  4 
   32  53637.147539  3  21.779  0.310  0.138  0.214   6.882e+00   1.946e+00   8.907e-01   1.374e+00  22  sdss  5633  82N  4 
   32  53637.149197  4  21.404  0.705  0.312  0.475   9.160e+00   6.413e+00   3.042e+00   4.642e+00  22  sdss  5633  82N  4 
   36  53637.148368  0  22.150  0.517  0.089  0.731   5.286e+00   2.325e+00   4.257e-01   3.510e+00  14  sdss  5633  82N  4 
   36  53645.214704  1  21.732  0.220  0.188  0.105   7.219e+00   1.430e+00   1.242e+00   6.956e-01  18  sdss  5675  82S  4 
   32  53645.211388  2  21.927  0.214  0.086  0.127   6.094e+00   1.194e+00   4.868e-01   7.173e-01  19  sdss  5675  82S  4 
   32  53645.212217  3  21.958  0.313  0.082  0.153   5.816e+00   1.673e+00   4.496e-01   8.366e-01  22  sdss  5675  82S  4 
  164  53645.213875  4  21.708  1.077  0.391  0.398   6.522e+00   7.906e+00   3.034e+00   3.081e+00  22  sdss  5675  82S  4 
 1188  53645.213046  0  22.488  0.652  0.025  0.530   3.836e+00   2.103e+00   8.727e-02   1.881e+00  14  sdss  5675  82S  4 
   33  53655.126198  1  22.629  0.399  0.073  0.233   3.133e+00   1.116e+00   2.132e-01   6.781e-01  18  sdss  5713  82S  4 
   33  53655.122881  2  22.106  0.300  0.054  0.161   5.158e+00   1.407e+00   2.608e-01   7.741e-01  19  sdss  5713  82S  4 
   32  53655.123710  3  22.067  0.418  0.101  0.217   5.247e+00   1.989e+00   4.989e-01   1.078e+00  22  sdss  5713  82S  4 
    0  53655.125369  4  24.091  0.794  0.380  0.467  -7.603e+00   6.360e+00   3.247e+00   3.993e+00  22  sdss  5713  82S  4 
   33  53655.124540  0  22.069  0.671  0.228  0.568   5.703e+00   3.108e+00   1.176e+00   2.937e+00  14  sdss  5713  82S  4 
   33  53656.121609  0  21.936  0.802  0.140  0.556   6.453e+00   4.011e+00   8.167e-01   3.238e+00  14  sdss  5719  82N  4 
    3  53657.213599  1  27.462  1.860  0.779  0.861  -2.730e+00   3.054e+00   1.989e+00   2.197e+00  18  sdss  5729  82S  4 
   35  53657.210282  2  22.873  1.999  0.879  1.399   2.491e+00   3.561e+00   2.129e+00   3.390e+00  19  sdss  5729  82S  4 
   35  53657.211112  3  23.412  1.977  1.872  2.494   1.273e+00   4.048e+00   3.115e+00   4.151e+00  22  sdss  5729  82S  4 
   32  53657.212770  4  20.473  0.541  0.168  0.464   2.296e+01   1.095e+01   3.653e+00   1.009e+01  22  sdss  5729  82S  4 
    3  53657.211941  0  26.343  3.103  0.866  3.785  -2.353e+00   9.408e+00   1.998e+00   8.734e+00  14  sdss  5729  82S  4 
   33  53664.150179  1  23.406  0.762  0.212  0.517   1.482e+00   1.011e+00   3.123e-01   7.611e-01  18  sdss  5754  82S  4 
   32  53664.146862  2  21.805  0.230  0.071  0.157   6.826e+00   1.433e+00   4.496e-01   9.910e-01  19  sdss  5754  82S  4 
   32  53664.147692  3  21.692  0.287  0.078  0.179   7.466e+00   1.956e+00   5.418e-01   1.244e+00  22  sdss  5754  82S  4 
   32  53664.149350  4  21.830  0.808  0.361  0.445   5.618e+00   5.590e+00   2.570e+00   3.168e+00  22  sdss  5754  82S  4 
   33  53664.148521  0  23.878  1.636  0.222  1.842   8.315e-01   2.372e+00   2.709e-01   2.245e+00  14  sdss  5754  82S  4 
   32  53666.113920  1  23.063  0.310  0.104  0.206   2.073e+00   5.993e-01   2.064e-01   4.077e-01  18  sdss  5763  82S  4 
   32  53666.110603  2  21.630  0.140  0.026  0.059   8.028e+00   1.032e+00   1.944e-01   4.363e-01  19  sdss  5763  82S  4 
   32  53666.111432  3  21.583  0.189  0.026  0.061   8.265e+00   1.440e+00   1.982e-01   4.657e-01  22  sdss  5763  82S  4 
   32  53666.113090  4  22.070  0.752  0.046  0.278   4.031e+00   4.653e+00   2.818e-01   1.704e+00  22  sdss  5763  82S  4 
   40  53666.112261  0  24.409  1.183  0.475  1.130   2.505e-01   1.400e+00   4.726e-01   1.124e+00  14  sdss  5763  82S  4 
   32  53668.123621  0  23.132  1.100  0.390  1.398   2.031e+00   1.962e+00   8.013e-01   2.867e+00  14  sdss  5770  82N  4 
   32  53669.109235  1  22.429  0.179  0.008  0.118   3.779e+00   6.175e-01   2.824e-02   4.127e-01  18  sdss  5776  82S  4 
   32  53669.105919  2  22.683  0.351  0.061  0.154   2.993e+00   9.745e-01   1.755e-01   4.411e-01  19  sdss  5776  82S  4 
   32  53669.106748  3  21.289  0.145  0.026  0.049   1.087e+01   1.452e+00   2.592e-01   4.923e-01  22  sdss  5776  82S  4 
   32  53669.108406  4  20.991  0.359  0.018  0.161   1.395e+01   4.805e+00   2.411e-01   2.218e+00  22  sdss  5776  82S  4 
   40  53669.107577  0  22.814  0.579  0.135  0.468   2.798e+00   1.443e+00   3.606e-01   1.251e+00  14  sdss  5776  82S  4 
   32  53670.128065  0  22.552  0.645  0.045  0.879   3.608e+00   1.974e+00   1.500e-01   2.947e+00  14  sdss  5781  82N  4 
   32  53674.092801  1  23.383  0.469  0.137  0.402   1.516e+00   6.733e-01   2.054e-01   6.027e-01  18  sdss  5797  82S  4 
   32  53674.089484  2  22.353  0.309  0.083  0.174   4.091e+00   1.156e+00   3.181e-01   6.664e-01  19  sdss  5797  82S  4 
   32  53674.090314  3  22.393  0.441  0.133  0.191   3.838e+00   1.568e+00   4.939e-01   7.112e-01  22  sdss  5797  82S  4 
   32  53674.091972  4  21.302  0.524  0.118  0.280   1.020e+01   5.294e+00   1.248e+00   2.963e+00  22  sdss  5797  82S  4 
   40  53674.091143  0  22.812  0.621  0.247  0.574   2.804e+00   1.538e+00   6.620e-01   1.537e+00  14  sdss  5797  82S  4 
   32  53675.092485  0  22.301  0.437  0.127  0.527   4.583e+00   1.749e+00   5.305e-01   2.209e+00  14  sdss  5800  82N  4 
   32  53676.182027  1  22.308  0.171  0.039  0.111   4.230e+00   6.590e-01   1.507e-01   4.309e-01  18  sdss  5807  82S  4 
   32  53676.178710  2  22.773  0.405  0.082  0.175   2.745e+00   1.029e+00   2.158e-01   4.621e-01  19  sdss  5807  82S  4 
   32  53676.179539  3  21.562  0.195  0.029  0.072   8.428e+00   1.509e+00   2.298e-01   5.667e-01  22  sdss  5807  82S  4 
   32  53676.181198  4  22.184  0.791  0.248  0.346   3.354e+00   4.700e+00   1.430e+00   2.002e+00  22  sdss  5807  82S  4 
   32  53676.180369  0  23.508  1.101  0.029  0.844   1.346e+00   1.607e+00   4.489e-02   1.301e+00  14  sdss  5807  82S  4 
   40  53677.113467  0  22.517  0.484  0.309  0.480   3.731e+00   1.584e+00   1.070e+00   1.662e+00  14  sdss  5813  82N  4 
   32  53680.101342  1  21.937  0.130  0.066  0.109   5.972e+00   7.066e-01   3.633e-01   5.947e-01  18  sdss  5823  82N  4 
   32  53680.098025  2  22.159  0.236  0.079  0.122   4.909e+00   1.064e+00   3.625e-01   5.595e-01  19  sdss  5823  82N  4 
   32  53680.098854  3  22.584  0.513  0.181  0.222   3.182e+00   1.532e+00   5.707e-01   7.015e-01  22  sdss  5823  82N  4 
    0  53680.100512  4  24.248  0.505  0.154  0.278  -9.027e+00   4.686e+00   1.491e+00   2.682e+00  22  sdss  5823  82N  4 
   40  53680.099683  0  22.756  0.631  0.232  0.557   2.962e+00   1.633e+00   6.514e-01   1.565e+00  14  sdss  5823  82N  4 
    1  53685.103883  1  26.459  1.770  0.635  1.033  -1.006e+00   1.819e+00   6.911e-01   1.124e+00  18  sdss  5853  82S  4 
    1  53685.100566  2  26.626  1.213  0.302  0.677  -2.245e+00   2.158e+00   6.676e-01   1.496e+00  19  sdss  5853  82S  4 
   33  53685.101395  3  22.823  1.139  0.365  0.667   2.497e+00   2.526e+00   9.428e-01   1.721e+00  22  sdss  5853  82S  4 
   32  53685.103054  4  21.127  0.651  0.299  0.449   1.219e+01   7.372e+00   3.671e+00   5.505e+00  22  sdss  5853  82S  4 
    1  53685.102225  0  26.297  2.241  0.778  1.647  -2.247e+00   4.586e+00   1.729e+00   3.661e+00  14  sdss  5853  82S  4 
    1  53686.152922  2  25.859  1.667  0.878  1.147  -9.841e-01   2.118e+00   1.059e+00   1.383e+00  19  sdss  5864  82N  4 
    1  53686.154580  0  27.241  1.887  0.046  0.769  -5.590e+00   5.847e+00   2.342e-01   3.900e+00  14  sdss  5864  82N  4 
    1  53687.141850  1  26.503  1.517  0.291  0.631  -1.055e+00   1.524e+00   3.276e-01   7.110e-01  18  sdss  5870  82S  4 
   33  53687.138533  2  23.767  1.451  0.355  0.808   9.577e-01   1.747e+00   4.214e-01   9.603e-01  19  sdss  5870  82S  4 
   33  53687.139362  3  22.060  0.415  0.122  0.201   5.282e+00   1.985e+00   6.093e-01   1.002e+00  22  sdss  5870  82S  4 
   32  53687.141021  4  21.382  0.608  0.050  0.326   9.377e+00   5.703e+00   4.991e-01   3.235e+00  22  sdss  5870  82S  4 
  129  53687.140192  0  21.548  0.597  0.052  0.280   9.258e+00   4.518e+00   4.335e-01   2.323e+00  14  sdss  5870  82S  4 
 1028  53697.100384  1  27.422  1.750  0.830  0.292  -2.629e+00   2.850e+00   2.045e+00   7.189e-01  18  sdss  5895  82S  4 
 1028  53697.097068  2  27.672  1.336  0.338  0.126  -6.066e+00   5.273e+00   1.900e+00   7.075e-01  19  sdss  5895  82S  4 
 1028  53697.097897  3  27.004  1.365  0.361  0.139  -7.269e+00   6.506e+00   2.448e+00   9.397e-01  22  sdss  5895  82S  4 
 1028  53697.099555  4  23.217  2.243  1.864  0.556  -1.913e+00   2.065e+01   9.671e+00   2.882e+00  22  sdss  5895  82S  4 
 1028  53697.098726  0  21.614  1.383  0.086  0.245   8.708e+00   7.402e+00   6.714e-01   1.914e+00  14  sdss  5895  82S  4 
   40  53698.095969  2  23.705  1.041  0.985  0.615   1.034e+00   1.233e+00   1.221e+00   7.624e-01  19  sdss  5898  82N  4 
   40  53698.096798  3  23.157  0.976  0.732  0.486   1.738e+00   1.810e+00   1.455e+00   9.656e-01  22  sdss  5898  82N  4 
   40  53698.097628  0  22.268  0.480  0.220  0.574   4.729e+00   1.959e+00   9.494e-01   2.478e+00  14  sdss  5898  82N  4 
   32  53699.122691  1  24.881  1.201  1.336  1.688   1.408e-01   8.674e-01   8.048e-01   1.017e+00  18  sdss  5902  82N  4 
 1052  53699.119374  2  28.171  0.194  0.914  0.112  -9.634e+00   1.703e+00   8.114e+00   9.908e-01  19  sdss  5902  82N  4 
    8  53699.120203  3  25.864  0.927  1.211  0.449  -2.402e+00   2.069e+00   3.033e+00   1.125e+00  22  sdss  5902  82N  4 
   36  53699.121862  4  20.854  0.520  0.244  0.294   1.595e+01   7.596e+00   3.793e+00   4.562e+00  22  sdss  5902  82N  4 
   44  53699.121032  0  22.255  0.598  0.524  0.688   4.787e+00   2.397e+00   2.289e+00   3.005e+00  14  sdss  5902  82N  4 
   32  53700.099433  1  24.786  1.107  0.573  1.312   1.987e-01   7.856e-01   3.531e-01   8.080e-01  18  sdss  5905  82S  4 
   32  53700.096116  2  23.345  0.800  0.178  0.444   1.546e+00   1.192e+00   2.901e-01   7.240e-01  19  sdss  5905  82S  4 
   32  53700.096946  3  21.600  0.235  0.053  0.112   8.136e+00   1.750e+00   4.039e-01   8.510e-01  22  sdss  5905  82S  4 
   32  53700.098604  4  22.323  0.998  0.399  0.649   2.579e+00   5.892e+00   2.165e+00   3.523e+00  22  sdss  5905  82S  4 
   32  53700.097775  0  23.710  1.358  0.124  1.651   1.050e+00   1.894e+00   1.663e-01   2.222e+00  14  sdss  5905  82S  4 
   34  53703.106142  1  23.063  0.705  1.048  1.726   2.073e+00   1.251e+00   2.072e+00   3.412e+00  18  sdss  5915  82N  4 
   32  53703.105313  4  20.119  0.552  0.417  0.597   3.200e+01   1.530e+01   1.250e+01   1.789e+01  22  sdss  5915  82N  4 
   10  53703.104484  0  20.365  0.160  0.363  0.459   2.760e+01   3.899e+00   8.938e+00   1.130e+01  14  sdss  5915  82N  4 
   32  53704.084620  1  22.455  0.259  0.117  0.326   3.689e+00   8.673e-01   4.003e-01   1.110e+00  18  sdss  5918  82N  4 
   40  53704.081304  2  22.906  0.563  0.330  0.375   2.412e+00   1.238e+00   7.778e-01   8.839e-01  19  sdss  5918  82N  4 
   32  53704.082133  3  22.950  0.806  0.427  0.414   2.185e+00   1.726e+00   9.953e-01   9.642e-01  22  sdss  5918  82N  4 
   32  53704.083791  4  22.519  1.082  0.509  1.019   1.554e+00   6.311e+00   2.587e+00   5.179e+00  22  sdss  5918  82N  4 
   32  53704.082962  0  24.467  1.478  0.205  2.349   1.932e-01   1.923e+00   2.022e-01   2.311e+00  14  sdss  5918  82N  4 
   32  53705.085434  1  23.074  0.448  0.159  0.529   2.052e+00   8.366e-01   3.106e-01   1.036e+00  18  sdss  5924  82S  4 
   32  53705.082117  2  23.698  1.058  0.346  0.715   1.042e+00   1.257e+00   4.319e-01   8.914e-01  19  sdss  5924  82S  4 
    0  53705.082946  3  24.875  1.262  0.485  1.009  -6.307e-01   1.925e+00   6.389e-01   1.330e+00  22  sdss  5924  82S  4 
   32  53705.084605  4  21.145  0.571  0.140  0.394   1.197e+01   6.477e+00   1.694e+00   4.760e+00  22  sdss  5924  82S  4 
   32  53705.083776  0  23.359  1.277  0.205  1.817   1.594e+00   2.001e+00   3.524e-01   3.121e+00  14  sdss  5924  82S  4 
