# SDSS CID:  14092 IAU:          RA:  26.498310 DEC:  -1.158317  (J2000)
# GALAXY_SB [ugriz] = [ 24.06 23.72 23.51 23.12 22.38 ] +/- [  0.00  0.00  0.00  0.00  0.00 ] (asinh mag/square arcsec)
# GALAXY_SB_FLUX [ugriz] = [  5.812E-01  1.070E+00  1.292E+00  1.823E+00  2.262E+00 ] +/- [  0.000E+00  0.000E+00  0.000E+00  0.000E+00  0.000E+00 ] (microJy per square arcsec)
#FLAG  MJD       FILT  MAG     MERR  MSKYERR MGALERR  FLUX       FLUXERR    SKYERR     GALERR    NPRE TELE   RUN  STRIP  IDCCD
  256  53975.376358  1  22.743  0.192  0.024  0.000   2.815e+00   4.971e-01   6.208e-02   0.000e+00  12  sdss  6287  82S  1 
  256  53975.373041  2  22.883  0.317  0.016  0.000   2.467e+00   7.436e-01   3.961e-02   0.000e+00  11  sdss  6287  82S  1 
  256  53975.373870  3  22.589  0.443  0.102  0.000   3.167e+00   1.333e+00   3.185e-01   0.000e+00  11  sdss  6287  82S  1 
  256  53975.375529  4  23.476  0.651  0.240  0.000  -3.323e+00   3.806e+00   1.381e+00   0.000e+00  11  sdss  6287  82S  1 
  256  53975.374700  0  22.399  0.408  0.061  0.000   4.177e+00   1.478e+00   2.302e-01   0.000e+00  10  sdss  6287  82S  1 
  257  53990.389894  1  22.549  0.466  0.268  0.000   3.376e+00   1.373e+00   8.357e-01   0.000e+00  12  sdss  6330  82S  1 
  289  53990.386576  2  23.720  1.181  0.209  0.000   1.014e+00   1.396e+00   2.563e-01   0.000e+00  11  sdss  6330  82S  1 
  257  53990.387406  3  25.085  1.125  0.527  0.000  -9.210e-01   1.737e+00   7.660e-01   0.000e+00  11  sdss  6330  82S  1 
  256  53990.389065  4  23.472  0.783  0.225  0.000  -3.300e+00   4.624e+00   1.288e+00   0.000e+00  11  sdss  6330  82S  1 
  257  53990.388235  0  26.202  1.803  0.152  0.000  -2.037e+00   3.215e+00   3.080e-01   0.000e+00  10  sdss  6330  82S  1 
  256  53994.400499  1  23.198  0.358  0.112  0.000   1.819e+00   6.084e-01   1.954e-01   0.000e+00  12  sdss  6355  82S  1 
  288  53994.397182  2  23.600  0.599  0.103  0.000   1.169e+00   7.713e-01   1.383e-01   0.000e+00  11  sdss  6355  82S  1 
  288  53994.398011  3  23.151  0.667  0.305  0.000   1.750e+00   1.271e+00   6.085e-01   0.000e+00  11  sdss  6355  82S  1 
  256  53994.399670  4  20.827  0.277  0.055  0.000   1.638e+01   4.294e+00   8.630e-01   0.000e+00  11  sdss  6355  82S  1 
  288  53994.398840  0  22.924  0.747  0.135  0.000   2.509e+00   1.618e+00   3.223e-01   0.000e+00  10  sdss  6355  82S  1 
  256  53996.383987  1  22.816  0.240  0.151  0.000   2.627e+00   5.805e-01   3.708e-01   0.000e+00  12  sdss  6367  82S  1 
  256  53996.380670  2  22.761  0.315  0.161  0.000   2.777e+00   8.219e-01   4.305e-01   0.000e+00  11  sdss  6367  82S  1 
  288  53996.381499  3  23.089  0.630  0.202  0.000   1.878e+00   1.256e+00   4.214e-01   0.000e+00  11  sdss  6367  82S  1 
  256  53996.383158  4  24.595  0.404  0.396  0.000  -1.290e+01   4.988e+00   5.059e+00   0.000e+00  11  sdss  6367  82S  1 
  288  53996.382328  0  24.474  1.340  0.296  0.000   1.868e-01   1.661e+00   2.905e-01   0.000e+00  10  sdss  6367  82S  1 
  256  54005.397583  1  23.467  0.345  0.076  0.000   1.393e+00   4.690e-01   1.057e-01   0.000e+00  12  sdss  6404  82S  1 
  256  54005.394266  2  23.267  0.415  0.051  0.000   1.679e+00   6.979e-01   8.895e-02   0.000e+00  11  sdss  6404  82S  1 
  256  54005.395095  3  22.768  0.409  0.110  0.000   2.643e+00   1.068e+00   2.963e-01   0.000e+00  11  sdss  6404  82S  1 
  256  54005.396754  4  23.507  0.560  0.206  0.000  -3.504e+00   3.297e+00   1.204e+00   0.000e+00  11  sdss  6404  82S  1 
  288  54005.395924  0  22.823  0.568  0.062  0.000   2.773e+00   1.387e+00   1.609e-01   0.000e+00  10  sdss  6404  82S  1 
  256  54008.344271  1  22.843  0.212  0.053  0.000   2.560e+00   5.002e-01   1.261e-01   0.000e+00  12  sdss  6417  82S  1 
  256  54008.340954  2  23.022  0.361  0.045  0.000   2.151e+00   7.473e-01   9.524e-02   0.000e+00  11  sdss  6417  82S  1 
  288  54008.341783  3  23.798  0.819  0.280  0.000   6.987e-01   1.153e+00   3.764e-01   0.000e+00  11  sdss  6417  82S  1 
  288  54008.343442  4  22.253  0.687  0.063  0.000   2.963e+00   3.942e+00   3.536e-01   0.000e+00  11  sdss  6417  82S  1 
  288  54008.342613  0  24.417  1.240  0.105  0.000   2.431e-01   1.492e+00   1.037e-01   0.000e+00  10  sdss  6417  82S  1 
  256  54010.338718  1  22.815  0.196  0.041  0.000   2.629e+00   4.767e-01   1.005e-01   0.000e+00  12  sdss  6425  82S  1 
  256  54010.335401  2  22.761  0.274  0.059  0.000   2.777e+00   7.183e-01   1.578e-01   0.000e+00  11  sdss  6425  82S  1 
  256  54010.336231  3  23.065  0.534  0.155  0.000   1.928e+00   1.094e+00   3.298e-01   0.000e+00  11  sdss  6425  82S  1 
  256  54010.337889  4  22.931  0.614  0.075  0.000  -4.774e-01   3.166e+00   3.696e-01   0.000e+00  11  sdss  6425  82S  1 
  296  54010.337060  0  22.573  0.436  0.234  0.000   3.538e+00   1.349e+00   7.559e-01   0.000e+00  10  sdss  6425  82S  1 
  257  54012.331496  1  22.616  0.407  0.114  0.000   3.169e+00   1.143e+00   3.343e-01   0.000e+00  12  sdss  6433  82S  1 
  265  54012.328178  2  23.209  0.762  1.326  0.000   1.782e+00   1.262e+00   2.415e+00   0.000e+00  11  sdss  6433  82S  1 
  265  54012.329008  3  22.490  0.483  0.622  0.000   3.489e+00   1.565e+00   2.120e+00   0.000e+00  11  sdss  6433  82S  1 
  256  54012.330666  4  23.300  0.799  0.440  0.000  -2.349e+00   4.501e+00   2.345e+00   0.000e+00  11  sdss  6433  82S  1 
  257  54012.329837  0  25.285  1.823  0.520  0.000  -6.333e-01   2.779e+00   5.797e-01   0.000e+00  10  sdss  6433  82S  1 
  257  54020.337677  1  23.123  0.545  0.252  0.000   1.957e+00   9.526e-01   4.706e-01   0.000e+00  12  sdss  6447  82S  1 
  296  54020.334359  2  23.777  1.024  1.649  0.000   9.457e-01   1.172e+00   1.946e+00   0.000e+00  11  sdss  6447  82S  1 
  288  54020.335189  3  23.620  1.070  0.985  0.000   9.484e-01   1.645e+00   1.448e+00   0.000e+00  11  sdss  6447  82S  1 
  288  54020.336847  4  22.808  0.857  0.558  0.000   1.225e-01   4.629e+00   2.721e+00   0.000e+00  11  sdss  6447  82S  1 
  289  54020.336018  0  24.075  1.716  0.869  0.000   6.010e-01   2.502e+00   9.565e-01   0.000e+00  10  sdss  6447  82S  1 
  256  54024.419351  1  22.922  0.698  0.593  0.000   2.374e+00   1.393e+00   1.321e+00   0.000e+00  12  sdss  6458  82S  1 
  386  54024.416034  2  22.518  0.386  0.248  0.000   3.504e+00   1.234e+00   8.237e-01   0.000e+00  11  sdss  6458  82S  1 
  258  54024.416864  3  22.246  0.460  0.417  0.000   4.421e+00   1.846e+00   1.760e+00   0.000e+00  11  sdss  6458  82S  1 
  288  54024.418522  4  22.366  0.973  1.005  0.000   2.348e+00   5.660e+00   5.353e+00   0.000e+00  11  sdss  6458  82S  1 
  290  54024.417693  0  22.178  0.704  0.255  0.000   5.144e+00   2.874e+00   1.172e+00   0.000e+00  10  sdss  6458  82S  1 
  288  54028.407479  1  23.440  0.465  0.142  0.000   1.431e+00   6.343e-01   2.023e-01   0.000e+00  12  sdss  6471  82S  1 
  288  54028.404162  2  23.533  0.717  0.219  0.000   1.261e+00   9.530e-01   3.076e-01   0.000e+00  11  sdss  6471  82S  1 
  256  54028.404992  3  24.486  1.016  0.380  0.000  -1.469e-01   1.390e+00   4.528e-01   0.000e+00  11  sdss  6471  82S  1 
  256  54028.406650  4  23.080  0.889  0.518  0.000  -1.213e+00   4.903e+00   2.591e+00   0.000e+00  11  sdss  6471  82S  1 
  296  54028.405821  0  22.915  0.829  0.679  0.000   2.533e+00   1.776e+00   1.638e+00   0.000e+00  10  sdss  6471  82S  1 
  256  54030.331103  1  23.658  0.418  0.089  0.000   1.142e+00   4.833e-01   1.057e-01   0.000e+00  12  sdss  6479  82S  1 
  256  54030.327785  2  23.285  0.443  0.079  0.000   1.647e+00   7.325e-01   1.344e-01   0.000e+00  11  sdss  6479  82S  1 
  256  54030.328615  3  22.672  0.405  0.167  0.000   2.915e+00   1.145e+00   4.875e-01   0.000e+00  11  sdss  6479  82S  1 
  256  54030.330273  4  22.025  0.594  0.068  0.000   4.313e+00   3.716e+00   4.236e-01   0.000e+00  11  sdss  6479  82S  1 
  288  54030.329444  0  24.239  1.191  0.158  0.000   4.239e-01   1.437e+00   1.639e-01   0.000e+00  10  sdss  6479  82S  1 
  290  54035.406762  1  24.674  1.180  1.600  0.000   2.692e-01   8.664e-01   1.020e+00   0.000e+00  12  sdss  6501  82S  1 
  266  54035.403445  2  25.596  1.305  3.139  0.000  -6.926e-01   1.433e+00   3.206e+00   0.000e+00  11  sdss  6501  82S  1 
  296  54035.404274  3  23.551  1.107  1.748  0.000   1.052e+00   1.746e+00   2.669e+00   0.000e+00  11  sdss  6501  82S  1 
  256  54035.405933  4  21.574  0.791  0.972  0.000   7.613e+00   6.313e+00   8.261e+00   0.000e+00  11  sdss  6501  82S  1 
  290  54035.405103  0  23.026  1.406  0.277  0.000   2.265e+00   2.560e+00   6.094e-01   0.000e+00  10  sdss  6501  82S  1 
  256  54037.312275  1  23.117  0.264  0.031  0.000   1.969e+00   4.867e-01   5.761e-02   0.000e+00  12  sdss  6508  82S  1 
  256  54037.308958  2  22.593  0.236  0.080  0.000   3.263e+00   7.207e-01   2.475e-01   0.000e+00  11  sdss  6508  82S  1 
  256  54037.309787  3  23.090  0.552  0.109  0.000   1.875e+00   1.108e+00   2.281e-01   0.000e+00  11  sdss  6508  82S  1 
  288  54037.311445  4  22.633  0.651  0.566  0.000   9.774e-01   3.406e+00   2.808e+00   0.000e+00  11  sdss  6508  82S  1 
  288  54037.310616  0  23.990  1.176  0.087  0.000   6.982e-01   1.472e+00   9.937e-02   0.000e+00  10  sdss  6508  82S  1 
  289  54040.326965  1  23.840  1.169  0.369  0.000   9.385e-01   1.105e+00   3.818e-01   0.000e+00  12  sdss  6518  82S  1 
  289  54040.323648  2  24.043  1.038  0.288  0.000   6.572e-01   1.077e+00   2.884e-01   0.000e+00  11  sdss  6518  82S  1 
  257  54040.324477  3  23.123  0.747  0.213  0.000   1.806e+00   1.437e+00   4.336e-01   0.000e+00  11  sdss  6518  82S  1 
  256  54040.326135  4  23.854  0.630  0.135  0.000  -5.751e+00   4.409e+00   9.646e-01   0.000e+00  11  sdss  6518  82S  1 
  265  54040.325306  0  25.262  1.646  1.053  0.000  -6.075e-01   2.338e+00   1.163e+00   0.000e+00  10  sdss  6518  82S  1 
  259  54047.357006  1  27.268  2.512  2.018  0.000  -2.271e+00   3.878e+00   4.315e+00   0.000e+00  12  sdss  6530  82S  1 
  387  54047.353689  2  24.849  2.207  7.186  0.000  -3.766e-02   3.254e+00   5.747e+00   0.000e+00  11  sdss  6530  82S  1 
  291  54047.354519  3  22.501  1.209  1.029  0.000   3.451e+00   3.272e+00   3.478e+00   0.000e+00  11  sdss  6530  82S  1 
  258  54047.356177  4  24.102  1.178  2.285  0.000  -7.701e+00   9.225e+00   1.958e+01   0.000e+00  11  sdss  6530  82S  1 
 1411  54047.355348  0  21.302  0.961  0.588  0.000   1.162e+01   7.871e+00   5.981e+00   0.000e+00  10  sdss  6530  82S  1 
  257  54049.352930  1  22.263  0.356  0.074  0.000   4.409e+00   1.389e+00   2.982e-01   0.000e+00  12  sdss  6537  82S  1 
  289  54049.349613  2  23.693  1.097  0.228  0.000   1.048e+00   1.307e+00   2.847e-01   0.000e+00  11  sdss  6537  82S  1 
  288  54049.350443  3  22.752  0.702  0.419  0.000   2.688e+00   1.763e+00   1.145e+00   0.000e+00  11  sdss  6537  82S  1 
  256  54049.352101  4  21.509  0.648  0.154  0.000   8.175e+00   5.481e+00   1.378e+00   0.000e+00  11  sdss  6537  82S  1 
  259  54049.351272  0  26.470  1.893  0.271  0.000  -2.672e+00   3.763e+00   6.845e-01   0.000e+00  10  sdss  6537  82S  1 
  256  54053.317134  1  22.912  0.256  0.074  0.000   2.397e+00   5.652e-01   1.663e-01   0.000e+00  12  sdss  6555  82S  1 
  256  54053.313817  2  23.042  0.424  0.100  0.000   2.109e+00   8.544e-01   2.086e-01   0.000e+00  11  sdss  6555  82S  1 
  288  54053.314646  3  23.337  0.741  0.300  0.000   1.402e+00   1.258e+00   5.236e-01   0.000e+00  11  sdss  6555  82S  1 
  288  54053.316305  4  22.147  0.722  0.435  0.000   3.574e+00   4.314e+00   2.552e+00   0.000e+00  11  sdss  6555  82S  1 
  256  54053.315475  0  22.361  0.457  0.081  0.000   4.331e+00   1.693e+00   3.149e-01   0.000e+00  10  sdss  6555  82S  1 
  288  54056.318591  1  23.829  0.616  0.272  0.000   9.501e-01   6.134e-01   2.836e-01   0.000e+00  12  sdss  6568  82S  1 
  256  54056.315274  2  23.025  0.479  0.298  0.000   2.145e+00   9.699e-01   6.329e-01   0.000e+00  11  sdss  6568  82S  1 
  288  54056.316103  3  23.103  0.845  0.476  0.000   1.848e+00   1.629e+00   9.846e-01   0.000e+00  11  sdss  6568  82S  1 
  256  54056.317762  4  22.904  0.950  0.707  0.000  -3.493e-01   5.253e+00   3.455e+00   0.000e+00  11  sdss  6568  82S  1 
  298  54056.316932  0  23.690  1.496  1.930  0.000   1.078e+00   2.150e+00   2.604e+00   0.000e+00  10  sdss  6568  82S  1 
  256  54059.312686  1  22.856  0.281  0.069  0.000   2.529e+00   6.519e-01   1.623e-01   0.000e+00  12  sdss  6580  82S  1 
  288  54059.309369  2  23.407  0.753  0.600  0.000   1.448e+00   1.083e+00   9.307e-01   0.000e+00  11  sdss  6580  82S  1 
  288  54059.310198  3  23.444  1.009  0.780  0.000   1.222e+00   1.637e+00   1.272e+00   0.000e+00  11  sdss  6580  82S  1 
  256  54059.311857  4  23.378  0.916  0.814  0.000  -2.774e+00   5.364e+00   4.476e+00   0.000e+00  11  sdss  6580  82S  1 
  290  54059.311027  0  23.353  1.288  0.191  0.000   1.604e+00   2.005e+00   3.246e-01   0.000e+00  10  sdss  6580  82S  1 
  290  54061.323573  1  23.423  0.637  0.224  0.000   1.457e+00   8.534e-01   3.235e-01   0.000e+00  12  sdss  6592  82S  1 
  288  54061.320257  2  23.520  0.868  0.824  0.000   1.279e+00   1.143e+00   1.170e+00   0.000e+00  11  sdss  6592  82S  1 
  288  54061.321086  3  23.070  0.805  0.689  0.000   1.918e+00   1.593e+00   1.460e+00   0.000e+00  11  sdss  6592  82S  1 
  256  54061.322744  4  21.814  0.816  0.835  0.000   5.729e+00   5.671e+00   5.975e+00   0.000e+00  11  sdss  6592  82S  1 
  290  54061.321915  0  22.719  1.057  0.507  0.000   3.074e+00   2.488e+00   1.445e+00   0.000e+00  10  sdss  6592  82S  1 
  256  54062.317373  1  23.118  0.283  0.115  0.000   1.967e+00   5.202e-01   2.154e-01   0.000e+00  12  sdss  6596  82S  1 
  256  54062.314057  2  22.922  0.353  0.140  0.000   2.375e+00   7.979e-01   3.260e-01   0.000e+00  11  sdss  6596  82S  1 
  256  54062.314886  3  22.895  0.546  0.131  0.000   2.317e+00   1.265e+00   3.178e-01   0.000e+00  11  sdss  6596  82S  1 
  256  54062.316544  4  23.017  0.849  0.374  0.000  -9.034e-01   4.615e+00   1.850e+00   0.000e+00  11  sdss  6596  82S  1 
  288  54062.315715  0  23.736  1.286  0.178  0.000   1.015e+00   1.750e+00   2.331e-01   0.000e+00  10  sdss  6596  82S  1 
  257  54068.297626  1  22.764  0.551  0.327  0.000   2.759e+00   1.313e+00   8.385e-01   0.000e+00  12  sdss  6618  82S  1 
  257  54068.294309  2  22.582  0.430  0.195  0.000   3.297e+00   1.286e+00   6.112e-01   0.000e+00  11  sdss  6618  82S  1 
  256  54068.295138  3  24.615  1.128  0.640  0.000  -3.027e-01   1.606e+00   7.785e-01   0.000e+00  11  sdss  6618  82S  1 
  288  54068.296797  4  22.677  1.007  0.907  0.000   7.634e-01   5.670e+00   4.469e+00   0.000e+00  11  sdss  6618  82S  1 
  299  54068.295967  0  24.121  1.873  2.277  0.000   5.503e-01   2.901e+00   2.462e+00   0.000e+00  10  sdss  6618  82S  1 
