# SDSS CID:  20909 IAU:          RA:  27.695246 DEC:  -1.065370  (J2000)
# GALAXY_SB [ugriz] = [ 22.83 22.37 21.97 21.69 21.44 ] +/- [  0.15  0.03  0.02  0.02  0.06 ] (asinh mag/square arcsec)
# GALAXY_SB_FLUX [ugriz] = [  2.680E+00  3.985E+00  5.880E+00  7.461E+00  8.786E+00 ] +/- [  4.018E-01  1.053E-01  1.032E-01  1.410E-01  6.051E-01 ] (microJy per square arcsec)
#FLAG  MJD       FILT  MAG     MERR  MSKYERR MGALERR  FLUX       FLUXERR    SKYERR     GALERR    NPRE TELE   RUN  STRIP  IDCCD
    1  54347.384087  1  25.586  1.266  0.389  1.301  -2.842e-01   9.549e-01   2.504e-01   8.369e-01  9  sdss  6930  82S  1 
   32  54347.380769  2  23.152  0.668  0.203  0.439   1.888e+00   1.178e+00   3.875e-01   8.381e-01  12  sdss  6930  82S  1 
    0  54347.381599  3  26.104  0.555  0.335  0.378  -3.070e+00   1.601e+00   1.029e+00   1.159e+00  11  sdss  6930  82S  1 
   32  54347.383257  4  21.792  0.646  0.554  0.642   5.889e+00   4.581e+00   4.039e+00   4.678e+00  11  sdss  6930  82S  1 
   33  54347.382428  0  22.874  1.192  0.167  1.701   2.637e+00   2.427e+00   4.129e-01   4.217e+00  8  sdss  6930  82S  1 
    0  54357.359558  1  25.919  0.663  0.100  0.494  -5.152e-01   4.996e-01   7.551e-02   3.723e-01  9  sdss  6955  82S  1 
    0  54357.356240  2  24.935  0.829  0.057  0.419  -1.067e-01   7.318e-01   4.590e-02   3.371e-01  12  sdss  6955  82S  1 
   32  54357.357070  3  23.841  0.825  0.270  0.383   6.415e-01   1.150e+00   3.571e-01   5.070e-01  11  sdss  6955  82S  1 
   32  54357.358728  4  22.280  0.603  0.351  0.469   2.811e+00   3.405e+00   1.940e+00   2.589e+00  11  sdss  6955  82S  1 
    0  54357.357899  0  24.766  1.225  0.154  2.244  -9.738e-02   1.457e+00   1.493e-01   2.182e+00  8  sdss  6955  82S  1 
   32  54359.391360  1  24.007  0.742  0.218  0.675   7.744e-01   6.556e-01   2.005e-01   6.208e-01  9  sdss  6964  82S  1 
    0  54359.388042  2  25.825  0.892  0.407  0.500  -9.432e-01   1.019e+00   4.793e-01   5.890e-01  12  sdss  6964  82S  1 
   32  54359.388871  3  23.546  0.970  0.537  0.507   1.060e+00   1.510e+00   8.253e-01   7.784e-01  11  sdss  6964  82S  1 
   32  54359.390530  4  21.791  0.715  0.615  0.545   5.896e+00   5.056e+00   4.490e+00   3.975e+00  11  sdss  6964  82S  1 
   44  54359.389701  0  23.174  1.066  0.925  1.688   1.944e+00   1.831e+00   1.796e+00   3.279e+00  8  sdss  6964  82S  1 
    0  54362.409525  1  25.689  0.773  0.242  0.746  -3.519e-01   5.386e-01   1.620e-01   5.003e-01  9  sdss  6976  82S  1 
    0  54362.406208  2  25.846  0.665  0.063  0.322  -9.681e-01   7.729e-01   7.554e-02   3.856e-01  12  sdss  6976  82S  1 
   32  54362.407037  3  24.257  0.929  0.397  0.474   1.242e-01   1.242e+00   4.725e-01   5.645e-01  11  sdss  6976  82S  1 
   32  54362.408696  4  22.718  0.783  0.536  0.653   5.620e-01   4.173e+00   2.629e+00   3.205e+00  11  sdss  6976  82S  1 
    0  54362.407867  0  24.856  1.257  0.171  2.460  -1.857e-01   1.514e+00   1.677e-01   2.416e+00  8  sdss  6976  82S  1 
   33  54376.405098  1  25.048  0.980  0.189  0.733   4.131e-02   6.593e-01   1.116e-01   4.327e-01  9  sdss  7016  82S  1 
    0  54376.401781  2  25.174  0.930  0.366  0.424  -3.028e-01   8.629e-01   3.097e-01   3.589e-01  12  sdss  7016  82S  1 
   32  54376.402610  3  23.993  0.933  0.421  0.360   4.448e-01   1.283e+00   5.278e-01   4.517e-01  11  sdss  7016  82S  1 
   32  54376.404269  4  21.634  0.533  0.182  0.277   7.108e+00   4.213e+00   1.485e+00   2.262e+00  11  sdss  7016  82S  1 
    9  54376.403439  0  25.119  1.539  0.794  2.018  -4.521e-01   2.077e+00   8.295e-01   2.108e+00  8  sdss  7016  82S  1 
    0  54382.390407  1  25.566  1.005  0.474  2.001  -2.713e-01   7.075e-01   3.028e-01   1.278e+00  9  sdss  7038  82S  1 
   32  54382.387090  2  23.479  0.777  0.441  0.680   1.339e+00   1.062e+00   6.466e-01   9.968e-01  12  sdss  7038  82S  1 
    0  54382.387919  3  25.298  1.063  0.512  0.911  -1.250e+00   1.745e+00   8.450e-01   1.505e+00  11  sdss  7038  82S  1 
    0  54382.389578  4  23.922  0.792  0.990  0.842  -6.247e+00   5.733e+00   7.463e+00   6.349e+00  11  sdss  7038  82S  1 
   10  54382.388749  0  26.910  0.526  0.339  1.422  -4.091e+00   1.810e+00   1.245e+00   5.218e+00  8  sdss  7038  82S  1 
   32  54385.408003  1  23.312  0.382  0.178  0.370   1.626e+00   5.897e-01   2.831e-01   5.896e-01  9  sdss  7051  82S  1 
    0  54385.404686  2  25.781  0.666  0.257  0.278  -8.920e-01   7.461e-01   2.943e-01   3.179e-01  12  sdss  7051  82S  1 
    0  54385.405515  3  25.202  0.738  0.239  0.289  -1.096e+00   1.144e+00   3.725e-01   4.497e-01  11  sdss  7051  82S  1 
   32  54385.407173  4  22.721  0.693  0.232  0.562   5.473e-01   3.624e+00   1.137e+00   2.754e+00  11  sdss  7051  82S  1 
    0  54385.406344  0  25.103  1.310  0.177  2.586  -4.355e-01   1.637e+00   1.839e-01   2.689e+00  8  sdss  7051  82S  1 
 1152  54387.408427  1  27.090  1.419  0.695  2.096  -1.913e+00   1.967e+00   1.281e+00   3.860e+00  9  sdss  7057  82S  1 
   34  54387.405110  2  23.753  1.153  1.246  1.541   9.744e-01   1.343e+00   1.495e+00   1.849e+00  12  sdss  7057  82S  1 
  130  54387.405939  3  27.372  0.236  0.278  0.335  -1.024e+01   2.208e+00   2.650e+00   3.186e+00  11  sdss  7057  82S  1 
  130  54387.407598  4  22.877  1.322  2.796  3.213  -2.152e-01   8.163e+00   1.365e+01   1.568e+01  11  sdss  7057  82S  1 
   32  54387.406768  0  22.451  1.808  0.247  3.243   3.977e+00   4.392e+00   8.832e-01   1.160e+01  8  sdss  7057  82S  1 
 1192  54390.401151  1  22.851  0.362  0.374  0.468   2.540e+00   8.362e-01   8.929e-01   1.117e+00  9  sdss  7071  82S  1 
    0  54390.397834  2  25.103  1.277  1.289  1.395  -2.432e-01   1.288e+00   1.069e+00   1.157e+00  12  sdss  7071  82S  1 
    0  54390.398663  3  24.563  1.266  1.619  1.176  -2.394e-01   1.873e+00   1.950e+00   1.417e+00  11  sdss  7071  82S  1 
 1188  54390.400322  4  22.243  1.862  1.290  0.992   3.018e+00   1.451e+01   7.238e+00   5.566e+00  11  sdss  7071  82S  1 
    2  54390.399492  0  26.877  0.636  0.114  1.416  -3.964e+00   2.068e+00   4.054e-01   5.046e+00  8  sdss  7071  82S  1 
    2  54391.409384  1  26.529  0.949  0.960  2.224  -1.085e+00   9.850e-01   1.106e+00   2.561e+00  9  sdss  7074  82S  1 
    2  54391.406067  2  26.955  0.566  0.155  0.623  -3.091e+00   1.551e+00   4.576e-01   1.839e+00  12  sdss  7074  82S  1 
   34  54391.406896  3  23.468  1.421  1.300  1.626   1.183e+00   2.433e+00   2.093e+00   2.617e+00  11  sdss  7074  82S  1 
    2  54391.408555  4  23.245  1.394  2.088  2.290  -2.060e+00   9.004e+00   1.093e+01   1.198e+01  11  sdss  7074  82S  1 
   34  54394.391448  1  24.113  0.994  0.448  1.816   6.803e-01   8.293e-01   3.832e-01   1.553e+00  9  sdss  7084  82S  1 
    0  54394.388131  2  26.399  0.762  0.720  0.565  -1.789e+00   1.267e+00   1.316e+00   1.032e+00  12  sdss  7084  82S  1 
    0  54394.388961  3  25.183  1.047  0.510  0.732  -1.067e+00   1.647e+00   7.857e-01   1.127e+00  11  sdss  7084  82S  1 
    0  54394.390619  4  23.267  0.938  0.906  1.040  -2.176e+00   5.383e+00   4.773e+00   5.485e+00  11  sdss  7084  82S  1 
   10  54394.389790  0  26.785  0.884  0.707  1.637  -3.629e+00   2.482e+00   2.322e+00   5.381e+00  8  sdss  7084  82S  1 
   43  54396.411526  1  25.029  2.170  6.074  3.421   5.264e-02   2.316e+00   3.587e+00   2.021e+00  9  sdss  7096  82S  1 
  131  54396.408209  2  25.805  1.974  1.925  1.457  -9.197e-01   2.743e+00   2.239e+00   1.694e+00  12  sdss  7096  82S  1 
    1  54396.409039  3  26.086  0.990  0.390  0.572  -3.016e+00   2.560e+00   1.178e+00   1.727e+00  11  sdss  7096  82S  1 
    0  54396.410697  4  23.848  1.084  0.157  1.150  -5.702e+00   7.572e+00   1.126e+00   8.235e+00  11  sdss  7096  82S  1 
   43  54396.409868  0  22.118  1.414  0.680  1.715   5.447e+00   4.763e+00   3.274e+00   8.255e+00  8  sdss  7096  82S  1 
   33  54402.401636  1  22.810  0.827  0.187  0.320   2.641e+00   1.762e+00   4.635e-01   7.940e-01  9  sdss  7101  82S  1 
   33  54402.398319  2  22.786  0.679  0.283  0.226   2.709e+00   1.608e+00   7.417e-01   5.903e-01  12  sdss  7101  82S  1 
    1  54402.399148  3  25.565  0.947  0.547  0.340  -1.736e+00   1.761e+00   1.089e+00   6.771e-01  11  sdss  7101  82S  1 
   32  54402.400807  4  22.264  0.873  0.374  0.623   2.901e+00   5.111e+00   2.079e+00   3.466e+00  11  sdss  7101  82S  1 
   33  54402.399977  0  24.355  2.434  0.830  3.556   3.054e-01   4.903e+00   8.333e-01   3.571e+00  8  sdss  7101  82S  1 
    8  54408.315528  1  21.500  0.069  0.028  0.054   8.943e+00   5.597e-01   2.255e-01   4.454e-01  9  sdss  7127  82S  1 
   32  54408.312211  2  21.980  0.151  0.045  0.061   5.804e+00   8.078e-01   2.438e-01   3.270e-01  12  sdss  7127  82S  1 
   32  54408.313041  3  21.835  0.201  0.052  0.066   6.528e+00   1.218e+00   3.213e-01   4.032e-01  11  sdss  7127  82S  1 
   32  54408.314699  4  22.348  0.693  0.334  0.416   2.441e+00   3.864e+00   1.791e+00   2.234e+00  11  sdss  7127  82S  1 
    0  54408.313870  0  21.166  0.144  0.014  0.180   1.319e+01   1.638e+00   1.584e-01   2.065e+00  8  sdss  7127  82S  1 
    0  54411.273462  1  21.064  0.048  0.005  0.031   1.338e+01   5.811e-01   6.293e-02   3.739e-01  9  sdss  7136  82S  1 
    0  54411.270145  2  21.303  0.077  0.013  0.030   1.087e+01   7.739e-01   1.274e-01   2.981e-01  12  sdss  7136  82S  1 
    0  54411.270974  3  21.477  0.141  0.022  0.057   9.119e+00   1.190e+00   1.867e-01   4.853e-01  11  sdss  7136  82S  1 
    0  54411.272632  4  21.258  0.321  0.140  0.203   1.067e+01   3.453e+00   1.530e+00   2.227e+00  11  sdss  7136  82S  1 
    0  54411.271803  0  20.716  0.099  0.004  0.107   1.997e+01   1.708e+00   6.308e-02   1.850e+00  8  sdss  7136  82S  1 
    0  54413.314334  1  21.117  0.068  0.015  0.106   1.274e+01   7.941e-01   1.767e-01   1.234e+00  9  sdss  7145  82S  1 
   32  54413.311017  2  21.234  0.109  0.044  0.110   1.158e+01   1.164e+00   4.738e-01   1.173e+00  12  sdss  7145  82S  1 
   32  54413.311847  3  21.425  0.187  0.054  0.162   9.570e+00   1.651e+00   4.768e-01   1.442e+00  11  sdss  7145  82S  1 
   32  54413.313505  4  21.287  0.487  0.270  0.495   1.036e+01   5.000e+00   2.887e+00   5.302e+00  11  sdss  7145  82S  1 
    2  54413.312676  0  20.868  0.146  0.027  0.419   1.736e+01   2.191e+00   4.133e-01   6.306e+00  8  sdss  7145  82S  1 
    0  54415.325722  1  21.004  0.048  0.005  0.040   1.413e+01   6.251e-01   6.539e-02   5.217e-01  9  sdss  7152  82S  1 
    0  54415.322405  2  21.172  0.074  0.017  0.035   1.226e+01   8.312e-01   1.881e-01   3.901e-01  12  sdss  7152  82S  1 
    0  54415.323235  3  21.396  0.134  0.034  0.054   9.832e+00   1.216e+00   3.063e-01   4.977e-01  11  sdss  7152  82S  1 
   32  54415.324893  4  21.395  0.380  0.055  0.252   9.249e+00   3.642e+00   5.392e-01   2.474e+00  11  sdss  7152  82S  1 
    0  54415.324064  0  21.185  0.152  0.013  0.205   1.296e+01   1.703e+00   1.503e-01   2.309e+00  8  sdss  7152  82S  1 
    0  54417.315853  1  21.146  0.053  0.010  0.044   1.240e+01   5.993e-01   1.160e-01   4.981e-01  9  sdss  7158  82S  1 
    0  54417.312536  2  21.223  0.081  0.032  0.040   1.170e+01   8.676e-01   3.422e-01   4.359e-01  12  sdss  7158  82S  1 
   32  54417.313365  3  21.462  0.150  0.018  0.061   9.246e+00   1.280e+00   1.525e-01   5.268e-01  11  sdss  7158  82S  1 
    0  54417.315024  4  20.744  0.235  0.117  0.143   1.775e+01   3.952e+00   1.986e+00   2.444e+00  11  sdss  7158  82S  1 
    8  54417.314195  0  21.197  0.149  0.069  0.214   1.281e+01   1.643e+00   7.683e-01   2.378e+00  8  sdss  7158  82S  1 
    0  54418.314210  1  21.223  0.067  0.008  0.093   1.155e+01   7.058e-01   8.634e-02   9.786e-01  9  sdss  7161  82S  1 
   32  54418.310893  2  21.082  0.086  0.028  0.072   1.333e+01   1.053e+00   3.378e-01   8.836e-01  12  sdss  7161  82S  1 
   32  54418.311723  3  21.244  0.146  0.113  0.106   1.132e+01   1.521e+00   1.190e+00   1.110e+00  11  sdss  7161  82S  1 
   32  54418.313381  4  21.324  0.473  0.227  0.451   9.966e+00   4.728e+00   2.356e+00   4.685e+00  11  sdss  7161  82S  1 
    8  54418.312552  0  21.033  0.155  0.191  0.375   1.490e+01   1.987e+00   2.469e+00   4.856e+00  8  sdss  7161  82S  1 
    0  54422.318459  1  21.357  0.079  0.046  0.100   1.020e+01   7.328e-01   4.269e-01   9.351e-01  9  sdss  7173  82S  1 
   32  54422.315142  2  21.326  0.104  0.060  0.081   1.064e+01   1.020e+00   5.917e-01   7.951e-01  12  sdss  7173  82S  1 
   32  54422.315971  3  21.460  0.174  0.050  0.121   9.264e+00   1.484e+00   4.275e-01   1.044e+00  11  sdss  7173  82S  1 
   32  54422.317629  4  20.930  0.347  0.134  0.345   1.481e+01   4.894e+00   1.947e+00   5.001e+00  11  sdss  7173  82S  1 
  136  54422.316800  0  21.832  0.326  0.161  0.755   7.113e+00   1.974e+00   1.006e+00   4.702e+00  8  sdss  7173  82S  1 
    1  54424.254358  1  21.410  0.140  0.030  0.078   9.718e+00   1.236e+00   2.672e-01   6.941e-01  9  sdss  7183  82S  1 
   33  54424.251041  2  21.335  0.133  0.043  0.061   1.055e+01   1.284e+00   4.153e-01   5.944e-01  12  sdss  7183  82S  1 
    0  54424.251871  3  21.115  0.130  0.007  0.057   1.276e+01   1.525e+00   8.475e-02   6.739e-01  11  sdss  7183  82S  1 
   32  54424.253529  4  21.368  0.464  0.098  0.398   9.516e+00   4.488e+00   9.796e-01   3.991e+00  11  sdss  7183  82S  1 
    1  54424.252700  0  21.244  0.296  0.059  0.311   1.227e+01   3.086e+00   6.270e-01   3.319e+00  8  sdss  7183  82S  1 
