# SDSS CID:   2234 IAU:          RA:  18.615211 DEC:  -0.849757  (J2000)
# GALAXY_SB [ugriz] = [ 24.66 23.82 23.33 23.23 22.49 ] +/- [  0.53  0.08  0.06  0.07  0.11 ] (asinh mag/square arcsec)
# GALAXY_SB_FLUX [ugriz] = [ -2.893E-02  9.514E-01  1.565E+00  1.602E+00  1.669E+00 ] +/- [  5.143E-01  8.517E-02  9.316E-02  1.317E-01  5.598E-01 ] (microJy per square arcsec)
#FLAG  MJD       FILT  MAG     MERR  MSKYERR MGALERR  FLUX       FLUXERR    SKYERR     GALERR    NPRE TELE   RUN  STRIP  IDCCD
   48  53616.366158  1  22.595  0.243  0.961  0.359   3.235e+00   7.173e-01   2.880e+00   1.076e+00  17  sdss  5566  82N  1 
   48  53616.362840  2  21.630  0.150  0.488  0.164   8.031e+00   1.107e+00   3.632e+00   1.223e+00  18  sdss  5566  82N  1 
    0  53616.363670  3  21.457  0.183  0.369  0.152   9.286e+00   1.566e+00   3.190e+00   1.311e+00  19  sdss  5566  82N  1 
 1184  53616.365328  4  22.238  0.967  1.562  1.400   3.047e+00   5.782e+00   8.791e+00   7.876e+00  19  sdss  5566  82N  1 
 1154  53616.364499  0  26.557  1.000  1.659  3.649  -2.912e+00   2.289e+00   4.508e+00   9.909e+00  9  sdss  5566  82N  1 
   48  53626.342842  1  23.321  0.371  0.805  0.295   1.612e+00   5.688e-01   1.270e+00   4.653e-01  17  sdss  5603  82N  1 
   16  53626.339525  2  22.089  0.157  0.260  0.081   5.242e+00   7.637e-01   1.272e+00   3.977e-01  18  sdss  5603  82N  1 
    0  53626.340354  3  21.428  0.144  0.204  0.076   9.541e+00   1.269e+00   1.808e+00   6.745e-01  19  sdss  5603  82N  1 
    0  53626.342012  4  21.505  0.415  0.272  0.274   8.218e+00   3.643e+00   2.450e+00   2.466e+00  19  sdss  5603  82N  1 
    0  53626.341183  0  24.925  1.235  1.278  3.407  -2.533e-01   1.485e+00   1.270e+00   3.386e+00  9  sdss  5603  82N  1 
  161  53628.327905  1  23.126  0.890  1.075  0.379   1.951e+00   1.425e+00   2.007e+00   7.079e-01  17  sdss  5610  82N  1 
   33  53628.324588  2  22.375  0.364  0.516  0.160   4.009e+00   1.330e+00   1.951e+00   6.038e-01  18  sdss  5610  82N  1 
    0  53628.325417  3  21.596  0.199  0.247  0.090   8.159e+00   1.499e+00   1.879e+00   6.888e-01  19  sdss  5610  82N  1 
    0  53628.327076  4  21.501  0.517  0.327  0.390   8.254e+00   4.494e+00   2.953e+00   3.517e+00  19  sdss  5610  82N  1 
  161  53628.326246  0  24.395  1.914  1.455  4.418   2.653e-01   2.985e+00   1.449e+00   4.401e+00  9  sdss  5610  82N  1 
    1  53635.336515  1  22.691  0.351  0.269  0.106   2.955e+00   9.352e-01   7.387e-01   2.917e-01  17  sdss  5622  82N  1 
    1  53635.333198  2  22.467  0.299  0.217  0.086   3.675e+00   1.018e+00   7.561e-01   2.995e-01  18  sdss  5622  82N  1 
    0  53635.334027  3  21.549  0.167  0.149  0.049   8.525e+00   1.315e+00   1.182e+00   3.860e-01  19  sdss  5622  82N  1 
    0  53635.335686  4  21.489  0.407  0.203  0.212   8.363e+00   3.614e+00   1.852e+00   1.929e+00  19  sdss  5622  82N  1 
    1  53635.334856  0  26.718  0.915  0.259  0.814  -3.404e+00   2.427e+00   8.077e-01   2.541e+00  9  sdss  5622  82N  1 
   33  53637.329923  1  23.605  0.885  1.356  0.545   1.208e+00   9.893e-01   1.689e+00   6.786e-01  17  sdss  5633  82N  1 
   32  53637.326606  2  23.198  0.703  1.134  0.419   1.801e+00   1.190e+00   2.089e+00   7.715e-01  18  sdss  5633  82N  1 
    0  53637.327435  3  21.823  0.256  0.385  0.139   6.598e+00   1.561e+00   2.387e+00   8.643e-01  19  sdss  5633  82N  1 
    0  53637.329094  4  21.241  0.474  0.413  0.348   1.086e+01   5.054e+00   4.587e+00   3.866e+00  19  sdss  5633  82N  1 
    1  53637.328265  0  26.590  1.093  0.602  1.866  -3.007e+00   2.506e+00   1.682e+00   5.214e+00  9  sdss  5633  82N  1 
   32  53639.375307  1  23.517  0.493  0.989  0.365   1.323e+00   6.307e-01   1.323e+00   4.886e-01  17  sdss  5642  82N  1 
    0  53639.371990  2  22.694  0.268  0.310  0.109   2.961e+00   7.495e-01   8.812e-01   3.089e-01  18  sdss  5642  82N  1 
    0  53639.372819  3  21.731  0.176  0.220  0.082   7.193e+00   1.174e+00   1.480e+00   5.522e-01  19  sdss  5642  82N  1 
    0  53639.374478  4  22.334  0.601  0.420  0.453   2.517e+00   3.334e+00   2.268e+00   2.445e+00  19  sdss  5642  82N  1 
   32  53639.373649  0  23.276  0.988  0.687  1.688   1.746e+00   1.619e+00   1.239e+00   3.045e+00  9  sdss  5642  82N  1 
    0  53641.374521  1  25.189  0.784  1.377  0.570  -4.159e-02   5.037e-01   8.123e-01   3.364e-01  17  sdss  5658  82N  1 
   48  53641.371203  2  23.094  0.360  0.425  0.139   2.001e+00   7.039e-01   8.537e-01   2.792e-01  18  sdss  5658  82N  1 
   16  53641.372033  3  22.335  0.288  0.350  0.106   4.057e+00   1.109e+00   1.373e+00   4.140e-01  19  sdss  5658  82N  1 
    0  53641.373692  4  21.757  0.460  0.280  0.264   6.150e+00   3.374e+00   2.092e+00   1.970e+00  19  sdss  5658  82N  1 
  160  53641.372862  0  24.609  1.198  0.890  2.507   5.499e-02   1.412e+00   8.637e-01   2.432e+00  9  sdss  5658  82N  1 
   16  53644.322295  1  26.428  0.547  1.458  0.604  -9.729e-01   5.585e-01   1.548e+00   6.413e-01  17  sdss  5670  82N  1 
   48  53644.318978  2  23.410  0.567  1.213  0.437   1.443e+00   8.387e-01   1.882e+00   6.782e-01  18  sdss  5670  82N  1 
   32  53644.319807  3  22.596  0.399  0.684  0.257   3.142e+00   1.208e+00   2.140e+00   8.045e-01  19  sdss  5670  82N  1 
    0  53644.321466  4  21.564  0.446  0.346  0.417   7.698e+00   3.732e+00   2.979e+00   3.585e+00  19  sdss  5670  82N  1 
   32  53644.320637  0  23.265  0.963  0.994  2.436   1.766e+00   1.591e+00   1.808e+00   4.430e+00  9  sdss  5670  82N  1 
   48  53654.357076  1  23.804  0.529  1.077  0.419   9.769e-01   5.426e-01   1.147e+00   4.467e-01  17  sdss  5709  82N  1 
   32  53654.353759  2  23.341  0.505  0.517  0.204   1.553e+00   7.940e-01   8.465e-01   3.340e-01  18  sdss  5709  82N  1 
   32  53654.354588  3  22.806  0.499  0.534  0.178   2.540e+00   1.253e+00   1.402e+00   4.661e-01  19  sdss  5709  82N  1 
    0  53654.356247  4  21.567  0.553  0.313  0.294   7.673e+00   4.568e+00   2.683e+00   2.521e+00  19  sdss  5709  82N  1 
    0  53654.355417  0  26.243  0.819  0.327  1.393  -2.126e+00   1.551e+00   6.838e-01   2.913e+00  9  sdss  5709  82N  1 
   33  53663.317877  1  23.356  0.774  0.507  0.200   1.558e+00   1.064e+00   7.764e-01   3.071e-01  17  sdss  5744  82N  1 
   33  53663.314560  2  23.550  0.764  0.496  0.187   1.237e+00   1.000e+00   6.896e-01   2.601e-01  18  sdss  5744  82N  1 
   33  53663.315389  3  23.005  0.602  0.517  0.167   2.059e+00   1.281e+00   1.157e+00   3.744e-01  19  sdss  5744  82N  1 
    0  53663.317048  4  23.192  0.715  0.295  0.377  -1.785e+00   3.885e+00   1.520e+00   1.942e+00  19  sdss  5744  82N  1 
   33  53663.316218  0  23.559  1.716  0.497  1.611   1.267e+00   2.682e+00   7.296e-01   2.367e+00  9  sdss  5744  82N  1 
   33  53666.387936  1  23.957  1.013  1.081  0.460   8.219e-01   9.077e-01   1.028e+00   4.374e-01  17  sdss  5765  82N  1 
   32  53666.384619  2  23.966  0.880  0.774  0.321   7.359e-01   9.250e-01   8.111e-01   3.367e-01  18  sdss  5765  82N  1 
   32  53666.385448  3  22.600  0.410  0.339  0.133   3.129e+00   1.233e+00   1.056e+00   4.161e-01  19  sdss  5765  82N  1 
    0  53666.387107  4  22.348  0.703  0.309  0.371   2.442e+00   3.925e+00   1.660e+00   1.995e+00  19  sdss  5765  82N  1 
    1  53666.386277  0  26.166  1.592  0.502  1.781  -1.962e+00   2.727e+00   9.862e-01   3.500e+00  9  sdss  5765  82N  1 
   32  53668.307239  1  23.283  0.513  1.298  0.522   1.674e+00   7.912e-01   2.117e+00   8.507e-01  17  sdss  5770  82N  1 
   32  53668.303922  2  23.733  0.809  1.376  0.528   9.991e-01   9.487e-01   1.677e+00   6.435e-01  18  sdss  5770  82N  1 
   32  53668.304751  3  22.409  0.383  0.502  0.221   3.777e+00   1.362e+00   1.846e+00   8.137e-01  19  sdss  5770  82N  1 
    0  53668.306410  4  21.704  0.604  0.474  0.488   6.554e+00   4.535e+00   3.674e+00   3.784e+00  19  sdss  5770  82N  1 
    0  53668.305581  0  24.857  1.425  1.912  4.629  -1.865e-01   1.818e+00   1.879e+00   4.548e+00  9  sdss  5770  82N  1 
   48  53670.312234  1  24.110  0.704  1.885  0.822   6.829e-01   5.870e-01   1.611e+00   7.031e-01  17  sdss  5781  82N  1 
   32  53670.308917  2  23.554  0.719  1.241  0.542   1.232e+00   9.439e-01   1.722e+00   7.523e-01  18  sdss  5781  82N  1 
   32  53670.309746  3  22.070  0.285  0.406  0.196   5.228e+00   1.385e+00   2.016e+00   9.720e-01  19  sdss  5781  82N  1 
    0  53670.311405  4  23.130  0.788  0.734  0.717  -1.469e+00   4.285e+00   3.717e+00   3.627e+00  19  sdss  5781  82N  1 
    0  53670.310575  0  26.550  0.699  0.831  2.056  -2.892e+00   1.714e+00   2.243e+00   5.549e+00  9  sdss  5781  82N  1 
    0  53673.279828  1  26.432  0.553  1.392  0.619  -9.771e-01   5.656e-01   1.482e+00   6.591e-01  17  sdss  5792  82N  1 
   32  53673.276511  2  22.998  0.381  0.554  0.196   2.202e+00   8.044e-01   1.208e+00   4.279e-01  18  sdss  5792  82N  1 
    0  53673.277340  3  22.203  0.270  0.320  0.116   4.606e+00   1.167e+00   1.411e+00   5.120e-01  19  sdss  5792  82N  1 
    0  53673.278998  4  22.867  0.694  0.463  0.520  -1.664e-01   3.620e+00   2.260e+00   2.537e+00  19  sdss  5792  82N  1 
  160  53673.278169  0  24.340  1.236  1.102  3.525   3.203e-01   1.493e+00   1.111e+00   3.554e+00  9  sdss  5792  82N  1 
   48  53675.276947  1  23.634  0.525  1.553  0.629   1.172e+00   6.100e-01   1.889e+00   7.647e-01  17  sdss  5800  82N  1 
   16  53675.273630  2  25.049  1.002  2.447  0.813  -1.990e-01   9.307e-01   2.006e+00   6.666e-01  18  sdss  5800  82N  1 
   32  53675.274459  3  23.064  0.650  0.801  0.315   1.930e+00   1.319e+00   1.713e+00   6.732e-01  19  sdss  5800  82N  1 
    0  53675.276118  4  23.071  0.773  0.947  0.598  -1.172e+00   4.159e+00   4.730e+00   2.988e+00  19  sdss  5800  82N  1 
   32  53675.275288  0  23.278  0.985  1.137  2.663   1.742e+00   1.611e+00   2.047e+00   4.795e+00  9  sdss  5800  82N  1 
   32  53677.297617  1  24.055  0.582  0.990  0.450   7.306e-01   5.039e-01   8.787e-01   3.994e-01  17  sdss  5813  82N  1 
   48  53677.294300  2  23.425  0.477  0.501  0.179   1.420e+00   7.070e-01   7.673e-01   2.740e-01  18  sdss  5813  82N  1 
    0  53677.295129  3  22.384  0.299  0.250  0.104   3.869e+00   1.099e+00   9.382e-01   3.927e-01  19  sdss  5813  82N  1 
    0  53677.296788  4  22.468  0.629  0.398  0.467   1.810e+00   3.375e+00   2.049e+00   2.407e+00  19  sdss  5813  82N  1 
  128  53677.295958  0  25.240  1.119  0.465  2.486  -5.833e-01   1.356e+00   5.091e-01   2.720e+00  9  sdss  5813  82N  1 
   16  53680.284407  1  26.064  0.634  1.433  0.565  -6.303e-01   5.125e-01   1.177e+00   4.644e-01  17  sdss  5823  82N  1 
   32  53680.281090  2  24.287  0.833  1.152  0.465   4.271e-01   7.828e-01   1.026e+00   4.141e-01  18  sdss  5823  82N  1 
   32  53680.281920  3  22.693  0.416  0.585  0.193   2.851e+00   1.160e+00   1.689e+00   5.569e-01  19  sdss  5823  82N  1 
    0  53680.283578  4  22.247  0.633  0.459  0.494   2.997e+00   3.622e+00   2.570e+00   2.767e+00  19  sdss  5823  82N  1 
    0  53680.282749  0  25.485  1.113  0.862  2.414  -8.709e-01   1.427e+00   1.061e+00   2.970e+00  9  sdss  5823  82N  1 
    1  53686.283589  1  22.031  0.364  0.380  0.128   5.472e+00   1.759e+00   1.904e+00   6.428e-01  17  sdss  5866  82N  1 
   33  53686.280272  2  22.926  1.031  0.931  0.358   2.364e+00   1.992e+00   2.159e+00   8.304e-01  18  sdss  5866  82N  1 
    1  53686.281101  3  26.136  0.798  1.139  0.361  -3.168e+00   2.239e+00   3.593e+00   1.137e+00  19  sdss  5866  82N  1 
    0  53686.282759  4  23.036  0.945  1.126  0.737  -9.975e-01   5.258e+00   5.585e+00   3.657e+00  19  sdss  5866  82N  1 
 1185  53686.281930  0  22.608  1.901  0.743  1.792   3.421e+00   4.234e+00   2.331e+00   5.619e+00  9  sdss  5866  82N  1 
    1  53693.285500  1  25.498  1.510  2.165  0.789  -2.282e-01   1.221e+00   1.351e+00   4.925e-01  17  sdss  5878  82N  1 
   33  53693.282183  2  23.547  0.826  0.828  0.267   1.241e+00   1.077e+00   1.155e+00   3.721e-01  18  sdss  5878  82N  1 
   32  53693.283012  3  23.086  0.703  0.727  0.221   1.883e+00   1.396e+00   1.528e+00   4.635e-01  19  sdss  5878  82N  1 
    0  53693.284671  4  21.962  0.621  0.435  0.401   4.717e+00   4.021e+00   2.839e+00   2.617e+00  19  sdss  5878  82N  1 
    1  53693.283841  0  26.912  1.043  0.186  0.932  -4.098e+00   3.115e+00   6.890e-01   3.448e+00  9  sdss  5878  82N  1 
   48  53698.282554  1  24.397  0.796  2.668  0.894   4.565e-01   5.841e-01   1.921e+00   6.437e-01  17  sdss  5898  82N  1 
    0  53698.279237  2  24.861  0.909  1.717  0.594  -4.712e-02   8.146e-01   1.374e+00   4.749e-01  18  sdss  5898  82N  1 
   32  53698.280067  3  22.339  0.330  0.454  0.145   4.041e+00   1.256e+00   1.774e+00   5.687e-01  19  sdss  5898  82N  1 
    0  53698.281725  4  23.320  0.747  0.530  0.584  -2.459e+00   4.202e+00   2.852e+00   3.139e+00  19  sdss  5898  82N  1 
   32  53698.280896  0  22.588  0.562  0.637  1.244   3.489e+00   1.670e+00   2.033e+00   3.969e+00  9  sdss  5898  82N  1 
 1188  53699.305980  1  24.019  2.091  1.628  0.534   7.634e-01   2.264e+00   1.481e+00   4.856e-01  17  sdss  5902  82N  1 
 1180  53699.302663  2  25.497  1.053  8.441  0.431  -5.939e-01   1.075e+00   8.172e+00   4.177e-01  18  sdss  5902  82N  1 
 1060  53699.303492  3  23.078  1.424  1.201  0.209   1.900e+00   2.757e+00   2.538e+00   4.412e-01  19  sdss  5902  82N  1 
 1156  53699.305150  4  21.095  0.684  0.228  0.188   1.260e+01   7.874e+00   2.867e+00   2.366e+00  19  sdss  5902  82N  1 
 1156  53699.304321  0  26.431  2.184  1.487  1.610  -2.571e+00   4.518e+00   3.629e+00   3.930e+00  9  sdss  5902  82N  1 
   16  53704.267982  1  25.566  0.888  3.338  1.191  -2.711e-01   6.103e-01   2.131e+00   7.599e-01  17  sdss  5918  82N  1 
   48  53704.264665  2  23.531  0.692  1.700  0.524   1.264e+00   9.248e-01   2.401e+00   7.401e-01  18  sdss  5918  82N  1 
   32  53704.265495  3  22.531  0.442  0.788  0.260   3.351e+00   1.403e+00   2.608e+00   8.613e-01  19  sdss  5918  82N  1 
   32  53704.267153  4  22.295  0.857  0.824  0.757   2.731e+00   4.965e+00   4.522e+00   4.153e+00  19  sdss  5918  82N  1 
   32  53704.266324  0  23.694  1.341  2.025  4.393   1.073e+00   1.865e+00   2.726e+00   5.915e+00  9  sdss  5918  82N  1 
