# SDSS CID:   8618 IAU:          RA: 330.598053 DEC:   0.569565  (J2000)
# GALAXY_SB [ugriz] = [ 18.23 16.96 16.42 16.28 16.19 ] +/- [  0.00  0.00  0.00  0.00  0.00 ] (asinh mag/square arcsec)
# GALAXY_SB_FLUX [ugriz] = [  1.913E+02  5.836E+02  9.780E+02  1.099E+03  1.191E+03 ] +/- [  0.000E+00  0.000E+00  0.000E+00  0.000E+00  0.000E+00 ] (microJy per square arcsec)
#FLAG  MJD       FILT  MAG     MERR  MSKYERR MGALERR  FLUX       FLUXERR    SKYERR     GALERR    NPRE TELE   RUN  STRIP  IDCCD
  384  53622.247102  1  29.595  0.185  0.058  0.000  -1.974e+01   3.339e+00   1.058e+00   0.000e+00  10  sdss  5582  82S  5 
  256  53622.243785  2  29.819  0.117  0.019  0.000  -4.404e+01   4.760e+00   7.814e-01   0.000e+00  11  sdss  5582  82S  5 
  256  53622.244614  3  27.830  0.432  0.085  0.000  -1.566e+01   5.987e+00   1.240e+00   0.000e+00  11  sdss  5582  82S  5 
  256  53622.246272  4  27.904  0.053  0.016  0.000  -2.828e+02   1.377e+01   4.283e+00   0.000e+00  11  sdss  5582  82S  5 
  296  53622.245443  0  21.666  0.680  0.321  0.000   8.298e+00   4.593e+00   2.436e+00   0.000e+00  8  sdss  5582  82S  5 
  289  53625.243177  1  20.911  0.324  0.012  0.000   1.540e+01   4.485e+00   1.739e-01   0.000e+00  10  sdss  5597  82S  5 
  256  53625.240689  3  30.105  0.049  0.002  0.000  -1.275e+02   5.736e+00   2.777e-01   0.000e+00  11  sdss  5597  82S  5 
  256  53625.242347  4  27.949  0.045  0.004  0.000  -2.948e+02   1.218e+01   1.108e+00   0.000e+00  11  sdss  5597  82S  5 
  296  53625.241518  0  23.706  2.072  0.404  0.000   1.055e+00   3.607e+00   5.500e-01   0.000e+00  8  sdss  5597  82S  5 
  257  53627.204324  1  30.329  0.111  0.009  0.000  -3.881e+01   3.960e+00   3.176e-01   0.000e+00  10  sdss  5607  82S  5 
  257  53627.201007  2  29.166  0.176  0.014  0.000  -2.413e+01   3.903e+00   3.102e-01   0.000e+00  11  sdss  5607  82S  5 
  256  53627.201836  3  29.032  0.151  0.009  0.000  -4.743e+01   6.609e+00   3.950e-01   0.000e+00  11  sdss  5607  82S  5 
  256  53627.203495  4  26.728  0.182  0.019  0.000  -9.566e+01   1.603e+01   1.675e+00   0.000e+00  11  sdss  5607  82S  5 
  289  53627.202666  0  21.810  0.773  0.224  0.000   7.258e+00   4.448e+00   1.488e+00   0.000e+00  8  sdss  5607  82S  5 
  291  53634.196177  1  20.198  0.150  0.052  0.000   2.971e+01   4.106e+00   1.430e+00   0.000e+00  10  sdss  5619  82S  5 
  291  53634.192860  2  20.448  0.211  0.093  0.000   2.392e+01   4.616e+00   2.070e+00   0.000e+00  11  sdss  5619  82S  5 
  290  53634.193690  3  19.248  0.093  0.049  0.000   7.138e+01   6.148e+00   3.251e+00   0.000e+00  11  sdss  5619  82S  5 
  258  53634.195348  4  24.618  1.359  0.532  0.000  -1.320e+01   1.413e+01   7.005e+00   0.000e+00  11  sdss  5619  82S  5 
  259  53634.194519  0  28.137  0.704  0.282  0.000  -1.285e+01   7.258e+00   3.299e+00   0.000e+00  8  sdss  5619  82S  5 
  257  53636.201559  1  29.281  0.250  0.017  0.000  -1.478e+01   3.353e+00   2.364e-01   0.000e+00  10  sdss  5628  82S  5 
  256  53636.199071  3  30.082  0.050  0.004  0.000  -1.248e+02   5.732e+00   4.828e-01   0.000e+00  11  sdss  5628  82S  5 
  256  53636.200730  4  27.994  0.048  0.005  0.000  -3.072e+02   1.381e+01   1.556e+00   0.000e+00  11  sdss  5628  82S  5 
  256  53636.199900  0  28.068  0.340  0.023  0.000  -1.205e+01   3.608e+00   2.555e-01   0.000e+00  8  sdss  5628  82S  5 
  257  53655.172729  1  30.245  0.105  0.013  0.000  -3.592e+01   3.469e+00   4.436e-01   0.000e+00  10  sdss  5713  82S  5 
  257  53655.169412  2  27.484  1.511  0.113  0.000  -5.091e+00   4.810e+00   5.393e-01   0.000e+00  11  sdss  5713  82S  5 
  256  53655.170241  3  26.799  1.303  0.132  0.000  -6.000e+00   5.396e+00   7.514e-01   0.000e+00  11  sdss  5713  82S  5 
  256  53655.171900  4  27.652  0.057  0.005  0.000  -2.242e+02   1.181e+01   9.610e-01   0.000e+00  11  sdss  5713  82S  5 
  257  53655.171070  0  26.487  2.234  0.194  0.000  -2.716e+00   4.806e+00   5.124e-01   0.000e+00  8  sdss  5713  82S  5 
  289  53664.196816  1  22.086  0.788  0.112  0.000   5.201e+00   3.276e+00   5.430e-01   0.000e+00  10  sdss  5754  82S  5 
  289  53664.193500  2  21.352  0.447  0.075  0.000   1.038e+01   4.086e+00   7.243e-01   0.000e+00  11  sdss  5754  82S  5 
  256  53664.194329  3  28.735  0.169  0.025  0.000  -3.608e+01   5.620e+00   8.532e-01   0.000e+00  11  sdss  5754  82S  5 
  256  53664.195987  4  27.073  0.104  0.009  0.000  -1.315e+02   1.271e+01   1.142e+00   0.000e+00  11  sdss  5754  82S  5 
  257  53664.195158  0  27.311  1.183  0.063  0.000  -5.965e+00   4.880e+00   3.453e-01   0.000e+00  8  sdss  5754  82S  5 
  288  53666.160147  1  22.245  1.049  0.039  0.000   4.482e+00   3.435e+00   1.638e-01   0.000e+00  10  sdss  5763  82S  5 
  256  53666.157659  3  29.461  0.079  0.005  0.000  -7.043e+01   5.164e+00   3.243e-01   0.000e+00  11  sdss  5763  82S  5 
  288  53666.159318  4  20.055  0.456  0.026  0.000   3.398e+01   1.378e+01   8.168e-01   0.000e+00  11  sdss  5763  82S  5 
  264  53666.158489  0  28.204  0.373  0.027  0.000  -1.366e+01   4.459e+00   3.412e-01   0.000e+00  8  sdss  5763  82S  5 
  288  53669.155488  1  19.906  0.095  0.009  0.000   3.887e+01   3.394e+00   3.210e-01   0.000e+00  10  sdss  5776  82S  5 
  256  53669.152171  2  29.404  0.152  0.007  0.000  -3.005e+01   4.208e+00   1.829e-01   0.000e+00  11  sdss  5776  82S  5 
  256  53669.153000  3  29.220  0.116  0.007  0.000  -5.641e+01   6.022e+00   3.550e-01   0.000e+00  11  sdss  5776  82S  5 
  256  53669.154658  4  25.380  0.569  0.061  0.000  -2.741e+01   1.360e+01   1.570e+00   0.000e+00  11  sdss  5776  82S  5 
  288  53669.153829  0  22.316  1.008  0.025  0.000   4.517e+00   3.435e+00   1.035e-01   0.000e+00  8  sdss  5776  82S  5 
  256  53671.240430  1  30.814  0.065  0.010  0.000  -6.067e+01   3.660e+00   5.558e-01   0.000e+00  10  sdss  5786  82S  5 
  256  53671.237114  2  27.630  0.862  0.125  0.000  -5.834e+00   3.950e+00   6.817e-01   0.000e+00  11  sdss  5786  82S  5 
  256  53671.237943  3  30.230  0.044  0.010  0.000  -1.430e+02   5.895e+00   1.310e+00   0.000e+00  11  sdss  5786  82S  5 
  256  53671.239601  4  27.563  0.071  0.017  0.000  -2.066e+02   1.356e+01   3.314e+00   0.000e+00  11  sdss  5786  82S  5 
  384  53671.238772  0  27.139  1.754  0.082  0.000  -5.080e+00   5.275e+00   3.873e-01   0.000e+00  8  sdss  5786  82S  5 
  256  53674.139514  1  28.320  0.835  0.027  0.000  -6.085e+00   3.983e+00   1.508e-01   0.000e+00  10  sdss  5797  82S  5 
  288  53674.136197  2  21.207  0.362  0.040  0.000   1.187e+01   3.849e+00   4.464e-01   0.000e+00  11  sdss  5797  82S  5 
  256  53674.137026  3  29.930  0.061  0.004  0.000  -1.085e+02   6.094e+00   4.200e-01   0.000e+00  11  sdss  5797  82S  5 
  256  53674.138685  4  25.480  0.553  0.049  0.000  -3.010e+01   1.453e+01   1.392e+00   0.000e+00  11  sdss  5797  82S  5 
  264  53674.137855  0  26.351  1.738  0.367  0.000  -2.374e+00   3.302e+00   8.660e-01   0.000e+00  8  sdss  5797  82S  5 
  256  53676.228750  1  31.597  0.033  0.002  0.000  -1.248e+02   3.821e+00   2.332e-01   0.000e+00  10  sdss  5807  82S  5 
  256  53676.225434  2  30.240  0.064  0.004  0.000  -6.491e+01   3.822e+00   2.428e-01   0.000e+00  11  sdss  5807  82S  5 
  288  53676.226263  3  20.419  0.240  0.018  0.000   2.426e+01   5.317e+00   4.111e-01   0.000e+00  11  sdss  5807  82S  5 
  256  53676.227921  4  23.737  1.615  0.158  0.000  -4.938e+00   1.199e+01   1.057e+00   0.000e+00  11  sdss  5807  82S  5 
  256  53676.227092  0  27.293  0.790  0.032  0.000  -5.865e+00   3.686e+00   1.732e-01   0.000e+00  8  sdss  5807  82S  5 
  256  53679.200304  1  28.417  0.596  0.119  0.000  -6.656e+00   3.360e+00   7.355e-01   0.000e+00  10  sdss  5820  82S  5 
  256  53679.196987  2  28.855  0.252  0.033  0.000  -1.812e+01   4.164e+00   5.526e-01   0.000e+00  11  sdss  5820  82S  5 
  288  53679.197816  3  19.001  0.067  0.015  0.000   8.962e+01   5.550e+00   1.239e+00   0.000e+00  11  sdss  5820  82S  5 
  256  53679.199475  4  26.334  0.201  0.019  0.000  -6.649e+01   1.228e+01   1.203e+00   0.000e+00  11  sdss  5820  82S  5 
  296  53679.198646  0  22.239  1.405  0.617  0.000   4.858e+00   4.480e+00   2.781e+00   0.000e+00  8  sdss  5820  82S  5 
  256  53681.191588  1  30.488  0.092  0.007  0.000  -4.493e+01   3.795e+00   2.770e-01   0.000e+00  10  sdss  5836  82S  5 
  256  53681.188271  2  27.272  2.050  0.123  0.000  -4.175e+00   4.891e+00   4.854e-01   0.000e+00  11  sdss  5836  82S  5 
  256  53681.189101  3  29.436  0.096  0.009  0.000  -6.883e+01   6.122e+00   5.875e-01   0.000e+00  11  sdss  5836  82S  5 
  256  53681.190759  4  27.038  0.100  0.010  0.000  -1.273e+02   1.174e+01   1.135e+00   0.000e+00  11  sdss  5836  82S  5 
  256  53681.189930  0  27.313  0.788  0.073  0.000  -5.976e+00   3.744e+00   4.020e-01   0.000e+00  8  sdss  5836  82S  5 
  257  53685.150198  1  30.984  0.054  0.009  0.000  -7.095e+01   3.558e+00   6.215e-01   0.000e+00  10  sdss  5853  82S  5 
 1337  53685.147710  3  19.935  0.246  0.357  0.000   3.791e+01   8.516e+00   1.254e+01   0.000e+00  11  sdss  5853  82S  5 
 1408  53685.149369  4  27.939  0.069  0.006  0.000  -2.920e+02   1.880e+01   1.753e+00   0.000e+00  11  sdss  5853  82S  5 
  257  53685.148539  0  28.212  0.414  0.044  0.000  -1.376e+01   4.945e+00   5.455e-01   0.000e+00  8  sdss  5853  82S  5 
  257  53687.188593  1  31.088  0.056  0.007  0.000  -7.809e+01   4.056e+00   5.118e-01   0.000e+00  10  sdss  5870  82S  5 
  257  53687.185276  2  28.166  0.662  0.062  0.000  -9.591e+00   5.279e+00   5.544e-01   0.000e+00  11  sdss  5870  82S  5 
  257  53687.186106  3  29.891  0.047  0.004  0.000  -1.046e+02   4.543e+00   4.200e-01   0.000e+00  11  sdss  5870  82S  5 
  256  53687.187764  4  27.602  0.073  0.005  0.000  -2.141e+02   1.443e+01   1.035e+00   0.000e+00  11  sdss  5870  82S  5 
  257  53687.186935  0  25.969  2.685  0.715  0.000  -1.588e+00   6.378e+00   1.242e+00   0.000e+00  8  sdss  5870  82S  5 
 1284  53697.147097  1  30.676  0.252  0.028  0.000  -5.343e+01   1.220e+01   1.385e+00   0.000e+00  10  sdss  5895  82S  5 
 1309  53697.143780  2  29.856  0.264  0.376  0.000  -4.557e+01   1.094e+01   1.589e+01   0.000e+00  11  sdss  5895  82S  5 
 1412  53697.144609  3  30.296  0.163  0.101  0.000  -1.520e+02   2.284e+01   1.420e+01   0.000e+00  11  sdss  5895  82S  5 
 1412  53697.146267  4  28.123  0.157  0.043  0.000  -3.460e+02   5.014e+01   1.387e+01   0.000e+00  11  sdss  5895  82S  5 
 1284  53697.145438  0  28.381  3.781  0.242  0.000  -1.609e+01   2.329e+01   3.534e+00   0.000e+00  8  sdss  5895  82S  5 
  256  53700.145699  1  30.686  0.066  0.007  0.000  -5.392e+01   3.307e+00   3.401e-01   0.000e+00  10  sdss  5905  82S  5 
  256  53700.142383  2  27.242  1.633  0.055  0.000  -4.058e+00   4.136e+00   2.100e-01   0.000e+00  11  sdss  5905  82S  5 
  256  53700.143212  3  29.266  0.101  0.011  0.000  -5.885e+01   5.469e+00   5.850e-01   0.000e+00  11  sdss  5905  82S  5 
  256  53700.144870  4  26.606  0.177  0.019  0.000  -8.547e+01   1.395e+01   1.511e+00   0.000e+00  11  sdss  5905  82S  5 
  256  53700.144041  0  28.789  0.176  0.006  0.000  -2.344e+01   3.713e+00   1.345e-01   0.000e+00  8  sdss  5905  82S  5 
  256  53705.132088  1  29.735  0.149  0.022  0.000  -2.245e+01   3.070e+00   4.557e-01   0.000e+00  10  sdss  5924  82S  5 
  288  53705.128771  2  19.008  0.051  0.004  0.000   9.011e+01   4.288e+00   3.536e-01   0.000e+00  11  sdss  5924  82S  5 
  256  53705.129601  3  29.272  0.101  0.011  0.000  -5.918e+01   5.553e+00   5.782e-01   0.000e+00  11  sdss  5924  82S  5 
  256  53705.131259  4  27.300  0.080  0.009  0.000  -1.621e+02   1.203e+01   1.346e+00   0.000e+00  11  sdss  5924  82S  5 
  296  53705.130430  0  20.582  0.214  0.086  0.000   2.260e+01   4.327e+00   1.759e+00   0.000e+00  8  sdss  5924  82S  5 
