# SDSS CID:  12115 IAU: 2006pr   RA:  23.636196 DEC:  -0.414392  (J2000)
# GALAXY_SB [ugriz] = [ 23.06 20.56 19.11 18.11 17.60 ] +/- [  0.00  0.00  0.00  0.00  0.00 ] (asinh mag/square arcsec)
# GALAXY_SB_FLUX [ugriz] = [  2.114E+00  2.120E+01  8.187E+01  2.027E+02  3.267E+02 ] +/- [  0.000E+00  0.000E+00  0.000E+00  0.000E+00  0.000E+00 ] (microJy per square arcsec)
#FLAG  MJD       FILT  MAG     MERR  MSKYERR MGALERR  FLUX       FLUXERR    SKYERR     GALERR    NPRE TELE   RUN  STRIP  IDCCD
  288  53616.379528  1  24.082  0.930  0.511  0.000   7.072e-01   7.909e-01   4.503e-01   0.000e+00  32  sdss  5566  82N  2 
  288  53616.376211  2  22.775  0.556  0.294  0.000   2.738e+00   1.373e+00   7.785e-01   0.000e+00  36  sdss  5566  82N  2 
  256  53616.377040  3  28.256  0.097  0.046  0.000  -2.319e+01   2.062e+00   9.728e-01   0.000e+00  36  sdss  5566  82N  2 
  256  53616.378699  4  25.602  0.206  0.075  0.000  -3.374e+01   6.338e+00   2.341e+00   0.000e+00  36  sdss  5566  82N  2 
  292  53616.377869  0  23.597  1.420  0.189  0.000   1.211e+00   2.087e+00   2.801e-01   0.000e+00  24  sdss  5566  82N  2 
 1408  53622.393094  1  27.416  0.362  0.125  0.000  -2.616e+00   8.742e-01   3.126e-01   0.000e+00  32  sdss  5582  82S  3 
  384  53622.389777  2  28.657  0.106  0.035  0.000  -1.510e+01   1.472e+00   4.876e-01   0.000e+00  36  sdss  5582  82S  3 
  256  53622.390606  3  28.833  0.069  0.020  0.000  -3.948e+01   2.508e+00   7.435e-01   0.000e+00  36  sdss  5582  82S  3 
  288  53622.392265  4  22.822  1.246  0.266  0.000   5.389e-02   7.503e+00   1.297e+00   0.000e+00  36  sdss  5582  82S  3 
  288  53622.391436  0  23.678  1.417  0.389  0.000   1.094e+00   2.032e+00   5.447e-01   0.000e+00  24  sdss  5582  82S  3 
  256  53626.356686  1  26.115  0.969  0.355  0.000  -6.728e-01   8.086e-01   3.048e-01   0.000e+00  32  sdss  5603  82N  2 
 1464  53626.353368  2  21.899  0.286  1.201  0.000   6.257e+00   1.631e+00   6.994e+00   0.000e+00  36  sdss  5603  82N  2 
  256  53626.354198  3  28.711  0.061  0.035  0.000  -3.528e+01   1.977e+00   1.129e+00   0.000e+00  36  sdss  5603  82N  2 
  256  53626.355856  4  25.374  0.213  0.122  0.000  -2.726e+01   5.313e+00   3.072e+00   0.000e+00  36  sdss  5603  82N  2 
  385  53627.350703  1  27.971  0.196  0.104  0.000  -4.402e+00   7.982e-01   4.276e-01   0.000e+00  32  sdss  5607  82S  3 
  256  53627.347385  2  28.090  0.201  0.048  0.000  -8.941e+00   1.646e+00   3.954e-01   0.000e+00  36  sdss  5607  82S  3 
  256  53627.348215  3  29.340  0.037  0.007  0.000  -6.298e+01   2.144e+00   4.275e-01   0.000e+00  36  sdss  5607  82S  3 
  256  53627.349873  4  25.451  0.289  0.078  0.000  -2.929e+01   7.654e+00   2.128e+00   0.000e+00  36  sdss  5607  82S  3 
  288  53627.349044  0  23.475  1.135  0.170  0.000   1.399e+00   1.709e+00   2.748e-01   0.000e+00  24  sdss  5607  82S  3 
  289  53628.341763  1  24.783  1.578  0.625  0.000   2.007e-01   1.305e+00   3.861e-01   0.000e+00  32  sdss  5610  82N  2 
  257  53628.338446  2  26.121  1.077  0.337  0.000  -1.333e+00   1.428e+00   4.941e-01   0.000e+00  36  sdss  5610  82N  2 
  256  53628.339275  3  27.936  0.127  0.037  0.000  -1.726e+01   2.017e+00   5.882e-01   0.000e+00  36  sdss  5610  82N  2 
  256  53628.340934  4  25.044  0.299  0.135  0.000  -1.995e+01   5.491e+00   2.542e+00   0.000e+00  36  sdss  5610  82N  2 
  265  53628.340105  0  22.448  0.926  0.363  0.000   3.986e+00   2.952e+00   1.386e+00   0.000e+00  24  sdss  5610  82N  2 
  259  53634.343124  1  25.955  2.321  1.093  0.000  -5.433e-01   2.724e+00   8.471e-01   0.000e+00  32  sdss  5619  82S  3 
  259  53634.339807  2  27.780  0.468  0.311  0.000  -6.708e+00   2.754e+00   1.942e+00   0.000e+00  36  sdss  5619  82S  3 
  257  53634.340636  3  27.007  0.493  0.247  0.000  -7.289e+00   3.150e+00   1.680e+00   0.000e+00  36  sdss  5619  82S  3 
  256  53634.342295  4  25.452  0.319  0.118  0.000  -2.932e+01   8.427e+00   3.206e+00   0.000e+00  36  sdss  5619  82S  3 
  259  53634.341466  0  24.846  2.605  3.218  0.000  -1.756e-01   5.749e+00   3.161e+00   0.000e+00  24  sdss  5619  82S  3 
  289  53635.347110  2  23.922  1.166  0.275  0.000   7.830e-01   1.281e+00   2.957e-01   0.000e+00  36  sdss  5622  82N  2 
  256  53635.347939  3  27.345  0.188  0.036  0.000  -9.988e+00   1.724e+00   3.345e-01   0.000e+00  36  sdss  5622  82N  2 
  289  53637.343441  1  23.830  1.041  0.145  0.000   9.490e-01   1.005e+00   1.529e-01   0.000e+00  32  sdss  5633  82N  2 
  288  53637.340124  2  21.740  0.232  0.072  0.000   7.252e+00   1.541e+00   4.829e-01   0.000e+00  36  sdss  5633  82N  2 
  288  53637.340953  3  22.699  0.748  0.198  0.000   2.835e+00   1.943e+00   5.668e-01   0.000e+00  36  sdss  5633  82N  2 
  288  53637.342612  4  22.327  1.004  0.101  0.000   2.555e+00   5.915e+00   5.435e-01   0.000e+00  36  sdss  5633  82N  2 
  257  53637.341783  0  22.576  0.913  0.265  0.000   3.527e+00   2.627e+00   9.024e-01   0.000e+00  24  sdss  5633  82N  2 
  288  53639.388841  1  22.774  0.279  0.104  0.000   2.731e+00   7.095e-01   2.694e-01   0.000e+00  32  sdss  5642  82N  2 
  256  53639.385524  2  25.717  0.985  0.239  0.000  -8.209e-01   1.076e+00   2.633e-01   0.000e+00  36  sdss  5642  82N  2 
  256  53639.386353  3  27.061  0.219  0.042  0.000  -7.667e+00   1.542e+00   2.975e-01   0.000e+00  36  sdss  5642  82N  2 
  256  53639.388012  4  24.102  0.559  0.192  0.000  -7.703e+00   4.599e+00   1.638e+00   0.000e+00  36  sdss  5642  82N  2 
  256  53639.387182  0  23.265  1.027  0.218  0.000   1.767e+00   1.744e+00   4.148e-01   0.000e+00  24  sdss  5642  82N  2 
  384  53640.348681  1  26.800  0.571  0.167  0.000  -1.436e+00   7.806e-01   2.426e-01   0.000e+00  32  sdss  5646  82S  3 
  416  53640.345364  2  21.480  0.156  0.011  0.000   9.227e+00   1.324e+00   9.632e-02   0.000e+00  36  sdss  5646  82S  3 
  256  53640.346193  3  28.689  0.075  0.021  0.000  -3.457e+01   2.382e+00   6.596e-01   0.000e+00  36  sdss  5646  82S  3 
  256  53640.347852  4  24.962  0.429  0.035  0.000  -1.845e+01   7.184e+00   6.072e-01   0.000e+00  36  sdss  5646  82S  3 
  296  53640.347022  0  23.673  1.271  0.772  0.000   1.101e+00   1.783e+00   1.086e+00   0.000e+00  24  sdss  5646  82S  3 
  256  53641.388071  1  27.097  0.386  0.028  0.000  -1.927e+00   7.011e-01   5.192e-02   0.000e+00  32  sdss  5658  82N  2 
  288  53641.384753  2  23.468  0.739  0.186  0.000   1.355e+00   1.025e+00   2.756e-01   0.000e+00  36  sdss  5658  82N  2 
  288  53641.385583  3  23.043  0.865  0.110  0.000   1.976e+00   1.730e+00   2.394e-01   0.000e+00  36  sdss  5658  82N  2 
  288  53641.387241  4  20.467  0.236  0.019  0.000   2.309e+01   5.013e+00   4.079e-01   0.000e+00  36  sdss  5658  82N  2 
  288  53641.386412  0  23.881  1.201  0.043  0.000   8.277e-01   1.566e+00   5.271e-02   0.000e+00  24  sdss  5658  82N  2 
  288  53644.336279  1  24.712  0.895  0.119  0.000   2.447e-01   6.118e-01   7.501e-02   0.000e+00  32  sdss  5670  82N  2 
  288  53644.332962  2  22.902  0.483  0.093  0.000   2.421e+00   1.087e+00   2.212e-01   0.000e+00  36  sdss  5670  82N  2 
  256  53644.333792  3  27.802  0.119  0.029  0.000  -1.525e+01   1.668e+00   4.128e-01   0.000e+00  36  sdss  5670  82N  2 
  256  53644.335450  4  25.523  0.149  0.018  0.000  -3.134e+01   4.296e+00   5.098e-01   0.000e+00  36  sdss  5670  82N  2 
  256  53644.334621  0  24.868  1.230  0.153  0.000  -1.971e-01   1.472e+00   1.510e-01   0.000e+00  24  sdss  5670  82N  2 
 1316  53646.410504  1  24.282  2.144  0.681  0.000   5.423e-01   2.319e+00   5.274e-01   0.000e+00  32  sdss  5681  82S  3 
 1420  53646.407187  2  29.627  0.163  0.098  0.000  -3.691e+01   5.504e+00   3.342e+00   0.000e+00  36  sdss  5681  82S  3 
  256  53646.408016  3  28.346  0.114  0.048  0.000  -2.520e+01   2.622e+00   1.102e+00   0.000e+00  36  sdss  5681  82S  3 
  420  53646.409675  4  20.651  0.449  0.103  0.000   1.941e+01   7.844e+00   1.888e+00   0.000e+00  36  sdss  5681  82S  3 
 1412  53646.408845  0  22.553  1.052  0.270  0.000   3.606e+00   2.960e+00   9.385e-01   0.000e+00  24  sdss  5681  82S  3 
  256  53655.321302  1  27.189  0.446  0.200  0.000  -2.106e+00   8.678e-01   4.084e-01   0.000e+00  32  sdss  5713  82S  3 
  256  53655.317986  2  25.368  1.351  0.616  0.000  -4.725e-01   1.438e+00   5.602e-01   0.000e+00  36  sdss  5713  82S  3 
  288  53655.318815  3  21.145  0.220  0.082  0.000   1.240e+01   2.487e+00   9.446e-01   0.000e+00  36  sdss  5713  82S  3 
  416  53655.320473  4  21.201  0.760  0.185  0.000   1.131e+01   7.863e+00   2.101e+00   0.000e+00  36  sdss  5713  82S  3 
  384  53655.319644  0  25.639  1.389  0.135  0.000  -1.075e+00   1.974e+00   1.881e-01   0.000e+00  24  sdss  5713  82S  3 
  259  53657.347127  1  27.653  1.095  0.672  0.000  -3.271e+00   2.630e+00   2.076e+00   0.000e+00  32  sdss  5731  82N  2 
  291  53657.343810  2  22.993  1.437  0.599  0.000   2.213e+00   2.447e+00   1.313e+00   0.000e+00  36  sdss  5731  82N  2 
  259  53657.344639  3  26.751  0.593  0.287  0.000  -5.731e+00   2.938e+00   1.552e+00   0.000e+00  36  sdss  5731  82N  2 
  256  53657.346298  4  24.192  1.009  0.415  0.000  -8.499e+00   8.346e+00   3.796e+00   0.000e+00  36  sdss  5731  82N  2 
  387  53657.345469  0  21.819  1.016  0.444  0.000   7.196e+00   5.424e+00   2.987e+00   0.000e+00  24  sdss  5731  82N  2 
 1409  53663.332020  1  21.697  0.209  0.034  0.000   7.450e+00   1.432e+00   2.365e-01   0.000e+00  32  sdss  5744  82N  2 
  289  53663.328703  2  22.578  0.448  0.048  0.000   3.308e+00   1.346e+00   1.522e-01   0.000e+00  36  sdss  5744  82N  2 
  257  53663.329533  3  19.136  0.035  0.005  0.000   7.912e+01   2.546e+00   3.520e-01   0.000e+00  36  sdss  5744  82N  2 
  256  53663.331191  4  19.793  0.143  0.030  0.000   4.336e+01   5.640e+00   1.188e+00   0.000e+00  36  sdss  5744  82N  2 
  257  53663.330362  0  22.807  1.645  0.368  0.000   2.819e+00   3.436e+00   1.025e+00   0.000e+00  24  sdss  5744  82N  2 
  281  53664.346039  1  28.346  0.282  0.774  0.000  -6.233e+00   1.603e+00   4.496e+00   0.000e+00  32  sdss  5754  82S  3 
 1433  53664.342722  2  27.259  0.562  1.522  0.000  -4.123e+00   2.020e+00   5.913e+00   0.000e+00  36  sdss  5754  82S  3 
  281  53664.343551  3  28.782  0.075  0.110  0.000  -3.766e+01   2.601e+00   3.818e+00   0.000e+00  36  sdss  5754  82S  3 
  261  53664.345209  4  24.646  0.662  0.191  0.000  -1.356e+01   8.060e+00   2.536e+00   0.000e+00  36  sdss  5754  82S  3 
  265  53664.344380  0  27.093  0.817  0.359  0.000  -4.865e+00   3.231e+00   1.655e+00   0.000e+00  24  sdss  5754  82S  3 
  288  53668.321425  1  23.557  0.796  0.531  0.000   1.271e+00   9.492e-01   6.997e-01   0.000e+00  32  sdss  5770  82N  2 
  256  53668.318108  2  28.661  0.106  0.015  0.000  -1.515e+01   1.476e+00   2.156e-01   0.000e+00  36  sdss  5770  82N  2 
  288  53668.318937  3  20.768  0.131  0.041  0.000   1.757e+01   2.107e+00   6.700e-01   0.000e+00  36  sdss  5770  82N  2 
  288  53668.320595  4  20.642  0.373  0.216  0.000   1.957e+01   6.653e+00   4.000e+00   0.000e+00  36  sdss  5770  82N  2 
  256  53669.305459  1  27.648  0.219  0.085  0.000  -3.255e+00   6.644e-01   2.619e-01   0.000e+00  32  sdss  5776  82S  3 
  256  53669.302142  2  28.139  0.139  0.020  0.000  -9.355e+00   1.197e+00   1.710e-01   0.000e+00  36  sdss  5776  82S  3 
  256  53669.302971  3  28.838  0.064  0.009  0.000  -3.966e+01   2.313e+00   3.207e-01   0.000e+00  36  sdss  5776  82S  3 
  288  53669.304630  4  21.464  0.750  0.064  0.000   8.591e+00   6.436e+00   5.911e-01   0.000e+00  36  sdss  5776  82S  3 
  256  53669.303801  0  25.415  1.131  0.046  0.000  -7.846e-01   1.443e+00   5.613e-02   0.000e+00  24  sdss  5776  82S  3 
  288  53670.326019  1  23.300  0.466  0.267  0.000   1.646e+00   7.268e-01   4.365e-01   0.000e+00  32  sdss  5781  82N  2 
  288  53670.322702  2  23.939  1.157  0.186  0.000   7.648e-01   1.263e+00   1.977e-01   0.000e+00  36  sdss  5781  82N  2 
  256  53670.323531  3  27.447  0.171  0.068  0.000  -1.098e+01   1.719e+00   6.860e-01   0.000e+00  36  sdss  5781  82N  2 
  256  53670.325189  4  25.450  0.229  0.159  0.000  -2.927e+01   6.109e+00   4.311e+00   0.000e+00  36  sdss  5781  82N  2 
  264  53670.324360  0  22.921  0.821  0.781  0.000   2.517e+00   1.837e+00   1.971e+00   0.000e+00  24  sdss  5781  82N  2 
  256  53671.390110  1  27.440  0.353  0.210  0.000  -2.675e+00   8.717e-01   5.349e-01   0.000e+00  32  sdss  5786  82S  3 
  256  53671.386793  2  28.429  0.127  0.045  0.000  -1.223e+01   1.428e+00   5.071e-01   0.000e+00  36  sdss  5786  82S  3 
  256  53671.387622  3  28.034  0.144  0.034  0.000  -1.890e+01   2.499e+00   5.989e-01   0.000e+00  36  sdss  5786  82S  3 
  256  53671.389281  4  25.508  0.258  0.031  0.000  -3.090e+01   7.234e+00   8.955e-01   0.000e+00  36  sdss  5786  82S  3 
  424  53671.388451  0  24.329  1.598  1.883  0.000   3.318e-01   2.192e+00   1.914e+00   0.000e+00  24  sdss  5786  82S  3 
  288  53673.294055  1  22.636  0.221  0.093  0.000   3.111e+00   6.408e-01   2.732e-01   0.000e+00  32  sdss  5792  82N  2 
  288  53673.290738  2  23.713  0.947  0.166  0.000   1.024e+00   1.119e+00   2.058e-01   0.000e+00  36  sdss  5792  82N  2 
  288  53673.291567  3  20.845  0.121  0.021  0.000   1.637e+01   1.825e+00   3.244e-01   0.000e+00  36  sdss  5792  82N  2 
  256  53673.293225  4  23.856  0.649  0.059  0.000  -5.765e+00   4.535e+00   4.222e-01   0.000e+00  36  sdss  5792  82N  2 
  256  53673.292396  0  25.010  1.290  0.125  0.000  -3.396e-01   1.592e+00   1.277e-01   0.000e+00  24  sdss  5792  82N  2 
  256  53674.289373  1  27.291  0.393  0.184  0.000  -2.323e+00   8.450e-01   4.109e-01   0.000e+00  32  sdss  5797  82S  3 
  384  53674.286056  2  28.236  0.166  0.129  0.000  -1.023e+01   1.563e+00   1.225e+00   0.000e+00  36  sdss  5797  82S  3 
  384  53674.286885  3  26.842  0.490  0.194  0.000  -6.245e+00   2.704e+00   1.136e+00   0.000e+00  36  sdss  5797  82S  3 
  256  53674.288544  4  26.361  0.145  0.081  0.000  -6.813e+01   8.964e+00   5.034e+00   0.000e+00  36  sdss  5797  82S  3 
  290  53674.287714  0  23.393  1.404  0.332  0.000   1.534e+00   2.214e+00   5.714e-01   0.000e+00  24  sdss  5797  82S  3 
  288  53675.290771  1  23.812  0.619  0.047  0.000   9.681e-01   6.326e-01   5.011e-02   0.000e+00  32  sdss  5800  82N  2 
  288  53675.287454  2  23.514  0.811  0.138  0.000   1.288e+00   1.082e+00   1.969e-01   0.000e+00  36  sdss  5800  82N  2 
  288  53675.288283  3  22.559  0.559  0.152  0.000   3.262e+00   1.690e+00   4.911e-01   0.000e+00  36  sdss  5800  82N  2 
  288  53675.289942  4  20.621  0.315  0.134  0.000   1.995e+01   5.775e+00   2.528e+00   0.000e+00  36  sdss  5800  82N  2 
  256  53675.289113  0  25.140  1.237  0.098  0.000  -4.740e-01   1.525e+00   1.045e-01   0.000e+00  24  sdss  5800  82N  2 
  384  53676.378735  1  28.407  0.125  0.062  0.000  -6.595e+00   7.642e-01   3.807e-01   0.000e+00  32  sdss  5807  82S  3 
  256  53676.375418  2  28.670  0.090  0.017  0.000  -1.528e+01   1.265e+00   2.342e-01   0.000e+00  36  sdss  5807  82S  3 
  256  53676.376247  3  28.762  0.060  0.008  0.000  -3.697e+01   2.024e+00   2.581e-01   0.000e+00  36  sdss  5807  82S  3 
  288  53676.377906  4  21.413  0.756  0.126  0.000   9.075e+00   6.715e+00   1.206e+00   0.000e+00  36  sdss  5807  82S  3 
  256  53676.377076  0  25.165  1.397  0.122  0.000  -5.006e-01   1.811e+00   1.313e-01   0.000e+00  24  sdss  5807  82S  3 
  264  53677.311876  1  27.908  0.166  0.120  0.000  -4.150e+00   6.420e-01   4.674e-01   0.000e+00  32  sdss  5813  82N  2 
  256  53677.308559  2  28.723  0.074  0.021  0.000  -1.604e+01   1.090e+00   3.038e-01   0.000e+00  36  sdss  5813  82N  2 
  256  53677.309388  3  28.799  0.047  0.011  0.000  -3.826e+01   1.645e+00   3.864e-01   0.000e+00  36  sdss  5813  82N  2 
  288  53677.311047  4  20.546  0.254  0.074  0.000   2.142e+01   5.017e+00   1.487e+00   0.000e+00  36  sdss  5813  82N  2 
  288  53677.310218  0  24.332  1.259  0.163  0.000   3.287e-01   1.536e+00   1.657e-01   0.000e+00  24  sdss  5813  82N  2 
  258  53679.350458  1  25.601  1.200  0.506  0.000  -2.938e-01   8.917e-01   3.279e-01   0.000e+00  32  sdss  5820  82S  3 
  256  53679.347141  2  25.876  1.309  0.588  0.000  -1.005e+00   1.563e+00   7.192e-01   0.000e+00  36  sdss  5820  82S  3 
  256  53679.347970  3  28.792  0.070  0.021  0.000  -3.802e+01   2.458e+00   7.300e-01   0.000e+00  36  sdss  5820  82S  3 
  256  53679.349628  4  25.181  0.457  0.345  0.000  -2.273e+01   9.219e+00   7.331e+00   0.000e+00  36  sdss  5820  82S  3 
  258  53679.348799  0  22.708  0.831  0.131  0.000   3.104e+00   2.196e+00   3.971e-01   0.000e+00  24  sdss  5820  82S  3 
  288  53680.298270  1  23.789  0.595  0.237  0.000   9.929e-01   6.195e-01   2.589e-01   0.000e+00  32  sdss  5823  82N  2 
  256  53680.294953  2  27.574  0.199  0.060  0.000  -5.538e+00   1.016e+00   3.118e-01   0.000e+00  36  sdss  5823  82N  2 
  256  53680.295783  3  19.773  0.057  0.010  0.000   4.400e+01   2.306e+00   3.932e-01   0.000e+00  36  sdss  5823  82N  2 
  288  53680.297441  4  21.313  0.470  0.088  0.000   1.009e+01   4.703e+00   9.152e-01   0.000e+00  36  sdss  5823  82N  2 
  256  53680.296612  0  22.679  0.546  0.057  0.000   3.193e+00   1.590e+00   1.786e-01   0.000e+00  24  sdss  5823  82N  2 
  256  53681.341851  1  27.694  0.226  0.047  0.000  -3.399e+00   7.138e-01   1.501e-01   0.000e+00  32  sdss  5836  82S  3 
  256  53681.338534  2  28.253  0.127  0.026  0.000  -1.039e+01   1.218e+00   2.546e-01   0.000e+00  36  sdss  5836  82S  3 
  256  53681.339363  3  27.871  0.154  0.016  0.000  -1.625e+01   2.291e+00   2.455e-01   0.000e+00  36  sdss  5836  82S  3 
  416  53681.341022  4  21.430  0.748  0.126  0.000   8.911e+00   6.578e+00   1.194e+00   0.000e+00  36  sdss  5836  82S  3 
  264  53681.340193  0  24.291  1.290  0.808  0.000   3.704e-01   1.595e+00   8.306e-01   0.000e+00  24  sdss  5836  82S  3 
  257  53685.301082  1  27.035  0.724  0.108  0.000  -1.814e+00   1.159e+00   1.926e-01   0.000e+00  32  sdss  5853  82S  3 
  257  53685.297765  2  28.451  0.131  0.019  0.000  -1.248e+01   1.508e+00   2.205e-01   0.000e+00  36  sdss  5853  82S  3 
  257  53685.298595  3  27.825  0.185  0.022  0.000  -1.558e+01   2.626e+00   3.178e-01   0.000e+00  36  sdss  5853  82S  3 
  256  53685.300253  4  25.706  0.181  0.014  0.000  -3.714e+01   6.125e+00   4.612e-01   0.000e+00  36  sdss  5853  82S  3 
  265  53685.299424  0  25.674  1.662  0.684  0.000  -1.123e+00   2.534e+00   9.715e-01   0.000e+00  24  sdss  5853  82S  3 
  289  53686.297496  1  22.865  0.903  0.293  0.000   2.506e+00   1.818e+00   7.022e-01   0.000e+00  32  sdss  5866  82N  2 
  289  53686.294179  2  21.264  0.211  0.088  0.000   1.127e+01   2.176e+00   9.180e-01   0.000e+00  36  sdss  5866  82N  2 
  257  53686.295008  3  28.120  0.142  0.051  0.000  -2.046e+01   2.663e+00   9.653e-01   0.000e+00  36  sdss  5866  82N  2 
  288  53686.296667  4  20.425  0.345  0.098  0.000   2.402e+01   7.490e+00   2.195e+00   0.000e+00  36  sdss  5866  82N  2 
  259  53686.295837  0  21.267  0.571  0.192  0.000   1.201e+01   5.852e+00   2.143e+00   0.000e+00  24  sdss  5866  82N  2 
  289  53693.299878  1  23.812  1.329  0.332  0.000   9.681e-01   1.287e+00   3.566e-01   0.000e+00  32  sdss  5878  82N  2 
  257  53693.296562  2  27.279  0.379  0.090  0.000  -4.202e+00   1.446e+00   3.574e-01   0.000e+00  36  sdss  5878  82N  2 
  256  53693.297391  3  18.622  0.024  0.005  0.000   1.270e+02   2.816e+00   6.268e-01   0.000e+00  36  sdss  5878  82N  2 
  256  53693.299049  4  23.591  0.882  0.397  0.000  -4.003e+00   5.478e+00   2.418e+00   0.000e+00  36  sdss  5878  82N  2 
  257  53693.298220  0  23.489  1.994  0.193  0.000   1.376e+00   3.475e+00   3.090e-01   0.000e+00  24  sdss  5878  82N  2 
  289  53697.298057  1  24.729  1.545  0.639  0.000   2.341e-01   1.267e+00   4.006e-01   0.000e+00  32  sdss  5895  82S  3 
  264  53697.294740  2  27.361  0.354  0.320  0.000  -4.538e+00   1.459e+00   1.363e+00   0.000e+00  36  sdss  5895  82S  3 
  256  53697.295570  3  29.040  0.051  0.011  0.000  -4.777e+01   2.233e+00   5.003e-01   0.000e+00  36  sdss  5895  82S  3 
  256  53697.297228  4  25.698  0.200  0.040  0.000  -3.686e+01   6.701e+00   1.362e+00   0.000e+00  36  sdss  5895  82S  3 
  269  53697.296399  0  25.120  1.619  1.568  0.000  -4.529e-01   2.256e+00   1.656e+00   0.000e+00  24  sdss  5895  82S  3 
  288  53698.296543  1  23.343  0.462  0.116  0.000   1.577e+00   6.964e-01   1.832e-01   0.000e+00  32  sdss  5898  82N  2 
  256  53698.293226  2  27.477  0.246  0.069  0.000  -5.058e+00   1.147e+00   3.261e-01   0.000e+00  36  sdss  5898  82N  2 
  256  53698.294056  3  26.480  0.411  0.065  0.000  -4.429e+00   1.674e+00   2.775e-01   0.000e+00  36  sdss  5898  82N  2 
  256  53698.295714  4  25.105  0.263  0.057  0.000  -2.115e+01   5.129e+00   1.122e+00   0.000e+00  36  sdss  5898  82N  2 
  256  53698.294885  0  25.514  1.235  0.169  0.000  -9.085e-01   1.649e+00   2.165e-01   0.000e+00  24  sdss  5898  82N  2 
  256  53700.297180  1  27.792  0.237  0.164  0.000  -3.725e+00   8.170e-01   5.754e-01   0.000e+00  32  sdss  5905  82S  3 
  288  53700.293864  2  21.356  0.162  0.069  0.000   1.035e+01   1.542e+00   6.640e-01   0.000e+00  36  sdss  5905  82S  3 
  256  53700.294693  3  29.080  0.061  0.021  0.000  -4.956e+01   2.776e+00   9.543e-01   0.000e+00  36  sdss  5905  82S  3 
  416  53700.296351  4  19.514  0.160  0.036  0.000   5.615e+01   8.170e+00   1.868e+00   0.000e+00  36  sdss  5905  82S  3 
 1448  53700.295522  0  23.843  1.584  1.477  0.000   8.748e-01   2.281e+00   1.864e+00   0.000e+00  24  sdss  5905  82S  3 
  288  53704.282430  1  23.408  0.561  0.108  0.000   1.478e+00   7.869e-01   1.617e-01   0.000e+00  32  sdss  5918  82N  2 
  256  53704.279114  2  28.294  0.134  0.077  0.000  -1.080e+01   1.330e+00   7.713e-01   0.000e+00  36  sdss  5918  82N  2 
  256  53704.279943  3  28.232  0.101  0.045  0.000  -2.269e+01   2.100e+00   9.493e-01   0.000e+00  36  sdss  5918  82N  2 
  288  53704.281601  4  22.333  1.088  1.064  0.000   2.523e+00   6.520e+00   5.735e+00   0.000e+00  36  sdss  5918  82N  2 
  256  53704.280772  0  23.030  1.011  0.051  0.000   2.256e+00   2.005e+00   1.177e-01   0.000e+00  24  sdss  5918  82N  2 
  256  53705.283278  1  27.970  0.172  0.056  0.000  -4.397e+00   7.018e-01   2.287e-01   0.000e+00  32  sdss  5924  82S  3 
  256  53705.279961  2  28.407  0.112  0.041  0.000  -1.199e+01   1.240e+00   4.525e-01   0.000e+00  36  sdss  5924  82S  3 
  256  53705.280790  3  28.204  0.100  0.024  0.000  -2.211e+01   2.037e+00   4.889e-01   0.000e+00  36  sdss  5924  82S  3 
  264  53705.282448  4  25.191  0.283  0.160  0.000  -2.294e+01   5.935e+00   3.422e+00   0.000e+00  36  sdss  5924  82S  3 
  264  53705.281619  0  23.571  1.136  0.522  0.000   1.250e+00   1.638e+00   7.874e-01   0.000e+00  24  sdss  5924  82S  3 
