# SDSS CID:  19097 IAU:          RA:  22.151049 DEC:  -0.265072  (J2000)
# GALAXY_SB [ugriz] = [ 23.83 23.90 23.70 23.32 22.22 ] +/- [  0.27  0.07  0.07  0.06  0.11 ] (asinh mag/square arcsec)
# GALAXY_SB_FLUX [ugriz] = [  8.495E-01  8.772E-01  1.045E+00  1.429E+00  3.131E+00 ] +/- [  3.423E-01  7.277E-02  8.625E-02  1.132E-01  6.205E-01 ] (microJy per square arcsec)
#FLAG  MJD       FILT  MAG     MERR  MSKYERR MGALERR  FLUX       FLUXERR    SKYERR     GALERR    NPRE TELE   RUN  STRIP  IDCCD
    1  54347.369106  1  22.580  0.302  0.122  0.190   3.278e+00   9.020e-01   3.729e-01   5.799e-01  11  sdss  6930  82S  3 
    0  54347.365788  2  22.888  0.468  0.222  0.293   2.454e+00   1.065e+00   5.299e-01   7.007e-01  11  sdss  6930  82S  3 
    0  54347.366617  3  22.420  0.412  0.216  0.203   3.736e+00   1.437e+00   7.821e-01   7.353e-01  11  sdss  6930  82S  3 
    0  54347.368276  4  23.958  0.635  0.150  0.561  -6.527e+00   4.746e+00   1.157e+00   4.339e+00  5  sdss  6930  82S  3 
  129  54347.367447  0  23.111  1.552  0.495  1.846   2.077e+00   2.750e+00   1.043e+00   3.888e+00  6  sdss  6930  82S  3 
    0  54357.344515  1  22.993  0.233  0.031  0.158   2.219e+00   4.857e-01   6.610e-02   3.342e-01  11  sdss  6955  82S  3 
    0  54357.341197  2  22.670  0.251  0.087  0.118   3.029e+00   7.154e-01   2.527e-01   3.417e-01  11  sdss  6955  82S  3 
    0  54357.342027  3  22.868  0.454  0.211  0.167   2.381e+00   1.089e+00   5.239e-01   4.140e-01  11  sdss  6955  82S  3 
    0  54357.343685  4  23.291  0.609  0.093  0.350  -2.302e+00   3.339e+00   4.963e-01   1.863e+00  5  sdss  6955  82S  3 
  168  54357.342856  0  24.590  1.226  0.528  1.970   7.311e-02   1.457e+00   5.128e-01   1.913e+00  6  sdss  6955  82S  3 
   12  54359.376302  1  22.784  0.264  0.280  0.174   2.705e+00   6.606e-01   7.125e-01   4.440e-01  11  sdss  6964  82S  3 
    0  54359.372985  2  23.012  0.467  0.331  0.271   2.172e+00   9.595e-01   7.113e-01   5.833e-01  11  sdss  6964  82S  3 
    0  54359.373814  3  22.634  0.489  0.343  0.233   3.026e+00   1.407e+00   1.036e+00   7.018e-01  11  sdss  6964  82S  3 
    4  54359.375473  4  23.546  0.781  0.328  0.467  -3.735e+00   4.743e+00   1.959e+00   2.786e+00  5  sdss  6964  82S  3 
  132  54359.374644  0  23.863  1.331  0.289  1.978   8.500e-01   1.781e+00   3.573e-01   2.442e+00  6  sdss  6964  82S  3 
    0  54362.394447  1  22.811  0.194  0.109  0.111   2.637e+00   4.782e-01   2.715e-01   2.748e-01  11  sdss  6976  82S  3 
    0  54362.391130  2  22.826  0.299  0.115  0.125   2.606e+00   7.397e-01   2.905e-01   3.148e-01  11  sdss  6976  82S  3 
    0  54362.391959  3  22.361  0.311  0.089  0.094   3.957e+00   1.159e+00   3.405e-01   3.598e-01  11  sdss  6976  82S  3 
    0  54362.393618  4  23.094  0.722  0.257  0.352  -1.287e+00   3.859e+00   1.289e+00   1.764e+00  5  sdss  6976  82S  3 
    8  54362.392789  0  23.519  0.956  0.581  0.946   1.328e+00   1.395e+00   8.938e-01   1.456e+00  6  sdss  6976  82S  3 
    1  54376.389913  1  22.714  0.220  0.051  0.083   2.890e+00   5.888e-01   1.384e-01   2.263e-01  11  sdss  7016  82S  3 
    0  54376.386596  2  22.647  0.272  0.093  0.082   3.096e+00   7.901e-01   2.752e-01   2.416e-01  11  sdss  7016  82S  3 
    0  54376.387425  3  22.647  0.412  0.119  0.101   2.987e+00   1.189e+00   3.545e-01   3.028e-01  11  sdss  7016  82S  3 
    0  54376.389084  4  22.865  0.733  0.154  0.307  -1.566e-01   3.853e+00   7.531e-01   1.498e+00  5  sdss  7016  82S  3 
   33  54376.388254  0  24.651  1.359  0.071  1.308   1.455e-02   1.687e+00   6.898e-02   1.268e+00  6  sdss  7016  82S  3 
   34  54382.375173  1  23.693  0.601  0.584  0.973   1.102e+00   6.652e-01   6.816e-01   1.136e+00  11  sdss  7038  82S  3 
    0  54382.371856  2  22.594  0.346  0.272  0.312   3.258e+00   1.041e+00   8.411e-01   9.671e-01  11  sdss  7038  82S  3 
    0  54382.372685  3  22.414  0.500  0.513  0.352   3.759e+00   1.724e+00   1.869e+00   1.284e+00  11  sdss  7038  82S  3 
   32  54382.374344  4  22.347  1.101  1.203  1.435   2.451e+00   6.615e+00   6.462e+00   7.712e+00  5  sdss  7038  82S  3 
  130  54382.373514  0  24.733  1.608  0.272  6.457  -6.579e-02   2.193e+00   2.637e-01   6.267e+00  6  sdss  7038  82S  3 
    0  54385.392744  1  22.828  0.206  0.124  0.128   2.594e+00   4.977e-01   3.046e-01   3.144e-01  11  sdss  7051  82S  3 
    0  54385.389427  2  22.709  0.261  0.057  0.099   2.918e+00   7.192e-01   1.587e-01   2.763e-01  11  sdss  7051  82S  3 
    0  54385.390256  3  23.076  0.536  0.092  0.166   1.905e+00   1.091e+00   1.943e-01   3.502e-01  11  sdss  7051  82S  3 
    0  54385.391914  4  22.914  0.668  0.053  0.389  -3.960e-01   3.472e+00   2.569e-01   1.904e+00  5  sdss  7051  82S  3 
  136  54385.391085  0  23.199  0.830  0.397  0.805   1.894e+00   1.484e+00   7.784e-01   1.579e+00  6  sdss  7051  82S  3 
 1184  54387.393150  1  22.932  0.619  0.605  0.821   2.352e+00   1.266e+00   1.351e+00   1.834e+00  11  sdss  7057  82S  3 
    0  54387.389833  2  22.560  0.310  0.135  0.229   3.364e+00   9.665e-01   4.305e-01   7.303e-01  11  sdss  7057  82S  3 
  128  54387.390662  3  22.371  0.417  0.313  0.278   3.919e+00   1.518e+00   1.186e+00   1.051e+00  11  sdss  7057  82S  3 
   40  54387.392321  4  22.490  1.097  1.418  1.698   1.701e+00   6.438e+00   7.263e+00   8.696e+00  5  sdss  7057  82S  3 
    2  54387.391492  0  25.396  1.586  0.280  4.169  -7.617e-01   2.247e+00   3.328e-01   4.948e+00  6  sdss  7057  82S  3 
    0  54390.385851  1  23.036  0.327  0.272  0.363   2.130e+00   6.500e-01   5.533e-01   7.400e-01  11  sdss  7071  82S  3 
 1164  54390.382534  2  27.113  3.117  6.353  0.240  -3.592e+00   8.418e+00   2.157e+01   8.161e-01  11  sdss  7071  82S  3 
 1156  54390.383363  3  22.528  0.920  0.838  0.281   3.361e+00   2.614e+00   2.766e+00   9.270e-01  11  sdss  7071  82S  3 
    0  54390.385021  4  23.148  1.090  0.399  1.155  -1.559e+00   6.365e+00   2.029e+00   5.874e+00  5  sdss  7071  82S  3 
  128  54390.384192  0  23.158  1.277  0.091  2.014   1.978e+00   2.221e+00   1.840e-01   4.082e+00  6  sdss  7071  82S  3 
    0  54391.394074  1  22.784  0.447  0.346  0.557   2.705e+00   1.084e+00   8.794e-01   1.417e+00  11  sdss  7074  82S  3 
   34  54391.390757  2  23.324  0.931  0.776  0.800   1.582e+00   1.381e+00   1.286e+00   1.326e+00  11  sdss  7074  82S  3 
    0  54391.391587  3  22.777  0.807  0.654  0.571   2.617e+00   1.950e+00   1.750e+00   1.528e+00  11  sdss  7074  82S  3 
   10  54391.393245  4  24.343  0.897  1.006  0.964  -9.986e+00   8.355e+00   1.047e+01   1.003e+01  5  sdss  7074  82S  3 
 1154  54391.392416  0  24.839  1.880  1.353  7.715  -1.685e-01   2.883e+00   1.327e+00   7.566e+00  6  sdss  7074  82S  3 
    0  54394.376114  1  22.910  0.314  0.409  0.378   2.402e+00   6.973e-01   9.319e-01   8.610e-01  11  sdss  7084  82S  3 
  160  54394.372797  2  23.312  0.633  0.339  0.381   1.602e+00   9.951e-01   5.671e-01   6.378e-01  11  sdss  7084  82S  3 
   32  54394.373626  3  23.848  1.041  1.385  0.673   6.312e-01   1.504e+00   1.825e+00   8.875e-01  11  sdss  7084  82S  3 
    0  54394.375284  4  23.425  0.949  0.739  1.028  -3.035e+00   5.655e+00   4.154e+00   5.778e+00  5  sdss  7084  82S  3 
   42  54394.374455  0  23.725  1.627  1.569  3.452   1.028e+00   2.412e+00   2.103e+00   4.626e+00  6  sdss  7084  82S  3 
    3  54396.396175  1  25.993  2.210  2.989  1.509  -5.727e-01   2.468e+00   2.357e+00   1.190e+00  11  sdss  7096  82S  3 
   35  54396.392858  2  23.076  1.676  0.942  0.733   2.037e+00   2.682e+00   1.918e+00   1.491e+00  11  sdss  7096  82S  3 
    1  54396.393687  3  21.971  0.578  0.476  0.280   5.743e+00   2.878e+00   2.573e+00   1.512e+00  11  sdss  7096  82S  3 
   10  54396.395346  4  23.656  1.253  1.686  1.481  -4.413e+00   8.381e+00   1.070e+01   9.398e+00  5  sdss  7096  82S  3 
   11  54396.394516  0  21.509  0.751  0.423  0.681   9.600e+00   5.675e+00   3.675e+00   5.921e+00  6  sdss  7096  82S  3 
   33  54402.386233  1  24.141  1.765  0.471  0.640   6.561e-01   1.674e+00   3.960e-01   5.384e-01  11  sdss  7101  82S  3 
   33  54402.382916  2  23.389  1.165  0.345  0.372   1.477e+00   1.616e+00   5.429e-01   5.863e-01  11  sdss  7101  82S  3 
    1  54402.383745  3  22.855  0.744  0.232  0.237   2.414e+00   1.718e+00   5.828e-01   5.941e-01  11  sdss  7101  82S  3 
    0  54402.385404  4  23.934  0.694  0.294  0.413  -6.343e+00   5.087e+00   2.238e+00   3.143e+00  5  sdss  7101  82S  3 
    1  54402.384574  0  26.172  2.393  0.889  1.416  -1.975e+00   5.071e+00   1.799e+00   2.866e+00  6  sdss  7101  82S  3 
    0  54408.300076  1  23.212  0.269  0.035  0.136   1.796e+00   4.617e-01   6.173e-02   2.379e-01  11  sdss  7127  82S  3 
    0  54408.296759  2  22.757  0.272  0.052  0.080   2.786e+00   7.157e-01   1.400e-01   2.157e-01  11  sdss  7127  82S  3 
    0  54408.297589  3  23.234  0.603  0.173  0.136   1.589e+00   1.097e+00   3.259e-01   2.553e-01  11  sdss  7127  82S  3 
   32  54408.299247  4  22.236  0.613  0.037  0.245   3.062e+00   3.516e+00   2.101e-01   1.381e+00  5  sdss  7127  82S  3 
  128  54408.298418  0  25.218  1.118  0.058  1.237  -5.581e-01   1.353e+00   6.383e-02   1.350e+00  6  sdss  7127  82S  3 
    0  54411.257985  1  23.189  0.274  0.028  0.160   1.836e+00   4.789e-01   5.015e-02   2.855e-01  11  sdss  7136  82S  3 
    0  54411.254668  2  22.974  0.360  0.151  0.192   2.255e+00   7.774e-01   3.352e-01   4.252e-01  11  sdss  7136  82S  3 
   32  54411.255497  3  23.835  0.821  0.404  0.357   6.484e-01   1.144e+00   5.357e-01   4.731e-01  11  sdss  7136  82S  3 
    0  54411.257155  4  23.290  0.651  0.080  0.403  -2.297e+00   3.590e+00   4.233e-01   2.143e+00  5  sdss  7136  82S  3 
    8  54411.256326  0  23.623  1.110  0.438  1.379   1.172e+00   1.548e+00   6.278e-01   1.975e+00  6  sdss  7136  82S  3 
   42  54413.298842  1  23.030  0.378  0.757  0.703   2.142e+00   7.479e-01   1.551e+00   1.440e+00  11  sdss  7145  82S  3 
    2  54413.295525  2  22.732  0.618  0.883  0.876   2.854e+00   1.555e+00   2.421e+00   2.400e+00  11  sdss  7145  82S  3 
 1186  54413.296355  3  23.263  1.218  1.858  1.388   1.535e+00   2.153e+00   3.418e+00   2.555e+00  11  sdss  7145  82S  3 
    0  54413.298013  4  24.285  0.638  0.456  0.684  -9.396e+00   5.954e+00   4.526e+00   6.793e+00  5  sdss  7145  82S  3 
 1154  54413.297184  0  25.003  1.626  0.476  5.837  -3.326e-01   2.253e+00   4.831e-01   5.919e+00  6  sdss  7145  82S  3 
    0  54415.310213  1  22.818  0.210  0.031  0.157   2.619e+00   5.132e-01   7.618e-02   3.868e-01  11  sdss  7152  82S  3 
    0  54415.306896  2  22.936  0.345  0.101  0.171   2.340e+00   7.697e-01   2.309e-01   3.922e-01  11  sdss  7152  82S  3 
    0  54415.307725  3  22.781  0.448  0.169  0.164   2.606e+00   1.151e+00   4.500e-01   4.365e-01  11  sdss  7152  82S  3 
   32  54415.309384  4  22.128  0.651  0.172  0.442   3.681e+00   3.903e+00   1.019e+00   2.625e+00  5  sdss  7152  82S  3 
  136  54415.308555  0  22.818  0.639  0.195  0.785   2.787e+00   1.583e+00   5.245e-01   2.109e+00  6  sdss  7152  82S  3 
    0  54417.300327  1  23.086  0.250  0.047  0.155   2.029e+00   4.797e-01   9.160e-02   3.021e-01  11  sdss  7158  82S  3 
    0  54417.297010  2  23.379  0.472  0.147  0.186   1.492e+00   7.225e-01   2.337e-01   2.959e-01  11  sdss  7158  82S  3 
    0  54417.297840  3  22.588  0.372  0.148  0.110   3.167e+00   1.135e+00   4.632e-01   3.444e-01  11  sdss  7158  82S  3 
    0  54417.299498  4  23.329  0.702  0.079  0.404  -2.507e+00   3.935e+00   4.283e-01   2.177e+00  5  sdss  7158  82S  3 
  128  54417.298669  0  25.918  0.913  0.068  0.992  -1.501e+00   1.413e+00   1.131e-01   1.649e+00  6  sdss  7158  82S  3 
    0  54418.298679  1  23.011  0.260  0.217  0.229   2.181e+00   5.317e-01   4.518e-01   4.764e-01  11  sdss  7161  82S  3 
    0  54418.295362  2  22.663  0.285  0.174  0.165   3.049e+00   8.150e-01   5.082e-01   4.805e-01  11  sdss  7161  82S  3 
    0  54418.296191  3  22.923  0.529  0.251  0.213   2.250e+00   1.204e+00   5.975e-01   5.079e-01  11  sdss  7161  82S  3 
    0  54418.297849  4  21.825  0.590  0.066  0.386   5.649e+00   4.117e+00   4.701e-01   2.752e+00  5  sdss  7161  82S  3 
 1160  54418.297020  0  22.416  0.446  0.188  0.641   4.112e+00   1.627e+00   7.183e-01   2.453e+00  6  sdss  7161  82S  3 
   32  54422.302895  1  23.301  0.394  0.286  0.475   1.645e+00   6.155e-01   4.628e-01   7.686e-01  11  sdss  7173  82S  3 
    0  54422.299579  2  23.126  0.528  0.405  0.407   1.937e+00   9.755e-01   7.890e-01   7.938e-01  11  sdss  7173  82S  3 
    0  54422.300408  3  23.035  0.674  0.575  0.416   1.994e+00   1.386e+00   1.252e+00   9.061e-01  11  sdss  7173  82S  3 
   32  54422.302066  4  22.224  0.874  0.129  0.934   3.130e+00   5.178e+00   7.288e-01   5.292e+00  5  sdss  7173  82S  3 
  136  54422.301237  0  22.897  0.873  1.105  1.493   2.579e+00   1.924e+00   2.779e+00   3.756e+00  6  sdss  7173  82S  3 
    1  54424.238780  1  22.395  0.262  0.059  0.069   3.898e+00   9.300e-01   2.151e-01   2.507e-01  11  sdss  7183  82S  3 
   33  54424.235463  2  24.167  0.974  0.289  0.268   5.373e-01   9.660e-01   2.716e-01   2.520e-01  11  sdss  7183  82S  3 
    0  54424.236292  3  22.636  0.444  0.128  0.115   3.020e+00   1.284e+00   3.850e-01   3.463e-01  11  sdss  7183  82S  3 
    0  54424.237951  4  23.552  0.609  0.093  0.303  -3.771e+00   3.672e+00   5.556e-01   1.812e+00  5  sdss  7183  82S  3 
 1153  54424.237121  0  25.663  1.698  0.135  1.165  -1.108e+00   2.600e+00   1.882e-01   1.620e+00  6  sdss  7183  82S  3 
