# SDSS CID:  12981 IAU: 2005ho   RA:  14.917828 DEC:   0.048636  (J2000)
# GALAXY_SB [ugriz] = [ 23.53 22.96 22.18 21.68 21.23 ] +/- [  0.19  0.04  0.02  0.02  0.05 ] (asinh mag/square arcsec)
# GALAXY_SB_FLUX [ugriz] = [  1.265E+00  2.272E+00  4.806E+00  7.547E+00  1.088E+01 ] +/- [  2.955E-01  9.554E-02  1.069E-01  1.487E-01  5.658E-01 ] (microJy per square arcsec)
#FLAG  MJD       FILT  MAG     MERR  MSKYERR MGALERR  FLUX       FLUXERR    SKYERR     GALERR    NPRE TELE   RUN  STRIP  IDCCD
    8  53975.344801  1  21.934  0.114  0.085  0.165   5.985e+00   6.260e-01   4.685e-01   9.135e-01  8  sdss  6287  82S  4 
   32  53975.341483  2  21.830  0.138  0.009  0.087   6.671e+00   8.488e-01   5.581e-02   5.365e-01  10  sdss  6287  82S  4 
   32  53975.342313  3  21.696  0.194  0.093  0.108   7.432e+00   1.322e+00   6.400e-01   7.409e-01  10  sdss  6287  82S  4 
   32  53975.343971  4  21.824  0.620  0.327  0.334   5.662e+00   4.307e+00   2.320e+00   2.373e+00  10  sdss  6287  82S  4 
  168  53975.343142  0  22.877  0.687  0.332  0.818   2.631e+00   1.605e+00   8.483e-01   2.092e+00  7  sdss  6287  82S  4 
    1  53990.358540  1  21.464  0.127  0.033  0.053   9.243e+00   1.073e+00   2.786e-01   4.539e-01  8  sdss  6330  82S  4 
    1  53990.355222  2  21.704  0.166  0.020  0.061   7.499e+00   1.137e+00   1.375e-01   4.226e-01  10  sdss  6330  82S  4 
   32  53990.356052  3  21.600  0.198  0.062  0.079   8.129e+00   1.472e+00   4.668e-01   5.900e-01  10  sdss  6330  82S  4 
   32  53990.357710  4  21.152  0.411  0.026  0.198   1.188e+01   4.723e+00   3.053e-01   2.348e+00  10  sdss  6330  82S  4 
    1  53990.356881  0  22.565  0.905  0.162  0.491   3.565e+00   2.572e+00   5.436e-01   1.647e+00  7  sdss  6330  82S  4 
    0  53994.368676  1  21.805  0.091  0.030  0.062   6.745e+00   5.628e-01   1.837e-01   3.851e-01  8  sdss  6355  82S  4 
    0  53994.365359  2  21.792  0.123  0.019  0.047   6.911e+00   7.829e-01   1.200e-01   2.991e-01  10  sdss  6355  82S  4 
   32  53994.366188  3  21.788  0.191  0.040  0.067   6.819e+00   1.197e+00   2.536e-01   4.246e-01  10  sdss  6355  82S  4 
   32  53994.367847  4  21.656  0.503  0.247  0.207   6.932e+00   3.905e+00   1.970e+00   1.655e+00  10  sdss  6355  82S  4 
    8  53994.367018  0  22.326  0.359  0.192  0.269   4.478e+00   1.439e+00   7.950e-01   1.114e+00  7  sdss  6355  82S  4 
    0  53996.352540  1  21.932  0.108  0.020  0.144   5.996e+00   5.945e-01   1.106e-01   7.947e-01  8  sdss  6367  82S  4 
   32  53996.349223  2  21.940  0.187  0.071  0.202   6.023e+00   1.033e+00   3.936e-01   1.129e+00  10  sdss  6367  82S  4 
   32  53996.350053  3  21.850  0.253  0.135  0.209   6.439e+00   1.489e+00   8.075e-01   1.253e+00  10  sdss  6367  82S  4 
  160  53996.351711  4  21.573  0.644  0.095  0.511   7.622e+00   5.211e+00   8.040e-01   4.340e+00  10  sdss  6367  82S  4 
    8  53996.350882  0  24.754  1.454  2.098  3.736  -8.568e-02   1.870e+00   2.040e+00   3.631e+00  7  sdss  6367  82S  4 
 1086  53998.318596  3  21.051  1.949  7.113  0.214   1.354e+01   1.323e+01   8.821e+01   2.648e+00  10  sdss  6377  82S  4 
  136  54008.312218  1  21.608  0.088  0.037  0.060   8.092e+00   6.502e-01   2.756e-01   4.458e-01  8  sdss  6417  82S  4 
   32  54008.308901  2  21.846  0.132  0.025  0.056   6.573e+00   7.983e-01   1.523e-01   3.427e-01  10  sdss  6417  82S  4 
 1152  54008.309730  3  21.041  0.141  0.017  0.038   1.366e+01   1.759e+00   2.071e-01   4.719e-01  10  sdss  6417  82S  4 
   32  54008.311389  4  21.677  0.525  0.112  0.270   6.764e+00   4.012e+00   8.769e-01   2.122e+00  10  sdss  6417  82S  4 
    0  54008.310560  0  22.074  0.310  0.073  0.267   5.673e+00   1.573e+00   3.809e-01   1.388e+00  7  sdss  6417  82S  4 
    1  54010.307041  1  21.670  0.093  0.036  0.051   7.642e+00   6.538e-01   2.501e-01   3.588e-01  8  sdss  6425  82S  4 
    0  54010.303724  2  21.575  0.111  0.026  0.041   8.451e+00   8.605e-01   2.038e-01   3.179e-01  10  sdss  6425  82S  4 
   32  54010.304553  3  21.410  0.138  0.020  0.047   9.702e+00   1.227e+00   1.754e-01   4.222e-01  10  sdss  6425  82S  4 
    0  54010.306212  4  20.802  0.229  0.086  0.101   1.677e+01   3.635e+00   1.380e+00   1.619e+00  10  sdss  6425  82S  4 
    0  54010.305383  0  22.653  0.557  0.028  0.399   3.275e+00   1.613e+00   8.596e-02   1.237e+00  7  sdss  6425  82S  4 
    1  54012.299785  1  21.847  0.181  0.033  0.046   6.488e+00   1.075e+00   2.000e-01   2.770e-01  8  sdss  6433  82S  4 
    1  54012.296467  2  21.527  0.140  0.057  0.032   8.836e+00   1.130e+00   4.615e-01   2.630e-01  10  sdss  6433  82S  4 
   33  54012.297297  3  21.656  0.194  0.032  0.047   7.715e+00   1.373e+00   2.278e-01   3.363e-01  10  sdss  6433  82S  4 
   32  54012.298955  4  21.832  0.579  0.067  0.181   5.604e+00   4.011e+00   4.726e-01   1.279e+00  10  sdss  6433  82S  4 
    1  54012.298126  0  22.805  1.120  0.210  0.322   2.822e+00   2.494e+00   5.710e-01   8.757e-01  7  sdss  6433  82S  4 
    1  54020.305825  1  22.079  0.181  0.054  0.129   5.233e+00   8.690e-01   2.623e-01   6.234e-01  8  sdss  6447  82S  4 
   40  54020.302508  2  21.727  0.165  0.135  0.079   7.341e+00   1.107e+00   9.119e-01   5.351e-01  10  sdss  6447  82S  4 
 1080  54020.303337  3  21.716  0.220  1.078  0.092   7.294e+00   1.468e+00   7.285e+00   6.226e-01  10  sdss  6447  82S  4 
   32  54020.304995  4  20.734  0.320  0.051  0.176   1.792e+01   5.324e+00   8.612e-01   3.004e+00  10  sdss  6447  82S  4 
   41  54020.304166  0  22.666  0.935  0.642  0.708   3.234e+00   2.428e+00   1.969e+00   2.172e+00  7  sdss  6447  82S  4 
    8  54024.387431  1  21.875  0.121  0.080  0.135   6.322e+00   7.018e-01   4.642e-01   7.850e-01  8  sdss  6458  82S  4 
  160  54024.384114  2  21.923  0.221  0.097  0.222   6.119e+00   1.232e+00   5.508e-01   1.258e+00  10  sdss  6458  82S  4 
   32  54024.384943  3  21.810  0.248  0.125  0.176   6.680e+00   1.515e+00   7.789e-01   1.092e+00  10  sdss  6458  82S  4 
   32  54024.386602  4  22.182  0.883  0.599  0.655   3.369e+00   5.295e+00   3.451e+00   3.775e+00  10  sdss  6458  82S  4 
  160  54024.385772  0  23.117  1.279  0.235  1.609   2.064e+00   2.274e+00   4.929e-01   3.370e+00  7  sdss  6458  82S  4 
    0  54028.375486  1  22.060  0.130  0.027  0.147   5.325e+00   6.355e-01   1.344e-01   7.250e-01  8  sdss  6471  82S  4 
   32  54028.372169  2  22.029  0.217  0.136  0.153   5.544e+00   1.102e+00   6.979e-01   7.884e-01  10  sdss  6471  82S  4 
   32  54028.372998  3  22.135  0.361  0.166  0.225   4.918e+00   1.623e+00   7.707e-01   1.041e+00  10  sdss  6471  82S  4 
   32  54028.374656  4  21.369  0.641  0.463  0.378   9.508e+00   5.990e+00   4.605e+00   3.763e+00  10  sdss  6471  82S  4 
  128  54028.373827  0  22.271  0.519  0.091  0.691   4.713e+00   2.114e+00   3.941e-01   3.007e+00  7  sdss  6471  82S  4 
    0  54030.299074  1  22.080  0.108  0.016  0.063   5.228e+00   5.214e-01   7.785e-02   3.037e-01  8  sdss  6479  82S  4 
   32  54030.295757  2  22.020  0.157  0.050  0.058   5.590e+00   8.088e-01   2.595e-01   3.025e-01  10  sdss  6479  82S  4 
   32  54030.296587  3  21.549  0.153  0.022  0.045   8.525e+00   1.197e+00   1.697e-01   3.570e-01  10  sdss  6479  82S  4 
   32  54030.298245  4  21.063  0.312  0.098  0.116   1.300e+01   3.920e+00   1.256e+00   1.486e+00  10  sdss  6479  82S  4 
    8  54030.297416  0  22.706  0.517  0.138  0.375   3.110e+00   1.443e+00   4.084e-01   1.112e+00  7  sdss  6479  82S  4 
    8  54035.374644  1  21.878  0.118  0.102  0.157   6.304e+00   6.851e-01   5.942e-01   9.144e-01  8  sdss  6501  82S  4 
   32  54035.371327  2  22.287  0.302  0.166  0.233   4.354e+00   1.200e+00   6.744e-01   9.472e-01  10  sdss  6501  82S  4 
   32  54035.372156  3  21.852  0.285  0.116  0.194   6.427e+00   1.669e+00   6.932e-01   1.157e+00  10  sdss  6501  82S  4 
   32  54035.373815  4  21.009  0.470  0.325  0.322   1.370e+01   6.017e+00   4.351e+00   4.321e+00  10  sdss  6501  82S  4 
   32  54035.372985  0  22.979  1.251  0.122  1.469   2.375e+00   2.420e+00   2.873e-01   3.447e+00  7  sdss  6501  82S  4 
    0  54037.280125  1  22.021  0.102  0.019  0.065   5.522e+00   5.188e-01   9.888e-02   3.306e-01  8  sdss  6508  82S  4 
   32  54037.276808  2  22.370  0.244  0.090  0.104   4.028e+00   9.052e-01   3.390e-01   3.938e-01  10  sdss  6508  82S  4 
   32  54037.277637  3  22.037  0.257  0.016  0.098   5.398e+00   1.281e+00   8.289e-02   4.981e-01  10  sdss  6508  82S  4 
   32  54037.279295  4  21.662  0.496  0.247  0.244   6.884e+00   3.842e+00   1.961e+00   1.939e+00  10  sdss  6508  82S  4 
   36  54037.278466  0  23.826  1.194  0.099  1.212   8.973e-01   1.570e+00   1.245e-01   1.529e+00  7  sdss  6508  82S  4 
    1  54040.294345  1  21.918  0.225  0.123  0.094   6.075e+00   1.244e+00   6.869e-01   5.245e-01  8  sdss  6518  82S  4 
   33  54040.291028  2  21.802  0.247  0.169  0.101   6.847e+00   1.535e+00   1.066e+00   6.408e-01  10  sdss  6518  82S  4 
   33  54040.291857  3  21.586  0.245  0.040  0.113   8.236e+00   1.836e+00   3.060e-01   8.615e-01  10  sdss  6518  82S  4 
   32  54040.293516  4  21.785  0.748  0.401  0.381   5.938e+00   5.281e+00   2.921e+00   2.778e+00  10  sdss  6518  82S  4 
 1153  54040.292686  0  25.814  1.889  0.295  1.401  -1.331e+00   3.151e+00   4.538e-01   2.159e+00  7  sdss  6518  82S  4 
  131  54047.324688  1  26.732  2.519  1.443  2.117  -1.341e+00   3.476e+00   1.968e+00   2.886e+00  8  sdss  6530  82S  4 
   35  54047.321371  2  21.882  0.470  0.244  0.353   6.357e+00   2.607e+00   1.432e+00   2.072e+00  10  sdss  6530  82S  4 
   35  54047.322200  3  21.799  0.442  0.283  0.392   6.748e+00   2.635e+00   1.771e+00   2.454e+00  10  sdss  6530  82S  4 
   34  54047.323859  4  21.699  1.128  0.275  1.154   6.591e+00   8.279e+00   2.130e+00   8.929e+00  10  sdss  6530  82S  4 
    1  54049.320579  1  21.928  0.235  0.052  0.177   6.019e+00   1.287e+00   2.875e-01   9.826e-01  8  sdss  6537  82S  4 
  160  54049.317262  2  21.819  0.229  0.074  0.145   6.740e+00   1.403e+00   4.605e-01   9.004e-01  10  sdss  6537  82S  4 
   32  54049.318092  3  21.688  0.246  0.027  0.148   7.488e+00   1.680e+00   1.872e-01   1.027e+00  10  sdss  6537  82S  4 
   32  54049.319750  4  21.153  0.553  0.361  0.420   1.187e+01   6.192e+00   4.283e+00   4.989e+00  10  sdss  6537  82S  4 
    1  54049.318921  0  27.621  0.515  0.028  0.451  -7.964e+00   3.474e+00   2.041e-01   3.265e+00  7  sdss  6537  82S  4 
    0  54053.284720  1  22.005  0.113  0.039  0.107   5.605e+00   5.810e-01   2.011e-01   5.538e-01  8  sdss  6555  82S  4 
   32  54053.281403  2  22.296  0.226  0.124  0.144   4.318e+00   9.012e-01   5.006e-01   5.826e-01  10  sdss  6555  82S  4 
   32  54053.282232  3  22.069  0.276  0.120  0.144   5.236e+00   1.331e+00   5.925e-01   7.104e-01  10  sdss  6555  82S  4 
   32  54053.283891  4  22.366  0.751  0.428  0.436   2.345e+00   4.198e+00   2.282e+00   2.323e+00  10  sdss  6555  82S  4 
 1192  54053.283061  0  23.758  1.200  1.064  1.534   9.855e-01   1.612e+00   1.398e+00   2.015e+00  7  sdss  6555  82S  4 
    8  54056.286131  1  22.248  0.163  0.137  0.228   4.473e+00   6.690e-01   5.672e-01   9.450e-01  8  sdss  6568  82S  4 
   32  54056.282814  2  22.278  0.279  0.034  0.247   4.392e+00   1.120e+00   1.383e-01   1.013e+00  10  sdss  6568  82S  4 
  160  54056.283643  3  21.090  0.161  0.116  0.151   1.305e+01   1.910e+00   1.382e+00   1.807e+00  10  sdss  6568  82S  4 
   32  54056.285301  4  21.326  0.665  0.082  0.518   9.947e+00   6.388e+00   8.404e-01   5.330e+00  10  sdss  6568  82S  4 
 1156  54056.284472  0  21.827  0.495  0.128  0.620   7.145e+00   3.019e+00   8.340e-01   4.033e+00  7  sdss  6568  82S  4 
   40  54059.280181  1  22.239  0.167  0.188  0.282   4.510e+00   6.914e-01   7.867e-01   1.178e+00  8  sdss  6580  82S  4 
   34  54059.276864  2  22.400  0.364  0.109  0.483   3.915e+00   1.292e+00   4.012e-01   1.775e+00  10  sdss  6580  82S  4 
   34  54059.277693  3  21.791  0.303  0.183  0.352   6.800e+00   1.866e+00   1.154e+00   2.223e+00  10  sdss  6580  82S  4 
   32  54059.279352  4  20.824  0.428  0.453  0.397   1.642e+01   6.457e+00   7.138e+00   6.255e+00  10  sdss  6580  82S  4 
 1194  54059.278523  0  22.562  0.722  0.685  1.775   3.576e+00   2.166e+00   2.301e+00   5.965e+00  7  sdss  6580  82S  4 
   32  54061.291038  1  22.403  0.207  0.077  0.350   3.871e+00   7.348e-01   2.785e-01   1.258e+00  8  sdss  6592  82S  4 
   32  54061.287721  2  22.169  0.267  0.181  0.296   4.864e+00   1.184e+00   8.215e-01   1.338e+00  10  sdss  6592  82S  4 
   32  54061.288550  3  21.915  0.304  0.115  0.295   6.058e+00   1.678e+00   6.493e-01   1.668e+00  10  sdss  6592  82S  4 
    0  54061.290209  4  22.848  1.049  0.832  1.185  -7.431e-02   5.952e+00   4.061e+00   5.779e+00  10  sdss  6592  82S  4 
  162  54061.289379  0  23.593  1.703  0.312  3.371   1.217e+00   2.649e+00   4.557e-01   4.928e+00  7  sdss  6592  82S  4 
   32  54062.284825  1  22.586  0.202  0.018  0.224   3.261e+00   6.084e-01   5.395e-02   6.819e-01  8  sdss  6596  82S  4 
   32  54062.281508  2  22.165  0.224  0.130  0.146   4.882e+00   1.003e+00   5.913e-01   6.627e-01  10  sdss  6596  82S  4 
   32  54062.282337  3  21.531  0.186  0.055  0.094   8.669e+00   1.471e+00   4.403e-01   7.513e-01  10  sdss  6596  82S  4 
   32  54062.283995  4  21.210  0.497  0.253  0.254   1.122e+01   5.378e+00   2.869e+00   2.873e+00  10  sdss  6596  82S  4 
 1152  54062.283166  0  22.019  0.397  0.078  0.506   5.972e+00   2.080e+00   4.245e-01   2.765e+00  7  sdss  6596  82S  4 
   33  54068.264997  1  22.793  0.578  0.293  0.327   2.683e+00   1.350e+00   7.423e-01   8.271e-01  8  sdss  6618  82S  4 
   33  54068.261681  2  22.001  0.299  0.145  0.165   5.690e+00   1.537e+00   7.633e-01   8.694e-01  10  sdss  6618  82S  4 
   32  54068.262510  3  22.191  0.460  0.211  0.284   4.663e+00   1.932e+00   9.318e-01   1.251e+00  10  sdss  6618  82S  4 
   32  54068.264168  4  22.032  0.942  0.496  0.688   4.270e+00   5.978e+00   3.095e+00   4.295e+00  10  sdss  6618  82S  4 
    9  54068.263339  0  21.653  0.543  0.308  0.470   8.400e+00   3.833e+00   2.346e+00   3.582e+00  7  sdss  6618  82S  4 
