# SDSS CID:   8352 IAU:          RA:  12.678869 DEC:   1.139093  (J2000)
# GALAXY_SB [ugriz] = [ 22.74 20.93 19.72 19.16 18.77 ] +/- [  0.00  0.00  0.00  0.00  0.00 ] (asinh mag/square arcsec)
# GALAXY_SB_FLUX [ugriz] = [  2.908E+00  1.508E+01  4.695E+01  7.717E+01  1.114E+02 ] +/- [  0.000E+00  0.000E+00  0.000E+00  0.000E+00  0.000E+00 ] (microJy per square arcsec)
#FLAG  MJD       FILT  MAG     MERR  MSKYERR MGALERR  FLUX       FLUXERR    SKYERR     GALERR    NPRE TELE   RUN  STRIP  IDCCD
  296  53616.349873  1  24.791  1.036  0.769  0.000   1.956e-01   7.212e-01   4.734e-01   0.000e+00  12  sdss  5566  82N  6 
  256  53616.346556  2  25.731  1.156  0.823  0.000  -8.354e-01   1.290e+00   9.148e-01   0.000e+00  20  sdss  5566  82N  6 
  288  53616.347385  3  22.671  0.837  0.188  0.000   2.917e+00   2.188e+00   5.528e-01   0.000e+00  20  sdss  5566  82N  6 
  256  53616.349044  4  24.439  0.634  0.452  0.000  -1.103e+01   6.647e+00   5.084e+00   0.000e+00  19  sdss  5566  82N  6 
  266  53616.348214  0  25.778  1.621  3.161  0.000  -1.277e+00   2.487e+00   4.722e+00   0.000e+00  15  sdss  5566  82N  6 
  256  53626.326896  1  26.642  0.507  0.077  0.000  -1.222e+00   6.144e-01   9.802e-02   0.000e+00  12  sdss  5603  82N  6 
  256  53626.323579  2  26.508  0.511  0.178  0.000  -1.996e+00   9.750e-01   3.569e-01   0.000e+00  20  sdss  5603  82N  6 
  288  53626.324408  3  22.049  0.318  0.086  0.000   5.335e+00   1.575e+00   4.361e-01   0.000e+00  20  sdss  5603  82N  6 
  256  53626.326067  4  23.557  0.753  0.417  0.000  -3.802e+00   4.582e+00   2.501e+00   0.000e+00  19  sdss  5603  82N  6 
  384  53626.325237  0  25.480  1.124  0.161  0.000  -8.653e-01   1.448e+00   1.994e-01   0.000e+00  15  sdss  5603  82N  6 
  289  53628.311536  1  23.951  1.468  0.855  0.000   8.269e-01   1.359e+00   8.222e-01   0.000e+00  12  sdss  5610  82N  6 
  257  53628.308219  2  26.245  0.985  0.282  0.000  -1.523e+00   1.421e+00   4.565e-01   0.000e+00  20  sdss  5610  82N  6 
  256  53628.309048  3  25.802  0.921  0.387  0.000  -2.251e+00   1.984e+00   9.285e-01   0.000e+00  20  sdss  5610  82N  6 
  256  53628.310707  4  24.637  0.468  0.251  0.000  -1.345e+01   5.942e+00   3.329e+00   0.000e+00  19  sdss  5610  82N  6 
  289  53628.309878  0  24.214  2.049  1.998  0.000   4.507e-01   3.416e+00   2.095e+00   0.000e+00  15  sdss  5610  82N  6 
  257  53635.320094  1  26.534  0.936  0.193  0.000  -1.091e+00   9.813e-01   2.250e-01   0.000e+00  12  sdss  5622  82N  6 
  257  53635.316777  2  26.751  0.531  0.151  0.000  -2.537e+00   1.236e+00   3.730e-01   0.000e+00  20  sdss  5622  82N  6 
  256  53635.317606  3  24.627  1.178  0.381  0.000  -3.170e-01   1.704e+00   4.650e-01   0.000e+00  20  sdss  5622  82N  6 
  288  53635.319264  4  22.758  0.869  0.145  0.000   3.666e-01   4.713e+00   7.066e-01   0.000e+00  19  sdss  5622  82N  6 
  385  53635.318435  0  26.908  0.701  0.140  0.000  -4.080e+00   2.358e+00   5.282e-01   0.000e+00  15  sdss  5622  82N  6 
  289  53637.313487  1  23.020  0.531  0.250  0.000   2.162e+00   1.031e+00   5.182e-01   0.000e+00  12  sdss  5633  82N  6 
  288  53637.310169  2  23.652  1.107  0.318  0.000   1.100e+00   1.348e+00   4.109e-01   0.000e+00  20  sdss  5633  82N  6 
  288  53637.310999  3  21.830  0.375  0.199  0.000   6.559e+00   2.234e+00   1.232e+00   0.000e+00  20  sdss  5633  82N  6 
  288  53637.312657  4  22.302  1.049  0.835  0.000   2.695e+00   6.278e+00   4.569e+00   0.000e+00  19  sdss  5633  82N  6 
  417  53637.311828  0  23.449  1.727  1.490  0.000   1.441e+00   2.786e+00   2.395e+00   0.000e+00  15  sdss  5633  82N  6 
  256  53639.358855  1  25.848  0.862  0.098  0.000  -4.631e-01   6.400e-01   7.085e-02   0.000e+00  12  sdss  5642  82N  6 
  256  53639.355537  2  26.725  0.413  0.087  0.000  -2.475e+00   9.629e-01   2.102e-01   0.000e+00  20  sdss  5642  82N  6 
  256  53639.356367  3  25.458  0.841  0.258  0.000  -1.530e+00   1.484e+00   4.768e-01   0.000e+00  20  sdss  5642  82N  6 
  256  53639.358025  4  23.641  0.658  0.204  0.000  -4.314e+00   4.131e+00   1.281e+00   0.000e+00  19  sdss  5642  82N  6 
  384  53639.357196  0  26.160  0.834  0.247  0.000  -1.951e+00   1.509e+00   4.903e-01   0.000e+00  15  sdss  5642  82N  6 
  296  53644.306215  1  23.443  0.494  0.386  0.000   1.427e+00   6.769e-01   5.548e-01   0.000e+00  12  sdss  5670  82N  6 
  256  53644.302898  2  27.137  0.322  0.048  0.000  -3.676e+00   1.093e+00   1.677e-01   0.000e+00  20  sdss  5670  82N  6 
  256  53644.303727  3  24.909  1.099  0.437  0.000  -6.754e-01   1.622e+00   5.857e-01   0.000e+00  20  sdss  5670  82N  6 
  256  53644.305386  4  23.639  0.749  0.261  0.000  -4.301e+00   4.709e+00   1.637e+00   0.000e+00  19  sdss  5670  82N  6 
  256  53644.304556  0  25.173  1.262  0.486  0.000  -5.094e-01   1.571e+00   5.203e-01   0.000e+00  15  sdss  5670  82N  6 
  256  53654.340502  1  25.346  0.904  0.081  0.000  -1.353e-01   6.030e-01   4.866e-02   0.000e+00  12  sdss  5709  82N  6 
  256  53654.337185  2  25.981  0.856  0.310  0.000  -1.138e+00   1.066e+00   4.095e-01   0.000e+00  20  sdss  5709  82N  6 
  256  53654.338014  3  25.579  0.896  0.170  0.000  -1.763e+00   1.688e+00   3.435e-01   0.000e+00  20  sdss  5709  82N  6 
  256  53654.339672  4  24.359  0.486  0.197  0.000  -1.015e+01   4.908e+00   2.073e+00   0.000e+00  19  sdss  5709  82N  6 
  288  53654.338843  0  24.606  1.317  0.785  0.000   5.784e-02   1.614e+00   7.611e-01   0.000e+00  15  sdss  5709  82N  6 
  257  53663.301229  1  26.163  1.251  0.272  0.000  -7.145e-01   1.082e+00   2.400e-01   0.000e+00  12  sdss  5744  82N  6 
  257  53663.297912  2  25.718  1.227  0.307  0.000  -8.211e-01   1.376e+00   3.380e-01   0.000e+00  20  sdss  5744  82N  6 
  288  53663.298742  3  23.428  1.066  0.159  0.000   1.248e+00   1.753e+00   2.632e-01   0.000e+00  20  sdss  5744  82N  6 
  256  53663.300400  4  23.457  0.817  0.174  0.000  -3.216e+00   4.827e+00   9.918e-01   0.000e+00  19  sdss  5744  82N  6 
 1409  53663.299571  0  25.507  1.826  0.281  0.000  -8.988e-01   2.846e+00   3.537e-01   0.000e+00  15  sdss  5744  82N  6 
  257  53666.371266  1  25.311  1.272  0.306  0.000  -1.143e-01   9.375e-01   1.831e-01   0.000e+00  12  sdss  5765  82N  6 
  256  53666.367949  2  25.924  0.984  0.320  0.000  -1.064e+00   1.181e+00   4.052e-01   0.000e+00  20  sdss  5765  82N  6 
  288  53666.368778  3  23.496  1.057  0.297  0.000   1.137e+00   1.692e+00   4.711e-01   0.000e+00  20  sdss  5765  82N  6 
  256  53666.370436  4  24.006  0.587  0.250  0.000  -6.902e+00   4.537e+00   2.000e+00   0.000e+00  19  sdss  5765  82N  6 
  257  53666.369607  0  22.415  0.871  0.136  0.000   4.114e+00   2.807e+00   5.151e-01   0.000e+00  15  sdss  5765  82N  6 
  256  53668.290971  1  25.484  1.203  0.590  0.000  -2.193e-01   8.802e-01   3.676e-01   0.000e+00  12  sdss  5770  82N  6 
  256  53668.287654  2  26.107  1.034  0.214  0.000  -1.313e+00   1.367e+00   3.105e-01   0.000e+00  20  sdss  5770  82N  6 
  256  53668.288483  3  26.309  0.599  0.376  0.000  -3.754e+00   2.033e+00   1.381e+00   0.000e+00  20  sdss  5770  82N  6 
  288  53668.290142  4  22.224  0.992  0.539  0.000   3.125e+00   5.980e+00   3.052e+00   0.000e+00  19  sdss  5770  82N  6 
  288  53668.289312  0  24.174  1.586  2.047  0.000   4.923e-01   2.188e+00   2.177e+00   0.000e+00  15  sdss  5770  82N  6 
  288  53670.295531  1  23.559  0.579  0.117  0.000   1.267e+00   7.129e-01   1.524e-01   0.000e+00  12  sdss  5781  82N  6 
  288  53670.292214  2  22.458  0.330  0.117  0.000   3.708e+00   1.128e+00   4.109e-01   0.000e+00  20  sdss  5781  82N  6 
  288  53670.293043  3  22.519  0.585  0.157  0.000   3.393e+00   1.827e+00   5.275e-01   0.000e+00  20  sdss  5781  82N  6 
  256  53670.294701  4  24.491  0.423  0.169  0.000  -1.162e+01   4.796e+00   1.978e+00   0.000e+00  19  sdss  5781  82N  6 
  288  53670.293872  0  24.517  1.380  1.107  0.000   1.444e-01   1.732e+00   1.082e+00   0.000e+00  15  sdss  5781  82N  6 
  288  53673.263520  1  24.271  0.792  0.290  0.000   5.510e-01   6.133e-01   2.254e-01   0.000e+00  12  sdss  5792  82N  6 
  256  53673.260203  2  26.537  0.508  0.147  0.000  -2.055e+00   9.944e-01   3.020e-01   0.000e+00  20  sdss  5792  82N  6 
  288  53673.261033  3  24.215  1.113  0.162  0.000   1.748e-01   1.567e+00   1.935e-01   0.000e+00  20  sdss  5792  82N  6 
  256  53673.262691  4  24.649  0.355  0.108  0.000  -1.361e+01   4.639e+00   1.449e+00   0.000e+00  19  sdss  5792  82N  6 
  264  53673.261862  0  25.889  0.963  0.713  0.000  -1.452e+00   1.454e+00   1.151e+00   0.000e+00  15  sdss  5792  82N  6 
  288  53675.260205  1  24.188  0.828  0.231  0.000   6.173e-01   6.665e-01   1.889e-01   0.000e+00  12  sdss  5800  82N  6 
  256  53675.256888  2  25.840  1.064  0.457  0.000  -9.618e-01   1.231e+00   5.468e-01   0.000e+00  20  sdss  5800  82N  6 
  288  53675.257717  3  23.725  1.226  0.956  0.000   7.987e-01   1.896e+00   1.335e+00   0.000e+00  20  sdss  5800  82N  6 
  256  53675.259376  4  24.087  0.611  0.284  0.000  -7.572e+00   4.969e+00   2.414e+00   0.000e+00  19  sdss  5800  82N  6 
  256  53675.258547  0  25.714  1.201  0.701  0.000  -1.181e+00   1.687e+00   1.003e+00   0.000e+00  15  sdss  5800  82N  6 
  288  53677.281279  1  23.629  0.489  0.099  0.000   1.178e+00   5.788e-01   1.219e-01   0.000e+00  12  sdss  5813  82N  6 
  256  53677.277962  2  27.117  0.290  0.085  0.000  -3.608e+00   9.744e-01   2.902e-01   0.000e+00  20  sdss  5813  82N  6 
  288  53677.278791  3  22.033  0.307  0.095  0.000   5.417e+00   1.543e+00   4.886e-01   0.000e+00  20  sdss  5813  82N  6 
  256  53677.280450  4  22.908  0.780  0.400  0.000  -3.674e-01   4.146e+00   1.954e+00   0.000e+00  19  sdss  5813  82N  6 
  256  53677.279621  0  24.940  1.197  0.337  0.000  -2.686e-01   1.424e+00   3.365e-01   0.000e+00  15  sdss  5813  82N  6 
  288  53680.267627  1  23.874  0.611  0.085  0.000   9.032e-01   5.955e-01   8.698e-02   0.000e+00  12  sdss  5823  82N  6 
  256  53680.264311  2  25.131  1.067  0.206  0.000  -2.668e-01   1.017e+00   1.723e-01   0.000e+00  20  sdss  5823  82N  6 
  288  53680.265140  3  23.495  0.967  0.301  0.000   1.139e+00   1.536e+00   4.764e-01   0.000e+00  20  sdss  5823  82N  6 
  256  53680.266798  4  23.261  0.781  0.145  0.000  -2.142e+00   4.351e+00   7.650e-01   0.000e+00  19  sdss  5823  82N  6 
  264  53680.265969  0  25.637  1.057  0.928  0.000  -1.072e+00   1.424e+00   1.263e+00   0.000e+00  15  sdss  5823  82N  6 
  257  53693.268628  1  26.348  1.415  0.385  0.000  -8.893e-01   1.331e+00   3.878e-01   0.000e+00  12  sdss  5878  82N  6 
  257  53693.265312  2  25.863  1.114  0.330  0.000  -9.894e-01   1.304e+00   4.008e-01   0.000e+00  20  sdss  5878  82N  6 
  288  53693.266141  3  23.424  1.066  0.243  0.000   1.254e+00   1.754e+00   4.032e-01   0.000e+00  20  sdss  5878  82N  6 
  256  53693.267799  4  22.892  0.888  0.245  0.000  -2.890e-01   4.831e+00   1.197e+00   0.000e+00  19  sdss  5878  82N  6 
  385  53693.266970  0  25.850  1.881  0.271  0.000  -1.389e+00   3.145e+00   4.260e-01   0.000e+00  15  sdss  5878  82N  6 
  288  53698.265652  1  24.220  0.951  0.274  0.000   5.913e-01   7.582e-01   2.192e-01   0.000e+00  12  sdss  5898  82N  6 
  256  53698.262335  2  26.790  0.455  0.140  0.000  -2.636e+00   1.114e+00   3.578e-01   0.000e+00  20  sdss  5898  82N  6 
  256  53698.263164  3  26.724  0.344  0.131  0.000  -5.591e+00   1.773e+00   6.946e-01   0.000e+00  20  sdss  5898  82N  6 
  256  53698.264822  4  23.195  0.953  0.463  0.000  -1.798e+00   5.418e+00   2.386e+00   0.000e+00  19  sdss  5898  82N  6 
  416  53698.263993  0  24.180  1.451  0.847  0.000   4.867e-01   1.908e+00   8.986e-01   0.000e+00  15  sdss  5898  82N  6 
  256  53699.289071  1  26.544  0.554  0.089  0.000  -1.103e+00   6.188e-01   1.048e-01   0.000e+00  12  sdss  5902  82N  6 
  256  53699.285754  2  25.950  0.887  0.313  0.000  -1.098e+00   1.084e+00   4.041e-01   0.000e+00  20  sdss  5902  82N  6 
  256  53699.286583  3  24.506  1.177  0.269  0.000  -1.704e-01   1.689e+00   3.218e-01   0.000e+00  20  sdss  5902  82N  6 
  256  53699.288242  4  24.089  0.543  0.204  0.000  -7.589e+00   4.460e+00   1.738e+00   0.000e+00  19  sdss  5902  82N  6 
  264  53699.287412  0  25.854  1.115  0.955  0.000  -1.396e+00   1.651e+00   1.504e+00   0.000e+00  15  sdss  5902  82N  6 
  264  53704.251045  1  25.921  0.922  0.755  0.000  -5.174e-01   7.070e-01   5.715e-01   0.000e+00  12  sdss  5918  82N  6 
  256  53704.247728  2  27.608  0.252  0.103  0.000  -5.718e+00   1.326e+00   5.515e-01   0.000e+00  20  sdss  5918  82N  6 
  256  53704.248557  3  25.777  0.929  0.531  0.000  -2.192e+00   1.967e+00   1.246e+00   0.000e+00  20  sdss  5918  82N  6 
  256  53704.250216  4  24.328  0.663  0.352  0.000  -9.828e+00   6.351e+00   3.610e+00   0.000e+00  19  sdss  5918  82N  6 
  256  53704.249387  0  25.147  1.498  0.338  0.000  -4.819e-01   2.000e+00   3.586e-01   0.000e+00  15  sdss  5918  82N  6 
