# SDSS CID:   1671 IAU:          RA: 328.672729 DEC:  -0.851486  (J2000)
# GALAXY_SB [ugriz] = [ 23.54 23.12 22.73 22.30 22.08 ] +/- [  0.35  0.05  0.04  0.04  0.11 ] (asinh mag/square arcsec)
# GALAXY_SB_FLUX [ugriz] = [  1.244E+00  1.963E+00  2.864E+00  4.190E+00  3.942E+00 ] +/- [  5.258E-01  1.031E-01  1.126E-01  1.454E-01  6.413E-01 ] (microJy per square arcsec)
#FLAG  MJD       FILT  MAG     MERR  MSKYERR MGALERR  FLUX       FLUXERR    SKYERR     GALERR    NPRE TELE   RUN  STRIP  IDCCD
 1164  53616.228588  1  22.337  0.323  0.362  0.236   4.116e+00   1.190e+00   1.371e+00   8.919e-01  9  sdss  5566  82N  1 
   32  53616.225271  2  23.310  0.671  0.414  0.677   1.604e+00   1.050e+00   6.958e-01   1.137e+00  12  sdss  5566  82N  1 
   32  53616.226100  3  23.193  0.895  0.794  0.676   1.667e+00   1.638e+00   1.541e+00   1.312e+00  14  sdss  5566  82N  1 
    0  53616.227758  4  21.350  0.570  0.567  0.461   9.698e+00   5.497e+00   5.760e+00   4.691e+00  13  sdss  5566  82N  1 
   32  53616.226929  0  23.287  1.255  0.221  3.616   1.725e+00   2.013e+00   3.956e-01   6.461e+00  5  sdss  5566  82N  1 
    0  53623.218656  1  22.486  0.189  0.089  0.172   3.580e+00   6.194e-01   2.939e-01   5.670e-01  9  sdss  5590  82N  1 
    0  53623.215339  2  22.532  0.270  0.075  0.163   3.456e+00   8.710e-01   2.457e-01   5.356e-01  12  sdss  5590  82N  1 
   32  53623.216168  3  23.984  0.916  0.509  0.463   4.572e-01   1.258e+00   6.403e-01   5.817e-01  14  sdss  5590  82N  1 
    0  53623.217827  4  21.536  0.505  0.252  0.344   7.938e+00   4.284e+00   2.218e+00   3.023e+00  13  sdss  5590  82N  1 
    0  53623.216997  0  25.578  1.207  0.109  2.620  -9.925e-01   1.614e+00   1.417e-01   3.400e+00  5  sdss  5590  82N  1 
   33  53626.204929  1  23.107  0.582  0.158  0.270   1.987e+00   1.026e+00   3.003e-01   5.128e-01  9  sdss  5603  82N  1 
   33  53626.201612  2  23.116  0.590  0.164  0.235   1.958e+00   1.090e+00   3.240e-01   4.627e-01  12  sdss  5603  82N  1 
   32  53626.202442  3  22.167  0.318  0.078  0.112   4.768e+00   1.414e+00   3.554e-01   5.110e-01  14  sdss  5603  82N  1 
    0  53626.204100  4  21.729  0.583  0.255  0.382   6.358e+00   4.316e+00   1.945e+00   2.912e+00  13  sdss  5603  82N  1 
   33  53626.203271  0  24.488  1.618  0.276  3.276   1.726e-01   2.221e+00   2.703e-01   3.212e+00  5  sdss  5603  82N  1 
    3  53628.189845  1  22.245  0.618  0.174  0.353   4.483e+00   2.307e+00   7.178e-01   1.450e+00  9  sdss  5610  82N  1 
   33  53628.186528  2  22.486  0.633  0.324  0.326   3.610e+00   1.968e+00   1.107e+00   1.113e+00  12  sdss  5610  82N  1 
   33  53628.187357  3  23.004  1.159  0.647  0.627   2.061e+00   2.316e+00   1.448e+00   1.403e+00  14  sdss  5610  82N  1 
   32  53628.189016  4  21.771  0.983  0.639  0.832   6.043e+00   6.987e+00   4.730e+00   6.153e+00  13  sdss  5610  82N  1 
   33  53628.188187  0  22.470  2.124  0.056  1.856   3.905e+00   5.086e+00   1.966e-01   6.558e+00  5  sdss  5610  82N  1 
   33  53635.197922  1  23.075  0.434  0.142  0.239   2.050e+00   8.115e-01   2.770e-01   4.673e-01  9  sdss  5622  82N  1 
    0  53635.194605  2  22.658  0.371  0.204  0.237   3.065e+00   1.053e+00   5.996e-01   6.942e-01  12  sdss  5622  82N  1 
   32  53635.195434  3  23.314  0.752  0.226  0.364   1.442e+00   1.295e+00   4.028e-01   6.482e-01  14  sdss  5622  82N  1 
   32  53635.197093  4  22.449  0.691  0.237  0.576   1.913e+00   3.758e+00   1.228e+00   2.987e+00  13  sdss  5622  82N  1 
    1  53635.196263  0  24.703  1.681  0.464  5.786  -3.623e-02   2.362e+00   4.501e-01   5.609e+00  5  sdss  5622  82N  1 
    0  53637.190760  1  22.424  0.184  0.131  0.225   3.794e+00   6.360e-01   4.567e-01   7.878e-01  9  sdss  5633  82N  1 
   32  53637.187443  2  23.615  0.735  0.319  0.571   1.149e+00   9.276e-01   4.232e-01   7.572e-01  12  sdss  5633  82N  1 
   32  53637.188273  3  22.612  0.521  0.235  0.321   3.093e+00   1.523e+00   7.271e-01   9.920e-01  14  sdss  5633  82N  1 
   32  53637.189931  4  22.066  0.861  0.262  0.742   4.056e+00   5.364e+00   1.608e+00   4.555e+00  13  sdss  5633  82N  1 
   32  53637.189102  0  22.704  0.762  0.272  1.961   3.118e+00   1.955e+00   7.848e-01   5.650e+00  5  sdss  5633  82N  1 
    0  53644.183028  1  22.815  0.213  0.048  0.165   2.630e+00   5.175e-01   1.192e-01   4.045e-01  9  sdss  5670  82N  1 
    0  53644.179712  2  22.424  0.206  0.083  0.095   3.828e+00   7.371e-01   2.984e-01   3.446e-01  12  sdss  5670  82N  1 
   32  53644.180541  3  22.587  0.378  0.133  0.136   3.171e+00   1.156e+00   4.207e-01   4.277e-01  14  sdss  5670  82N  1 
   32  53644.182199  4  22.480  0.712  0.341  0.491   1.753e+00   3.861e+00   1.751e+00   2.520e+00  13  sdss  5670  82N  1 
   32  53644.181370  0  24.463  1.244  0.066  2.684   1.976e-01   1.496e+00   6.466e-02   2.641e+00  5  sdss  5670  82N  1 
   33  53654.216670  1  23.633  1.109  0.283  0.476   1.174e+00   1.180e+00   3.439e-01   5.794e-01  9  sdss  5709  82N  1 
    1  53654.213353  2  22.512  0.373  0.218  0.222   3.522e+00   1.203e+00   7.272e-01   7.417e-01  12  sdss  5709  82N  1 
   32  53654.214183  3  22.739  0.610  0.216  0.260   2.721e+00   1.583e+00   6.000e-01   7.217e-01  14  sdss  5709  82N  1 
    0  53654.215841  4  21.621  0.624  0.275  0.349   7.215e+00   4.931e+00   2.268e+00   2.876e+00  13  sdss  5709  82N  1 
  161  53654.215012  0  22.859  1.016  0.109  1.793   2.678e+00   2.175e+00   2.738e-01   4.525e+00  5  sdss  5709  82N  1 
  129  53656.164253  1  22.371  0.525  0.083  0.277   3.987e+00   1.795e+00   3.032e-01   1.015e+00  9  sdss  5719  82N  1 
   33  53656.160936  2  23.017  1.045  0.487  0.476   2.161e+00   1.881e+00   1.045e+00   1.020e+00  12  sdss  5719  82N  1 
   33  53656.161765  3  21.810  0.380  0.188  0.211   6.681e+00   2.297e+00   1.178e+00   1.325e+00  14  sdss  5719  82N  1 
    0  53656.163424  4  20.902  0.432  0.298  0.357   1.522e+01   6.145e+00   4.426e+00   5.293e+00  13  sdss  5719  82N  1 
   35  53656.162594  0  22.363  1.537  0.325  1.880   4.321e+00   4.162e+00   1.263e+00   7.301e+00  5  sdss  5719  82N  1 
   32  53668.166360  1  22.588  0.209  0.161  0.301   3.254e+00   6.212e-01   4.852e-01   9.075e-01  9  sdss  5770  82N  1 
   32  53668.163043  2  22.908  0.419  0.081  0.317   2.406e+00   9.500e-01   1.902e-01   7.479e-01  12  sdss  5770  82N  1 
   32  53668.163872  3  22.368  0.438  0.370  0.271   3.930e+00   1.596e+00   1.410e+00   1.033e+00  14  sdss  5770  82N  1 
   32  53668.165531  4  22.755  1.031  0.742  1.005   3.807e-01   5.826e+00   3.624e+00   4.914e+00  13  sdss  5770  82N  1 
   32  53668.164702  0  23.871  1.316  0.133  4.277   8.402e-01   1.743e+00   1.614e-01   5.191e+00  5  sdss  5770  82N  1 
    0  53670.170816  1  22.626  0.206  0.105  0.248   3.140e+00   5.918e-01   3.050e-01   7.225e-01  9  sdss  5781  82N  1 
   32  53670.167499  2  23.330  0.545  0.231  0.338   1.571e+00   8.579e-01   3.824e-01   5.581e-01  12  sdss  5781  82N  1 
   32  53670.168328  3  23.180  0.833  0.569  0.527   1.693e+00   1.541e+00   1.115e+00   1.032e+00  14  sdss  5781  82N  1 
    0  53670.169987  4  23.509  0.786  0.281  0.534  -3.518e+00   4.710e+00   1.648e+00   3.125e+00  13  sdss  5781  82N  1 
   40  53670.169157  0  22.352  0.417  0.310  1.079   4.367e+00   1.568e+00   1.217e+00   4.233e+00  5  sdss  5781  82N  1 
   32  53673.138665  1  22.865  0.250  0.181  0.301   2.507e+00   5.783e-01   4.248e-01   7.067e-01  9  sdss  5792  82N  1 
   32  53673.135348  2  22.873  0.375  0.197  0.253   2.490e+00   8.819e-01   4.793e-01   6.151e-01  12  sdss  5792  82N  1 
   32  53673.136177  3  22.741  0.483  0.201  0.225   2.716e+00   1.280e+00   5.561e-01   6.224e-01  14  sdss  5792  82N  1 
    0  53673.137836  4  21.626  0.562  0.094  0.436   7.174e+00   4.456e+00   7.703e-01   3.581e+00  13  sdss  5792  82N  1 
   32  53673.137006  0  23.184  0.948  0.051  2.265   1.924e+00   1.647e+00   9.911e-02   4.381e+00  5  sdss  5792  82N  1 
   32  53675.135256  1  22.910  0.252  0.151  0.295   2.402e+00   5.596e-01   3.404e-01   6.656e-01  9  sdss  5800  82N  1 
    0  53675.131939  2  22.508  0.251  0.070  0.132   3.535e+00   8.270e-01   2.331e-01   4.430e-01  12  sdss  5800  82N  1 
   32  53675.132768  3  22.466  0.372  0.204  0.166   3.572e+00   1.262e+00   7.128e-01   5.796e-01  14  sdss  5800  82N  1 
   32  53675.134427  4  21.907  0.697  0.413  0.608   5.081e+00   4.634e+00   2.789e+00   4.109e+00  13  sdss  5800  82N  1 
  160  53675.133598  0  22.748  0.564  0.090  1.438   2.985e+00   1.463e+00   2.493e-01   3.987e+00  5  sdss  5800  82N  1 
   32  53677.156243  1  23.019  0.276  0.064  0.298   2.164e+00   5.560e-01   1.320e-01   6.121e-01  9  sdss  5813  82N  1 
   32  53677.152926  2  23.008  0.392  0.143  0.237   2.181e+00   8.205e-01   3.084e-01   5.118e-01  12  sdss  5813  82N  1 
   32  53677.153755  3  22.901  0.535  0.142  0.265   2.301e+00   1.242e+00   3.452e-01   6.450e-01  14  sdss  5813  82N  1 
   32  53677.155414  4  22.747  0.727  0.482  0.631   4.198e-01   3.827e+00   2.356e+00   3.085e+00  13  sdss  5813  82N  1 
  168  53677.154584  0  22.012  0.303  0.305  0.884   6.011e+00   1.572e+00   1.625e+00   4.702e+00  5  sdss  5813  82N  1 
    0  53680.142464  1  22.595  0.187  0.095  0.186   3.233e+00   5.544e-01   2.829e-01   5.581e-01  9  sdss  5823  82N  1 
    0  53680.139147  2  22.673  0.284  0.109  0.153   3.021e+00   8.052e-01   3.158e-01   4.443e-01  12  sdss  5823  82N  1 
   32  53680.139976  3  22.491  0.346  0.099  0.129   3.486e+00   1.153e+00   3.387e-01   4.433e-01  14  sdss  5823  82N  1 
   32  53680.141635  4  22.598  0.707  0.402  0.541   1.156e+00   3.756e+00   2.006e+00   2.702e+00  13  sdss  5823  82N  1 
   40  53680.140805  0  23.798  1.131  0.699  3.282   9.333e-01   1.475e+00   8.844e-01   4.149e+00  5  sdss  5823  82N  1 
   33  53686.208812  1  22.442  0.933  0.218  0.381   3.731e+00   2.634e+00   7.483e-01   1.309e+00  9  sdss  5865  82N  1 
   35  53686.205495  2  22.058  0.601  0.281  0.335   5.396e+00   2.761e+00   1.413e+00   1.687e+00  12  sdss  5865  82N  1 
   33  53686.206324  3  22.671  1.087  0.507  0.538   2.915e+00   2.690e+00   1.489e+00   1.581e+00  14  sdss  5865  82N  1 
    0  53686.207983  4  21.180  0.787  0.383  0.596   1.156e+01   8.292e+00   4.483e+00   6.968e+00  13  sdss  5865  82N  1 
    3  53686.207153  0  28.610  0.487  0.243  0.537  -1.989e+01   7.924e+00   4.208e+00   9.316e+00  5  sdss  5865  82N  1 
   33  53693.143029  1  22.900  0.573  0.118  0.268   2.425e+00   1.209e+00   2.686e-01   6.101e-01  9  sdss  5878  82N  1 
    1  53693.139712  2  22.799  0.468  0.091  0.190   2.676e+00   1.153e+00   2.354e-01   4.911e-01  12  sdss  5878  82N  1 
   32  53693.140541  3  23.138  0.748  0.185  0.296   1.776e+00   1.429e+00   3.732e-01   5.973e-01  14  sdss  5878  82N  1 
    0  53693.142200  4  22.939  0.834  0.448  0.703  -5.186e-01   4.490e+00   2.197e+00   3.444e+00  13  sdss  5878  82N  1 
    9  53693.141370  0  24.815  1.866  1.614  4.565  -1.453e-01   2.841e+00   1.578e+00   4.460e+00  5  sdss  5878  82N  1 
  172  53699.163333  1  24.886  1.710  2.783  0.962   1.375e-01   1.483e+00   1.675e+00   5.791e-01  9  sdss  5902  82N  1 
 1036  53699.160016  2  21.923  0.862  1.010  0.081   6.119e+00   4.113e+00   5.754e+00   4.609e-01  12  sdss  5902  82N  1 
 1028  53699.160845  3  25.969  2.318  0.873  0.209  -2.678e+00   5.960e+00   2.390e+00   5.710e-01  14  sdss  5902  82N  1 
 1028  53699.162504  4  24.262  1.677  0.757  0.298  -9.161e+00   1.449e+01   7.378e+00   2.903e+00  13  sdss  5902  82N  1 
 1156  53699.161674  0  28.856  0.287  0.073  0.211  -2.495e+01   6.091e+00   1.586e+00   4.577e+00  5  sdss  5902  82N  1 
  258  53702.137897  1  21.848  0.171  0.160  0.415   6.481e+00   1.003e+00   9.437e-01   2.454e+00  9  sdss  5909  82N  1 
 1152  53702.135410  3  20.650  0.204  0.182  0.189   1.960e+01   3.651e+00   3.287e+00   3.416e+00  14  sdss  5909  82N  1 
   34  53702.137068  4  21.265  0.898  0.278  1.032   1.060e+01   8.701e+00   3.028e+00   1.125e+01  13  sdss  5909  82N  1 
  386  53703.147183  1  21.279  0.117  0.059  0.251   1.097e+01   1.166e+00   5.899e-01   2.498e+00  9  sdss  5915  82N  1 
   32  53703.143866  2  22.247  0.284  0.247  0.294   4.522e+00   1.180e+00   1.046e+00   1.245e+00  12  sdss  5915  82N  1 
   32  53703.144696  3  22.028  0.416  0.458  0.433   5.440e+00   2.051e+00   2.359e+00   2.234e+00  14  sdss  5915  82N  1 
   10  53703.146354  4  23.537  1.088  2.185  1.577  -3.683e+00   6.840e+00   1.298e+01   9.365e+00  13  sdss  5915  82N  1 
  162  53703.145525  0  23.129  1.511  0.668  5.507   2.039e+00   2.615e+00   1.349e+00   1.113e+01  5  sdss  5915  82N  1 
   32  53704.125226  1  22.877  0.266  0.152  0.270   2.478e+00   6.068e-01   3.536e-01   6.271e-01  9  sdss  5918  82N  1 
   32  53704.121909  2  23.061  0.436  0.207  0.266   2.069e+00   8.669e-01   4.279e-01   5.493e-01  12  sdss  5918  82N  1 
   32  53704.122738  3  22.462  0.384  0.125  0.188   3.586e+00   1.306e+00   4.396e-01   6.589e-01  14  sdss  5918  82N  1 
   32  53704.124396  4  22.147  0.906  0.181  0.546   3.569e+00   5.517e+00   1.065e+00   3.210e+00  13  sdss  5918  82N  1 
   32  53704.123567  0  22.941  0.899  0.116  1.740   2.469e+00   1.860e+00   2.728e-01   4.100e+00  5  sdss  5918  82N  1 
