# SDSS CID:  14064 IAU:          RA: 356.637390 DEC:  -1.188695  (J2000)
# GALAXY_SB [ugriz] = [ 23.40 23.28 23.01 22.70 22.06 ] +/- [  0.23  0.06  0.05  0.05  0.10 ] (asinh mag/square arcsec)
# GALAXY_SB_FLUX [ugriz] = [  1.467E+00  1.672E+00  2.175E+00  2.828E+00  4.060E+00 ] +/- [  3.827E-01  9.530E-02  1.054E-01  1.396E-01  6.054E-01 ] (microJy per square arcsec)
#FLAG  MJD       FILT  MAG     MERR  MSKYERR MGALERR  FLUX       FLUXERR    SKYERR     GALERR    NPRE TELE   RUN  STRIP  IDCCD
   32  53975.295108  1  22.924  0.318  0.242  0.441   2.369e+00   6.923e-01   5.391e-01   9.843e-01  11  sdss  6287  82S  1 
   32  53975.291790  2  22.457  0.252  0.150  0.212   3.711e+00   8.656e-01   5.237e-01   7.407e-01  13  sdss  6287  82S  1 
   32  53975.292620  3  22.755  0.532  0.231  0.327   2.679e+00   1.378e+00   6.296e-01   8.929e-01  13  sdss  6287  82S  1 
 1184  53975.294278  4  22.007  0.906  0.203  1.035   4.430e+00   5.786e+00   1.282e+00   6.552e+00  12  sdss  6287  82S  1 
   32  53975.293449  0  24.376  1.484  0.884  4.758   2.842e-01   1.945e+00   8.840e-01   4.759e+00  8  sdss  6287  82S  1 
    0  53993.363375  1  22.646  0.268  0.149  0.262   3.082e+00   7.531e-01   4.265e-01   7.495e-01  11  sdss  6348  82S  1 
   60  53993.360057  2  22.479  0.516  2.694  0.234   3.634e+00   1.657e+00   9.231e+00   8.007e-01  13  sdss  6348  82S  1 
   32  53993.360887  3  22.719  0.503  0.325  0.304   2.779e+00   1.349e+00   9.132e-01   8.549e-01  13  sdss  6348  82S  1 
    8  53993.362545  4  23.631  0.630  0.701  0.478  -4.253e+00   3.926e+00   4.365e+00   2.981e+00  12  sdss  6348  82S  1 
   32  53993.361716  0  22.777  0.853  0.298  1.254   2.903e+00   2.028e+00   8.104e-01   3.408e+00  8  sdss  6348  82S  1 
    0  53994.318460  1  22.496  0.185  0.110  0.199   3.549e+00   5.993e-01   3.591e-01   6.508e-01  11  sdss  6355  82S  1 
   32  53994.315143  2  23.315  0.464  0.157  0.214   1.597e+00   7.460e-01   2.627e-01   3.561e-01  13  sdss  6355  82S  1 
   32  53994.315973  3  22.625  0.406  0.124  0.149   3.055e+00   1.194e+00   3.771e-01   4.535e-01  13  sdss  6355  82S  1 
   32  53994.317631  4  22.636  0.789  0.475  0.595   9.659e-01   4.235e+00   2.356e+00   2.950e+00  12  sdss  6355  82S  1 
   32  53994.316802  0  23.517  1.030  0.301  1.478   1.333e+00   1.486e+00   4.568e-01   2.241e+00  8  sdss  6355  82S  1 
   32  53996.302268  1  22.931  0.277  0.039  0.344   2.353e+00   6.037e-01   8.584e-02   7.629e-01  11  sdss  6367  82S  1 
   32  53996.298950  2  22.563  0.291  0.224  0.256   3.355e+00   9.048e-01   7.117e-01   8.123e-01  13  sdss  6367  82S  1 
   32  53996.299780  3  22.320  0.359  0.238  0.247   4.116e+00   1.379e+00   9.432e-01   9.787e-01  13  sdss  6367  82S  1 
    0  53996.301438  4  24.000  0.607  0.525  0.567  -6.853e+00   4.640e+00   4.154e+00   4.495e+00  12  sdss  6367  82S  1 
  162  53996.300609  0  22.685  0.767  0.714  2.021   3.175e+00   2.005e+00   2.100e+00   5.944e+00  8  sdss  6367  82S  1 
    0  53998.270750  1  22.511  0.163  0.057  0.112   3.499e+00   5.238e-01   1.839e-01   3.612e-01  11  sdss  6377  82S  1 
   32  53998.267433  2  22.636  0.253  0.054  0.126   3.130e+00   7.426e-01   1.596e-01   3.755e-01  13  sdss  6377  82S  1 
   32  53998.268262  3  23.030  0.539  0.090  0.209   2.004e+00   1.132e+00   1.965e-01   4.577e-01  13  sdss  6377  82S  1 
    0  53998.269921  4  23.478  0.588  0.039  0.343  -3.335e+00   3.426e+00   2.249e-01   1.968e+00  12  sdss  6377  82S  1 
   32  53998.269091  0  22.806  0.612  0.195  0.766   2.821e+00   1.505e+00   5.166e-01   2.031e+00  8  sdss  6377  82S  1 
    0  54005.301069  1  23.028  0.251  0.081  0.174   2.145e+00   5.028e-01   1.644e-01   3.533e-01  11  sdss  6402  82S  1 
   32  54005.297752  2  22.703  0.267  0.103  0.127   2.935e+00   7.364e-01   2.885e-01   3.573e-01  13  sdss  6402  82S  1 
    0  54005.298582  3  22.325  0.292  0.039  0.100   4.097e+00   1.126e+00   1.554e-01   3.941e-01  13  sdss  6402  82S  1 
    0  54005.300240  4  22.866  0.689  0.093  0.436  -1.631e-01   3.591e+00   4.544e-01   2.129e+00  12  sdss  6402  82S  1 
   32  54005.299411  0  22.612  0.498  0.105  0.572   3.407e+00   1.476e+00   3.308e-01   1.793e+00  8  sdss  6402  82S  1 
   32  54008.261591  1  22.974  0.277  0.097  0.307   2.258e+00   5.793e-01   2.070e-01   6.546e-01  11  sdss  6417  82S  1 
    0  54008.258274  2  22.466  0.243  0.101  0.170   3.679e+00   8.307e-01   3.485e-01   5.881e-01  13  sdss  6417  82S  1 
   32  54008.259103  3  22.290  0.325  0.122  0.197   4.237e+00   1.289e+00   4.957e-01   8.009e-01  13  sdss  6417  82S  1 
    0  54008.260762  4  23.170  0.754  0.131  0.647  -1.672e+00   4.104e+00   6.683e-01   3.305e+00  12  sdss  6417  82S  1 
   32  54008.259933  0  23.266  1.048  0.680  1.780   1.763e+00   1.719e+00   1.239e+00   3.243e+00  8  sdss  6417  82S  1 
  129  54010.256359  1  22.229  0.191  0.040  0.074   4.553e+00   7.882e-01   1.667e-01   3.083e-01  11  sdss  6425  82S  1 
    0  54010.253042  2  22.547  0.266  0.039  0.086   3.407e+00   8.429e-01   1.266e-01   2.780e-01  13  sdss  6425  82S  1 
    0  54010.253871  3  22.567  0.382  0.082  0.106   3.237e+00   1.183e+00   2.620e-01   3.402e-01  13  sdss  6425  82S  1 
   32  54010.255530  4  22.588  0.676  0.353  0.397   1.203e+00   3.578e+00   1.763e+00   1.986e+00  12  sdss  6425  82S  1 
   33  54010.254701  0  22.347  0.493  0.253  0.426   4.388e+00   1.841e+00   1.000e+00   1.686e+00  8  sdss  6425  82S  1 
    1  54012.249040  1  22.276  0.348  0.066  0.078   4.358e+00   1.347e+00   2.645e-01   3.114e-01  11  sdss  6433  82S  1 
   33  54012.245723  2  23.065  0.767  0.202  0.160   2.060e+00   1.414e+00   4.131e-01   3.284e-01  13  sdss  6433  82S  1 
    1  54012.246553  3  22.115  0.344  0.088  0.083   5.009e+00   1.587e+00   4.182e-01   3.918e-01  13  sdss  6433  82S  1 
    0  54012.248211  4  21.343  0.435  0.040  0.197   9.772e+00   4.279e+00   4.082e-01   2.003e+00  12  sdss  6433  82S  1 
    1  54012.247382  0  22.045  0.735  0.136  0.332   5.830e+00   3.354e+00   7.082e-01   1.721e+00  8  sdss  6433  82S  1 
    1  54020.254848  1  21.938  0.181  0.111  0.179   5.964e+00   9.795e-01   6.027e-01   9.779e-01  11  sdss  6447  82S  1 
   32  54020.251531  2  22.600  0.333  0.204  0.198   3.239e+00   9.958e-01   6.282e-01   6.076e-01  13  sdss  6447  82S  1 
   40  54020.252360  3  22.077  0.346  0.820  0.211   5.194e+00   1.651e+00   4.028e+00   1.037e+00  13  sdss  6447  82S  1 
    0  54020.254019  4  23.182  0.988  0.769  0.957  -1.735e+00   5.648e+00   3.939e+00   4.907e+00  12  sdss  6447  82S  1 
    3  54020.253189  0  21.793  0.404  0.248  0.762   7.377e+00   2.525e+00   1.620e+00   4.976e+00  8  sdss  6447  82S  1 
   34  54024.335915  1  23.261  0.454  0.393  0.790   1.711e+00   7.215e-01   6.524e-01   1.313e+00  11  sdss  6458  82S  1 
   32  54024.332598  2  22.392  0.299  0.156  0.294   3.946e+00   1.084e+00   5.768e-01   1.088e+00  13  sdss  6458  82S  1 
   32  54024.333427  3  22.621  0.567  0.334  0.445   3.067e+00   1.624e+00   1.020e+00   1.359e+00  13  sdss  6458  82S  1 
    0  54024.335086  4  23.095  1.076  0.840  1.479  -1.289e+00   6.226e+00   4.215e+00   7.419e+00  12  sdss  6458  82S  1 
   34  54024.334256  0  22.212  0.568  0.640  1.425   4.982e+00   2.343e+00   2.856e+00   6.362e+00  8  sdss  6458  82S  1 
   32  54028.244824  1  22.836  0.290  0.068  0.280   2.576e+00   6.850e-01   1.631e-01   6.761e-01  11  sdss  6468  82S  1 
   32  54028.241508  2  22.763  0.306  0.104  0.147   2.770e+00   7.974e-01   2.778e-01   3.910e-01  13  sdss  6468  82S  1 
   32  54028.242337  3  22.925  0.556  0.228  0.215   2.244e+00   1.258e+00   5.411e-01   5.107e-01  13  sdss  6468  82S  1 
    0  54028.243995  4  23.121  0.824  0.283  0.637  -1.421e+00   4.504e+00   1.427e+00   3.217e+00  12  sdss  6468  82S  1 
   32  54028.243166  0  23.852  1.311  0.296  2.166   8.640e-01   1.743e+00   3.633e-01   2.662e+00  8  sdss  6468  82S  1 
    0  54030.247814  1  22.534  0.172  0.034  0.131   3.424e+00   5.395e-01   1.065e-01   4.161e-01  11  sdss  6479  82S  1 
   32  54030.244497  2  23.078  0.389  0.054  0.158   2.034e+00   7.653e-01   1.090e-01   3.208e-01  13  sdss  6479  82S  1 
    0  54030.245327  3  22.346  0.304  0.087  0.099   4.015e+00   1.151e+00   3.362e-01   3.816e-01  13  sdss  6479  82S  1 
   32  54030.246985  4  22.207  0.694  0.304  0.414   3.224e+00   4.040e+00   1.729e+00   2.359e+00  12  sdss  6479  82S  1 
   32  54030.246156  0  22.764  0.624  0.134  0.700   2.941e+00   1.584e+00   3.681e-01   1.923e+00  8  sdss  6479  82S  1 
   32  54035.323248  1  22.719  0.339  0.160  0.442   2.878e+00   8.826e-01   4.273e-01   1.184e+00  11  sdss  6501  82S  1 
   32  54035.319932  2  23.428  0.834  0.206  0.636   1.416e+00   1.169e+00   3.136e-01   9.688e-01  13  sdss  6501  82S  1 
   32  54035.320761  3  22.180  0.379  0.310  0.249   4.708e+00   1.640e+00   1.387e+00   1.115e+00  13  sdss  6501  82S  1 
   32  54035.322419  4  22.514  1.008  0.970  0.972   1.579e+00   5.770e+00   4.934e+00   4.940e+00  12  sdss  6501  82S  1 
  162  54035.321590  0  21.850  0.485  0.484  0.873   6.996e+00   2.826e+00   2.999e+00   5.409e+00  8  sdss  6501  82S  1 
    0  54037.228680  1  22.912  0.290  0.089  0.177   2.396e+00   6.395e-01   2.016e-01   3.981e-01  11  sdss  6508  82S  1 
   32  54037.225363  2  22.730  0.363  0.086  0.133   2.860e+00   9.633e-01   2.356e-01   3.635e-01  13  sdss  6508  82S  1 
   32  54037.226192  3  22.894  0.594  0.323  0.187   2.319e+00   1.369e+00   7.875e-01   4.555e-01  13  sdss  6508  82S  1 
   32  54037.227851  4  21.732  0.629  0.205  0.334   6.336e+00   4.605e+00   1.548e+00   2.527e+00  12  sdss  6508  82S  1 
   32  54037.227022  0  24.006  1.288  0.861  1.771   6.789e-01   1.651e+00   9.787e-01   2.012e+00  8  sdss  6508  82S  1 
  129  54040.242823  1  22.529  0.706  0.125  0.138   3.440e+00   1.990e+00   3.960e-01   4.402e-01  11  sdss  6518  82S  1 
   33  54040.239506  2  23.062  0.745  0.116  0.185   2.066e+00   1.383e+00   2.385e-01   3.810e-01  13  sdss  6518  82S  1 
   33  54040.240335  3  22.464  0.510  0.109  0.133   3.579e+00   1.683e+00   3.796e-01   4.649e-01  13  sdss  6518  82S  1 
   32  54040.241994  4  22.148  0.788  0.296  0.411   3.568e+00   4.726e+00   1.736e+00   2.408e+00  12  sdss  6518  82S  1 
   33  54040.241164  0  22.799  1.787  0.453  0.910   2.841e+00   3.631e+00   1.207e+00   2.427e+00  8  sdss  6518  82S  1 
   33  54047.272998  1  22.909  0.968  0.179  0.462   2.403e+00   1.808e+00   4.035e-01   1.045e+00  11  sdss  6530  82S  1 
   33  54047.269682  2  22.642  0.742  0.307  0.487   3.112e+00   1.946e+00   9.097e-01   1.444e+00  13  sdss  6530  82S  1 
   32  54047.270511  3  22.092  0.519  0.411  0.408   5.120e+00   2.354e+00   1.990e+00   1.979e+00  13  sdss  6530  82S  1 
    0  54047.272169  4  22.878  0.969  0.842  1.034  -2.222e-01   5.384e+00   4.111e+00   5.046e+00  12  sdss  6530  82S  1 
   35  54047.271340  0  22.165  1.808  0.407  1.243   5.208e+00   5.331e+00   1.896e+00   5.793e+00  8  sdss  6530  82S  1 
   33  54049.268849  1  22.768  0.618  0.236  0.431   2.748e+00   1.447e+00   6.059e-01   1.105e+00  11  sdss  6537  82S  1 
   33  54049.265532  2  22.754  0.551  0.269  0.343   2.794e+00   1.381e+00   7.232e-01   9.204e-01  13  sdss  6537  82S  1 
   32  54049.266361  3  22.214  0.430  0.211  0.262   4.558e+00   1.790e+00   9.185e-01   1.141e+00  13  sdss  6537  82S  1 
    0  54049.268020  4  21.242  0.537  0.449  0.453   1.085e+01   5.627e+00   4.952e+00   5.000e+00  12  sdss  6537  82S  1 
   35  54049.267191  0  23.871  2.137  2.163  4.217   8.409e-01   3.772e+00   2.632e+00   5.130e+00  8  sdss  6537  82S  1 
   32  54053.232478  1  22.848  0.253  0.137  0.291   2.547e+00   5.940e-01   3.275e-01   6.949e-01  11  sdss  6555  82S  1 
   32  54053.229161  2  23.035  0.413  0.059  0.273   2.122e+00   8.383e-01   1.244e-01   5.751e-01  13  sdss  6555  82S  1 
   32  54053.229991  3  22.681  0.460  0.191  0.235   2.888e+00   1.279e+00   5.532e-01   6.822e-01  13  sdss  6555  82S  1 
   32  54053.231649  4  22.128  0.703  0.527  0.601   3.681e+00   4.221e+00   3.121e+00   3.555e+00  12  sdss  6555  82S  1 
  160  54053.230820  0  24.038  1.361  1.116  3.675   6.420e-01   1.769e+00   1.250e+00   4.115e+00  8  sdss  6555  82S  1 
  162  54056.234254  1  23.182  0.494  0.589  0.926   1.847e+00   8.325e-01   1.047e+00   1.646e+00  11  sdss  6568  82S  1 
   32  54056.230937  2  22.414  0.338  0.214  0.339   3.864e+00   1.193e+00   7.789e-01   1.231e+00  13  sdss  6568  82S  1 
   32  54056.231766  3  23.647  1.103  0.824  0.865   9.093e-01   1.692e+00   1.194e+00   1.253e+00  13  sdss  6568  82S  1 
    2  54056.233425  4  24.406  0.905  0.646  1.118  -1.065e+01   8.728e+00   7.016e+00   1.215e+01  12  sdss  6568  82S  1 
  160  54056.232595  0  23.748  2.174  1.814  7.170   9.985e-01   3.933e+00   2.367e+00   9.354e+00  8  sdss  6568  82S  1 
  160  54059.224931  2  23.535  0.953  0.857  1.209   1.259e+00   1.236e+00   1.202e+00   1.697e+00  13  sdss  6580  82S  1 
  160  54059.225760  3  22.193  0.455  0.454  0.518   4.650e+00   1.917e+00   2.011e+00   2.296e+00  13  sdss  6580  82S  1 
   34  54059.227419  4  22.015  1.151  1.004  1.969   4.379e+00   7.540e+00   6.329e+00   1.241e+01  12  sdss  6580  82S  1 
  130  54059.226590  0  25.581  1.811  1.577  7.938  -9.954e-01   2.830e+00   2.056e+00   1.034e+01  8  sdss  6580  82S  1 
   34  54062.232839  1  22.646  0.267  0.171  0.466   3.082e+00   7.505e-01   4.891e-01   1.333e+00  11  sdss  6596  82S  1 
   32  54062.229522  2  23.253  0.714  0.482  0.692   1.702e+00   1.153e+00   8.458e-01   1.212e+00  13  sdss  6596  82S  1 
   32  54062.230352  3  22.866  0.746  0.450  0.496   2.389e+00   1.709e+00   1.121e+00   1.236e+00  13  sdss  6596  82S  1 
   32  54062.232010  4  22.278  1.082  1.092  1.166   2.827e+00   6.549e+00   6.025e+00   6.434e+00  12  sdss  6596  82S  1 
    2  54062.231181  0  25.730  1.655  1.237  5.356  -1.205e+00   2.525e+00   1.772e+00   7.669e+00  8  sdss  6596  82S  1 
