# SDSS CID:   1784 IAU: 2006ex   RA: 309.711334 DEC:  -0.468671  (J2000)
# GALAXY_SB [ugriz] = [ 22.13 21.49 20.44 19.99 19.57 ] +/- [  0.00  0.00  0.00  0.00  0.00 ] (asinh mag/square arcsec)
# GALAXY_SB_FLUX [ugriz] = [  5.224E+00  8.999E+00  2.414E+01  3.587E+01  5.281E+01 ] +/- [  0.000E+00  0.000E+00  0.000E+00  0.000E+00  0.000E+00 ] (microJy per square arcsec)
#FLAG  MJD       FILT  MAG     MERR  MSKYERR MGALERR  FLUX       FLUXERR    SKYERR     GALERR    NPRE TELE   RUN  STRIP  IDCCD
  288  53623.165469  1  22.676  0.265  0.134  0.000   2.997e+00   7.323e-01   3.775e-01   0.000e+00  8  sdss  5590  82N  2 
  288  53623.162152  2  21.886  0.204  0.074  0.000   6.332e+00   1.179e+00   4.334e-01   0.000e+00  9  sdss  5590  82N  2 
  288  53623.162981  3  23.970  1.031  0.779  0.000   4.738e-01   1.456e+00   9.828e-01   0.000e+00  13  sdss  5590  82N  2 
  288  53623.164639  4  21.106  0.336  0.131  0.000   1.244e+01   4.002e+00   1.603e+00   0.000e+00  13  sdss  5590  82N  2 
  288  53623.163810  0  22.304  0.499  0.128  0.000   4.570e+00   1.980e+00   5.395e-01   0.000e+00  5  sdss  5590  82N  2 
  289  53626.151242  1  22.398  0.290  0.093  0.000   3.890e+00   1.024e+00   3.355e-01   0.000e+00  8  sdss  5603  82N  2 
  289  53626.147925  2  22.699  0.425  0.267  0.000   2.945e+00   1.143e+00   7.492e-01   0.000e+00  9  sdss  5603  82N  2 
  288  53626.148755  3  22.486  0.439  0.208  0.000   3.506e+00   1.443e+00   7.110e-01   0.000e+00  13  sdss  5603  82N  2 
  288  53626.150413  4  21.178  0.385  0.059  0.000   1.158e+01   4.302e+00   6.809e-01   0.000e+00  13  sdss  5603  82N  2 
 1441  53626.149584  0  22.760  1.148  0.103  0.000   2.951e+00   2.622e+00   2.917e-01   0.000e+00  5  sdss  5603  82N  2 
  289  53628.136111  1  23.437  1.529  0.445  0.000   1.436e+00   1.766e+00   6.418e-01   0.000e+00  8  sdss  5610  82N  2 
  289  53628.132794  2  22.458  0.602  0.174  0.000   3.705e+00   1.919e+00   6.058e-01   0.000e+00  9  sdss  5610  82N  2 
  289  53628.133623  3  22.363  0.560  0.374  0.000   3.949e+00   1.989e+00   1.426e+00   0.000e+00  13  sdss  5610  82N  2 
  256  53628.135282  4  22.921  0.969  0.498  0.000  -4.307e-01   5.386e+00   2.435e+00   0.000e+00  13  sdss  5610  82N  2 
  417  53628.134453  0  22.789  2.045  0.294  0.000   2.868e+00   4.309e+00   8.085e-01   0.000e+00  5  sdss  5610  82N  2 
  296  53635.144024  1  22.238  0.165  0.191  0.000   4.515e+00   6.845e-01   7.991e-01   0.000e+00  8  sdss  5622  82N  2 
  288  53635.140707  2  22.078  0.184  0.063  0.000   5.296e+00   8.954e-01   3.083e-01   0.000e+00  9  sdss  5622  82N  2 
  288  53635.141537  3  23.097  0.637  0.373  0.000   1.861e+00   1.263e+00   7.735e-01   0.000e+00  13  sdss  5622  82N  2 
  288  53635.143195  4  21.544  0.461  0.219  0.000   7.871e+00   3.849e+00   1.881e+00   0.000e+00  13  sdss  5622  82N  2 
  424  53635.142366  0  22.627  0.518  0.232  0.000   3.359e+00   1.546e+00   7.352e-01   0.000e+00  5  sdss  5622  82N  2 
  288  53637.137243  1  22.356  0.204  0.124  0.000   4.045e+00   7.569e-01   4.660e-01   0.000e+00  8  sdss  5633  82N  2 
  288  53637.133926  2  22.150  0.252  0.119  0.000   4.951e+00   1.136e+00   5.443e-01   0.000e+00  9  sdss  5633  82N  2 
  288  53637.134755  3  23.497  0.951  0.586  0.000   1.136e+00   1.504e+00   9.250e-01   0.000e+00  13  sdss  5633  82N  2 
  288  53637.136414  4  21.798  0.757  0.590  0.000   5.845e+00   5.273e+00   4.225e+00   0.000e+00  13  sdss  5633  82N  2 
  288  53637.135585  0  23.047  1.275  0.172  0.000   2.217e+00   2.359e+00   3.802e-01   0.000e+00  5  sdss  5633  82N  2 
  288  53644.128946  1  23.904  0.624  0.247  0.000   8.738e-01   5.952e-01   2.451e-01   0.000e+00  8  sdss  5670  82N  2 
  288  53644.125630  2  23.329  0.629  0.224  0.000   1.572e+00   9.718e-01   3.690e-01   0.000e+00  9  sdss  5670  82N  2 
  256  53644.126459  3  24.652  0.937  0.431  0.000  -3.469e-01   1.275e+00   5.286e-01   0.000e+00  13  sdss  5670  82N  2 
  288  53644.128117  4  21.897  0.644  0.307  0.000   5.148e+00   4.266e+00   2.062e+00   0.000e+00  13  sdss  5670  82N  2 
  416  53644.127288  0  22.474  0.530  0.208  0.000   3.888e+00   1.800e+00   7.555e-01   0.000e+00  5  sdss  5670  82N  2 
 1316  53649.123123  1  22.843  1.046  0.991  0.000   2.560e+00   2.031e+00   2.398e+00   0.000e+00  8  sdss  5702  82N  2 
 1316  53649.119806  2  23.697  2.422  4.163  0.000   1.044e+00   4.116e+00   5.176e+00   0.000e+00  9  sdss  5702  82N  2 
 1316  53649.120635  3  21.493  0.664  1.016  0.000   8.982e+00   4.949e+00   8.453e+00   0.000e+00  13  sdss  5702  82N  2 
 1292  53649.122294  4  23.313  1.919  4.143  0.000  -2.419e+00   1.521e+01   2.212e+01   0.000e+00  13  sdss  5702  82N  2 
 1284  53649.121464  0  20.321  0.342  0.155  0.000   2.874e+01   8.555e+00   4.009e+00   0.000e+00  5  sdss  5702  82N  2 
  297  53654.162850  1  22.894  0.485  0.645  0.000   2.438e+00   1.060e+00   1.491e+00   0.000e+00  8  sdss  5709  82N  2 
 1309  53654.159534  2  28.013  0.433  9.458  0.000  -8.324e+00   3.146e+00   7.229e+01   0.000e+00  9  sdss  5709  82N  2 
 1305  53654.160363  3  26.869  0.306  2.622  0.000  -6.406e+00   1.791e+00   1.571e+01   0.000e+00  13  sdss  5709  82N  2 
  281  53654.162021  4  23.180  1.036  4.746  0.000  -1.723e+00   5.987e+00   2.428e+01   0.000e+00  13  sdss  5709  82N  2 
 1469  53654.161192  0  23.502  2.057 10.675  0.000   1.356e+00   3.644e+00   1.662e+01   0.000e+00  5  sdss  5709  82N  2 
  289  53656.109980  1  22.554  0.645  0.276  0.000   3.361e+00   1.829e+00   8.662e-01   0.000e+00  8  sdss  5719  82N  2 
  257  53656.106663  2  26.667  0.796  0.434  0.000  -2.339e+00   1.607e+00   9.907e-01   0.000e+00  9  sdss  5719  82N  2 
  257  53656.107492  3  24.482  1.201  0.750  0.000  -1.421e-01   1.734e+00   8.939e-01   0.000e+00  13  sdss  5719  82N  2 
  288  53656.109150  4  22.387  0.997  0.765  0.000   2.238e+00   5.799e+00   4.039e+00   0.000e+00  13  sdss  5719  82N  2 
 1409  53656.108321  0  21.534  0.520  0.099  0.000   9.384e+00   4.112e+00   8.438e-01   0.000e+00  5  sdss  5719  82N  2 
  290  53668.111964  1  23.279  0.502  0.708  0.000   1.681e+00   7.851e-01   1.168e+00   0.000e+00  8  sdss  5770  82N  2 
  288  53668.108648  2  22.362  0.362  0.293  0.000   4.057e+00   1.327e+00   1.110e+00   0.000e+00  9  sdss  5770  82N  2 
  288  53668.109477  3  23.270  1.008  0.896  0.000   1.522e+00   1.762e+00   1.640e+00   0.000e+00  13  sdss  5770  82N  2 
  288  53668.111135  4  21.141  0.641  0.470  0.000   1.202e+01   7.041e+00   5.571e+00   0.000e+00  13  sdss  5770  82N  2 
  290  53668.110306  0  22.780  1.003  0.654  0.000   2.894e+00   2.338e+00   1.816e+00   0.000e+00  5  sdss  5770  82N  2 
  288  53670.116835  1  23.103  0.361  0.201  0.000   1.995e+00   6.726e-01   3.864e-01   0.000e+00  8  sdss  5781  82N  2 
  288  53670.113518  2  22.595  0.364  0.249  0.000   3.254e+00   1.085e+00   7.662e-01   0.000e+00  9  sdss  5781  82N  2 
  288  53670.114348  3  23.763  0.994  0.661  0.000   7.463e-01   1.452e+00   9.043e-01   0.000e+00  13  sdss  5781  82N  2 
  256  53670.116006  4  23.784  0.808  0.451  0.000  -5.259e+00   5.399e+00   3.059e+00   0.000e+00  13  sdss  5781  82N  2 
  416  53670.115177  0  24.555  1.452  0.422  0.000   1.071e-01   1.868e+00   4.110e-01   0.000e+00  5  sdss  5781  82N  2 
  288  53673.084240  1  22.350  0.172  0.084  0.000   4.068e+00   6.442e-01   3.177e-01   0.000e+00  8  sdss  5792  82N  2 
  288  53673.080923  2  22.395  0.288  0.145  0.000   3.933e+00   1.036e+00   5.349e-01   0.000e+00  9  sdss  5792  82N  2 
  288  53673.081752  3  24.352  1.035  0.667  0.000   1.168e-02   1.420e+00   7.896e-01   0.000e+00  13  sdss  5792  82N  2 
  288  53673.083411  4  21.335  0.534  0.309  0.000   9.847e+00   5.153e+00   3.123e+00   0.000e+00  13  sdss  5792  82N  2 
  296  53673.082582  0  22.802  0.758  0.602  0.000   2.832e+00   1.847e+00   1.639e+00   0.000e+00  5  sdss  5792  82N  2 
  288  53675.080823  1  23.212  0.384  0.275  0.000   1.794e+00   6.495e-01   4.798e-01   0.000e+00  8  sdss  5800  82N  2 
  288  53675.077506  2  22.465  0.306  0.165  0.000   3.681e+00   1.034e+00   5.693e-01   0.000e+00  9  sdss  5800  82N  2 
  288  53675.078335  3  23.187  0.743  0.320  0.000   1.679e+00   1.374e+00   6.207e-01   0.000e+00  13  sdss  5800  82N  2 
  296  53675.079994  4  21.272  0.465  0.519  0.000   1.051e+01   4.756e+00   5.528e+00   0.000e+00  13  sdss  5800  82N  2 
  288  53675.079165  0  22.277  0.455  0.109  0.000   4.688e+00   1.870e+00   4.719e-01   0.000e+00  5  sdss  5800  82N  2 
  288  53677.101804  1  23.009  0.280  0.088  0.000   2.184e+00   5.742e-01   1.835e-01   0.000e+00  8  sdss  5813  82N  2 
  288  53677.098487  2  22.270  0.251  0.100  0.000   4.424e+00   1.019e+00   4.113e-01   0.000e+00  9  sdss  5813  82N  2 
  288  53677.099316  3  23.369  0.796  0.373  0.000   1.347e+00   1.327e+00   6.385e-01   0.000e+00  13  sdss  5813  82N  2 
  288  53677.100975  4  21.421  0.433  0.142  0.000   8.997e+00   3.969e+00   1.343e+00   0.000e+00  13  sdss  5813  82N  2 
  288  53677.100146  0  22.559  0.545  0.202  0.000   3.583e+00   1.713e+00   6.804e-01   0.000e+00  5  sdss  5813  82N  2 
  288  53680.088449  1  22.675  0.216  0.086  0.000   3.000e+00   5.992e-01   2.427e-01   0.000e+00  8  sdss  5823  82N  2 
  288  53680.085133  2  22.429  0.257  0.050  0.000   3.809e+00   9.013e-01   1.795e-01   0.000e+00  9  sdss  5823  82N  2 
  288  53680.085962  3  22.905  0.519  0.089  0.000   2.293e+00   1.199e+00   2.155e-01   0.000e+00  13  sdss  5823  82N  2 
  288  53680.087620  4  21.998  0.580  0.139  0.000   4.486e+00   3.653e+00   8.762e-01   0.000e+00  13  sdss  5823  82N  2 
  288  53680.086791  0  22.623  0.573  0.205  0.000   3.372e+00   1.693e+00   6.511e-01   0.000e+00  5  sdss  5823  82N  2 
  289  53693.089051  1  22.658  0.306  0.261  0.000   3.048e+00   8.533e-01   7.458e-01   0.000e+00  8  sdss  5878  82N  2 
  288  53693.085734  2  23.875  1.029  0.635  0.000   8.342e-01   1.130e+00   7.012e-01   0.000e+00  9  sdss  5878  82N  2 
  288  53693.086563  3  24.162  1.041  0.719  0.000   2.378e-01   1.441e+00   8.664e-01   0.000e+00  13  sdss  5878  82N  2 
  288  53693.088221  4  21.671  0.597  0.269  0.000   6.812e+00   4.520e+00   2.102e+00   0.000e+00  13  sdss  5878  82N  2 
  384  53693.087392  0  25.715  1.406  0.318  0.000  -1.183e+00   2.035e+00   4.568e-01   0.000e+00  5  sdss  5878  82N  2 
  288  53698.085993  1  23.292  0.447  0.213  0.000   1.659e+00   6.979e-01   3.474e-01   0.000e+00  8  sdss  5898  82N  2 
  296  53698.082677  2  22.299  0.285  0.343  0.000   4.305e+00   1.119e+00   1.379e+00   0.000e+00  9  sdss  5898  82N  2 
  288  53698.083506  3  23.452  0.927  0.610  0.000   1.209e+00   1.491e+00   9.892e-01   0.000e+00  13  sdss  5898  82N  2 
  288  53698.085164  4  21.076  0.436  0.191  0.000   1.282e+01   5.242e+00   2.386e+00   0.000e+00  13  sdss  5898  82N  2 
  292  53698.084335  0  22.814  0.860  0.165  0.000   2.799e+00   2.024e+00   4.452e-01   0.000e+00  5  sdss  5898  82N  2 
  288  53699.109401  1  23.387  0.498  0.264  0.000   1.509e+00   7.128e-01   3.967e-01   0.000e+00  8  sdss  5902  82N  2 
  288  53699.106084  2  23.282  0.697  0.246  0.000   1.652e+00   1.102e+00   4.207e-01   0.000e+00  9  sdss  5902  82N  2 
  256  53699.106913  3  25.742  0.694  0.266  0.000  -2.112e+00   1.477e+00   6.046e-01   0.000e+00  13  sdss  5902  82N  2 
  288  53699.108572  4  22.137  0.902  0.288  0.000   3.631e+00   5.479e+00   1.690e+00   0.000e+00  13  sdss  5902  82N  2 
  288  53699.107742  0  22.530  0.745  0.217  0.000   3.685e+00   2.280e+00   7.491e-01   0.000e+00  5  sdss  5902  82N  2 
  290  53702.083569  1  23.039  0.539  0.703  0.000   2.123e+00   1.025e+00   1.428e+00   0.000e+00  8  sdss  5909  82N  2 
  290  53702.080252  2  22.203  0.336  0.328  0.000   4.711e+00   1.429e+00   1.435e+00   0.000e+00  9  sdss  5909  82N  2 
  258  53702.081081  3  26.024  0.811  0.968  0.000  -2.831e+00   2.072e+00   2.763e+00   0.000e+00  13  sdss  5909  82N  2 
  290  53702.082740  4  22.728  1.257  1.500  0.000   5.102e-01   7.610e+00   7.345e+00   0.000e+00  13  sdss  5909  82N  2 
  298  53702.081911  0  22.126  0.642  0.826  0.000   5.404e+00   2.876e+00   4.091e+00   0.000e+00  5  sdss  5909  82N  2 
  290  53703.092865  1  22.622  0.297  0.224  0.000   3.153e+00   8.554e-01   6.613e-01   0.000e+00  8  sdss  5915  82N  2 
  288  53703.089549  2  22.354  0.359  0.226  0.000   4.089e+00   1.328e+00   8.642e-01   0.000e+00  9  sdss  5915  82N  2 
  256  53703.090378  3  25.492  0.935  0.878  0.000  -1.593e+00   1.669e+00   1.651e+00   0.000e+00  13  sdss  5915  82N  2 
  288  53703.092036  4  22.753  1.063  0.954  0.000   3.898e-01   6.059e+00   4.662e+00   0.000e+00  13  sdss  5915  82N  2 
  290  53703.091207  0  22.105  0.569  0.186  0.000   5.512e+00   2.650e+00   9.366e-01   0.000e+00  5  sdss  5915  82N  2 
  288  53704.071347  1  23.059  0.369  0.254  0.000   2.082e+00   7.138e-01   5.075e-01   0.000e+00  8  sdss  5918  82N  2 
  288  53704.068030  2  22.789  0.466  0.328  0.000   2.703e+00   1.150e+00   8.504e-01   0.000e+00  9  sdss  5918  82N  2 
  288  53704.068859  3  22.842  0.680  0.564  0.000   2.449e+00   1.605e+00   1.431e+00   0.000e+00  13  sdss  5918  82N  2 
  288  53704.070518  4  21.288  0.504  0.202  0.000   1.034e+01   5.063e+00   2.122e+00   0.000e+00  13  sdss  5918  82N  2 
  296  53704.069689  0  22.899  1.097  1.294  0.000   2.572e+00   2.295e+00   3.244e+00   0.000e+00  5  sdss  5918  82N  2 
