# SDSS CID:  13555 IAU:          RA:  10.352989 DEC:   0.957262  (J2000)
# GALAXY_SB [ugriz] = [ 23.62 23.49 23.16 22.72 22.07 ] +/- [  0.20  0.06  0.07  0.07  0.13 ] (asinh mag/square arcsec)
# GALAXY_SB_FLUX [ugriz] = [  1.133E+00  1.355E+00  1.882E+00  2.785E+00  3.987E+00 ] +/- [  2.850E-01  8.965E-02  1.364E-01  2.087E-01  7.835E-01 ] (microJy per square arcsec)
#FLAG  MJD       FILT  MAG     MERR  MSKYERR MGALERR  FLUX       FLUXERR    SKYERR     GALERR    NPRE TELE   RUN  STRIP  IDCCD
    0  53975.332609  1  22.523  0.157  0.101  0.138   3.461e+00   5.081e-01   3.282e-01   4.497e-01  11  sdss  6287  82S  6 
    0  53975.329291  2  22.409  0.212  0.050  0.181   3.882e+00   7.728e-01   1.860e-01   6.671e-01  11  sdss  6287  82S  6 
   32  53975.330121  3  22.383  0.332  0.123  0.236   3.875e+00   1.229e+00   4.661e-01   8.967e-01  11  sdss  6287  82S  6 
   32  53975.331779  4  22.267  0.765  0.577  0.869   2.888e+00   4.417e+00   3.209e+00   4.837e+00  11  sdss  6287  82S  6 
    8  53975.330950  0  23.299  0.966  0.937  1.255   1.703e+00   1.581e+00   1.683e+00   2.254e+00  6  sdss  6287  82S  6 
    1  53990.345856  1  22.615  0.410  0.113  0.213   3.176e+00   1.173e+00   3.379e-01   6.356e-01  11  sdss  6330  82S  6 
   33  53990.342539  2  22.766  0.486  0.161  0.331   2.763e+00   1.236e+00   4.323e-01   8.897e-01  11  sdss  6330  82S  6 
   32  53990.343368  3  22.536  0.551  0.289  0.432   3.337e+00   1.720e+00   9.621e-01   1.438e+00  11  sdss  6330  82S  6 
    1  53990.344198  0  22.838  1.407  0.207  0.800   2.734e+00   2.883e+00   5.414e-01   2.093e+00  6  sdss  6330  82S  6 
    0  53994.356378  1  22.956  0.249  0.133  0.201   2.297e+00   5.400e-01   2.924e-01   4.432e-01  11  sdss  6355  82S  6 
   32  53994.353060  2  22.796  0.309  0.128  0.236   2.683e+00   7.897e-01   3.339e-01   6.167e-01  11  sdss  6355  82S  6 
   32  53994.353890  3  22.645  0.448  0.138  0.304   2.992e+00   1.302e+00   4.189e-01   9.218e-01  11  sdss  6355  82S  6 
    0  53994.355549  4  21.925  0.641  0.300  0.534   4.960e+00   4.239e+00   2.011e+00   3.582e+00  11  sdss  6355  82S  6 
    8  53994.354719  0  23.112  0.732  0.564  0.685   2.073e+00   1.402e+00   1.174e+00   1.427e+00  6  sdss  6355  82S  6 
    0  53996.340228  1  22.377  0.151  0.128  0.190   3.967e+00   5.562e-01   4.741e-01   7.052e-01  11  sdss  6367  82S  6 
   32  53996.336911  2  22.587  0.272  0.078  0.291   3.279e+00   8.407e-01   2.457e-01   9.178e-01  11  sdss  6367  82S  6 
   32  53996.337740  3  23.282  0.790  0.479  0.827   1.500e+00   1.389e+00   8.778e-01   1.516e+00  11  sdss  6367  82S  6 
   32  53996.339398  4  22.206  0.796  0.558  1.076   3.229e+00   4.700e+00   3.195e+00   6.162e+00  11  sdss  6367  82S  6 
  136  53996.338569  0  22.988  0.735  0.652  0.935   2.355e+00   1.543e+00   1.503e+00   2.155e+00  6  sdss  6367  82S  6 
 1156  53998.308757  1  22.002  0.182  0.086  0.130   5.622e+00   9.438e-01   4.496e-01   6.795e-01  11  sdss  6377  82S  6 
    0  53998.305440  2  22.612  0.251  0.058  0.203   3.202e+00   7.608e-01   1.800e-01   6.243e-01  11  sdss  6377  82S  6 
   32  53998.306269  3  22.749  0.468  0.143  0.352   2.694e+00   1.247e+00   3.971e-01   9.766e-01  11  sdss  6377  82S  6 
 1188  53998.307928  4  21.922  0.873  0.806  0.598   4.980e+00   5.792e+00   5.417e+00   4.017e+00  11  sdss  6377  82S  6 
    0  53998.307098  0  22.451  0.428  0.126  0.416   3.973e+00   1.498e+00   4.606e-01   1.523e+00  6  sdss  6377  82S  6 
    0  54005.339238  1  22.683  0.176  0.021  0.122   2.978e+00   4.906e-01   6.031e-02   3.440e-01  11  sdss  6402  82S  6 
   32  54005.335921  2  22.762  0.283  0.126  0.201   2.773e+00   7.489e-01   3.406e-01   5.425e-01  11  sdss  6402  82S  6 
   32  54005.336750  3  23.438  0.752  0.250  0.518   1.231e+00   1.220e+00   4.121e-01   8.543e-01  11  sdss  6402  82S  6 
    0  54005.338409  4  23.508  0.633  0.173  0.581  -3.512e+00   3.759e+00   1.014e+00   3.407e+00  11  sdss  6402  82S  6 
    0  54005.337580  0  22.767  0.553  0.069  0.369   2.930e+00   1.441e+00   1.904e-01   1.026e+00  6  sdss  6402  82S  6 
    0  54008.299830  1  22.360  0.139  0.088  0.117   4.030e+00   5.203e-01   3.329e-01   4.411e-01  11  sdss  6417  82S  6 
    0  54008.296513  2  22.484  0.230  0.093  0.177   3.616e+00   7.835e-01   3.219e-01   6.106e-01  11  sdss  6417  82S  6 
   32  54008.297342  3  22.427  0.363  0.137  0.261   3.713e+00   1.288e+00   5.025e-01   9.532e-01  11  sdss  6417  82S  6 
    0  54008.299000  4  21.711  0.568  0.134  0.550   6.497e+00   4.274e+00   1.041e+00   4.261e+00  11  sdss  6417  82S  6 
    0  54008.298171  0  22.715  0.563  0.182  0.539   3.083e+00   1.529e+00   5.297e-01   1.568e+00  6  sdss  6417  82S  6 
    1  54010.294226  1  22.558  0.210  0.067  0.108   3.349e+00   6.521e-01   2.116e-01   3.411e-01  11  sdss  6425  82S  6 
    0  54010.290909  2  22.345  0.243  0.038  0.170   4.123e+00   9.346e-01   1.470e-01   6.653e-01  11  sdss  6425  82S  6 
   32  54010.291738  3  22.686  0.466  0.098  0.304   2.872e+00   1.308e+00   2.867e-01   8.894e-01  11  sdss  6425  82S  6 
    0  54010.293396  4  21.496  0.428  0.055  0.383   8.300e+00   3.798e+00   5.020e-01   3.495e+00  11  sdss  6425  82S  6 
    0  54010.292567  0  22.986  0.813  0.156  0.548   2.360e+00   1.683e+00   3.613e-01   1.266e+00  6  sdss  6425  82S  6 
    1  54012.286956  1  23.150  0.762  0.189  0.193   1.906e+00   1.255e+00   3.511e-01   3.577e-01  11  sdss  6433  82S  6 
    1  54012.283639  2  22.554  0.461  0.214  0.163   3.383e+00   1.418e+00   6.943e-01   5.274e-01  11  sdss  6433  82S  6 
    1  54012.284468  3  24.749  1.165  0.406  0.652  -4.675e-01   1.701e+00   5.125e-01   8.226e-01  11  sdss  6433  82S  6 
  128  54012.286126  4  21.744  0.631  0.169  0.429   6.246e+00   4.627e+00   1.284e+00   3.253e+00  11  sdss  6433  82S  6 
    1  54012.285297  0  23.011  1.535  0.482  0.521   2.301e+00   2.834e+00   1.090e+00   1.179e+00  6  sdss  6433  82S  6 
   33  54020.292940  1  23.399  0.800  0.889  0.442   1.491e+00   1.070e+00   1.330e+00   6.611e-01  11  sdss  6447  82S  6 
 1181  54020.289623  2  22.381  0.547  4.495  0.227   3.985e+00   1.925e+00   1.703e+01   8.606e-01  11  sdss  6447  82S  6 
 1209  54020.290452  3  22.420  0.740  7.774  0.436   3.738e+00   2.433e+00   2.861e+01   1.603e+00  11  sdss  6447  82S  6 
    0  54020.292111  4  23.958  0.858  0.778  0.776  -6.522e+00   6.337e+00   6.047e+00   6.030e+00  11  sdss  6447  82S  6 
  129  54020.291281  0  24.837  1.773  2.072  2.751  -1.667e-01   2.593e+00   2.031e+00   2.696e+00  6  sdss  6447  82S  6 
   32  54024.374518  1  22.776  0.287  0.246  0.357   2.728e+00   7.276e-01   6.354e-01   9.233e-01  11  sdss  6458  82S  6 
   34  54024.371201  2  24.523  1.247  0.850  2.443   2.251e-01   1.245e+00   7.023e-01   2.018e+00  11  sdss  6458  82S  6 
   32  54024.372030  3  22.115  0.393  0.172  0.533   5.010e+00   1.821e+00   8.264e-01   2.571e+00  11  sdss  6458  82S  6 
   32  54024.373688  4  22.596  0.980  1.044  1.522   1.166e+00   5.519e+00   5.217e+00   7.602e+00  11  sdss  6458  82S  6 
    2  54024.372859  0  22.746  0.982  0.433  1.310   2.991e+00   2.340e+00   1.225e+00   3.707e+00  6  sdss  6458  82S  6 
    0  54028.362546  1  22.564  0.199  0.136  0.223   3.331e+00   6.176e-01   4.269e-01   6.986e-01  11  sdss  6471  82S  6 
   32  54028.359229  2  23.667  1.019  0.703  1.213   1.081e+00   1.234e+00   9.018e-01   1.556e+00  11  sdss  6471  82S  6 
   32  54028.360058  3  22.421  0.518  0.287  0.491   3.735e+00   1.797e+00   1.057e+00   1.808e+00  11  sdss  6471  82S  6 
    0  54028.361717  4  23.491  0.947  0.739  0.973  -3.408e+00   5.757e+00   4.297e+00   5.653e+00  11  sdss  6471  82S  6 
 1152  54028.360887  0  22.578  0.896  0.250  1.087   3.522e+00   2.500e+00   8.182e-01   3.560e+00  6  sdss  6471  82S  6 
    0  54030.286543  1  22.686  0.178  0.044  0.119   2.970e+00   4.941e-01   1.238e-01   3.338e-01  11  sdss  6479  82S  6 
   32  54030.283226  2  22.747  0.307  0.115  0.226   2.813e+00   8.207e-01   3.130e-01   6.167e-01  11  sdss  6479  82S  6 
   32  54030.284055  3  22.274  0.318  0.111  0.214   4.305e+00   1.298e+00   4.639e-01   8.937e-01  11  sdss  6479  82S  6 
    0  54030.285714  4  22.147  0.666  0.093  0.508   3.570e+00   3.976e+00   5.456e-01   2.993e+00  11  sdss  6479  82S  6 
    0  54030.284885  0  22.477  0.450  0.081  0.304   3.880e+00   1.537e+00   2.909e-01   1.088e+00  6  sdss  6479  82S  6 
   32  54035.362080  1  23.237  0.438  0.529  0.629   1.750e+00   7.216e-01   9.106e-01   1.082e+00  11  sdss  6501  82S  6 
   34  54035.358763  2  22.766  0.522  0.183  0.660   2.763e+00   1.318e+00   4.919e-01   1.775e+00  11  sdss  6501  82S  6 
   32  54035.359592  3  22.087  0.395  0.277  0.460   5.146e+00   1.879e+00   1.369e+00   2.271e+00  11  sdss  6501  82S  6 
    0  54035.361250  4  21.713  0.852  0.632  1.015   6.482e+00   6.279e+00   4.891e+00   7.859e+00  11  sdss  6501  82S  6 
   34  54035.360421  0  23.611  1.705  2.572  2.946   1.190e+00   2.638e+00   3.688e+00   4.226e+00  6  sdss  6501  82S  6 
    0  54037.267127  1  22.668  0.189  0.122  0.160   3.021e+00   5.333e-01   3.487e-01   4.550e-01  11  sdss  6508  82S  6 
   32  54037.263811  2  22.789  0.362  0.237  0.308   2.701e+00   9.234e-01   6.253e-01   8.102e-01  11  sdss  6508  82S  6 
   32  54037.264640  3  22.425  0.388  0.247  0.314   3.720e+00   1.374e+00   9.057e-01   1.151e+00  11  sdss  6508  82S  6 
    0  54037.266298  4  21.615  0.500  0.217  0.466   7.263e+00   4.040e+00   1.803e+00   3.876e+00  11  sdss  6508  82S  6 
    0  54037.265469  0  23.469  1.050  0.327  1.047   1.408e+00   1.560e+00   5.181e-01   1.657e+00  6  sdss  6508  82S  6 
   33  54040.281750  1  22.983  0.803  0.319  0.328   2.238e+00   1.503e+00   6.862e-01   7.056e-01  11  sdss  6518  82S  6 
    1  54040.278433  2  22.197  0.363  0.165  0.201   4.737e+00   1.570e+00   7.399e-01   8.984e-01  11  sdss  6518  82S  6 
  161  54040.279262  3  22.935  0.905  0.467  0.557   2.221e+00   1.947e+00   1.114e+00   1.328e+00  11  sdss  6518  82S  6 
   32  54040.280921  4  22.244  0.937  0.483  0.902   3.016e+00   5.578e+00   2.718e+00   5.074e+00  11  sdss  6518  82S  6 
   33  54040.280091  0  23.398  1.930  1.484  1.455   1.527e+00   3.328e+00   2.474e+00   2.425e+00  6  sdss  6518  82S  6 
   35  54047.311628  1  24.655  2.415  4.170  3.629   2.812e-01   2.936e+00   2.684e+00   2.335e+00  11  sdss  6530  82S  6 
  187  54047.308311  2  22.545  1.014  4.924  0.837   3.413e+00   2.688e+00   1.610e+01   2.735e+00  11  sdss  6530  82S  6 
   59  54047.309140  3  21.593  0.480  3.213  0.643   8.183e+00   3.488e+00   2.482e+01   4.965e+00  11  sdss  6530  82S  6 
  130  54047.310799  4  23.789  1.225  1.773  2.204  -5.292e+00   8.501e+00   1.227e+01   1.525e+01  11  sdss  6530  82S  6 
 1187  54047.309970  0  24.480  2.985  8.119  8.154   1.802e-01   8.192e+00   7.972e+00   8.007e+00  6  sdss  6530  82S  6 
   33  54049.307509  1  23.068  0.743  0.381  0.484   2.063e+00   1.317e+00   7.597e-01   9.647e-01  11  sdss  6537  82S  6 
   33  54049.304192  2  22.505  0.457  0.084  0.439   3.545e+00   1.471e+00   2.852e-01   1.489e+00  11  sdss  6537  82S  6 
   32  54049.305022  3  22.070  0.422  0.289  0.451   5.229e+00   2.024e+00   1.452e+00   2.262e+00  11  sdss  6537  82S  6 
    0  54049.306680  4  21.699  0.813  0.724  0.933   6.591e+00   6.053e+00   5.664e+00   7.294e+00  11  sdss  6537  82S  6 
    3  54049.305851  0  21.422  0.447  0.222  0.386   1.041e+01   3.940e+00   2.065e+00   3.586e+00  6  sdss  6537  82S  6 
    0  54053.271627  1  22.843  0.220  0.111  0.203   2.560e+00   5.298e-01   2.703e-01   4.937e-01  11  sdss  6555  82S  6 
   32  54053.268311  2  22.475  0.249  0.179  0.232   3.647e+00   8.524e-01   6.231e-01   8.070e-01  11  sdss  6555  82S  6 
   32  54053.269140  3  23.125  0.701  0.397  0.584   1.803e+00   1.367e+00   8.157e-01   1.201e+00  11  sdss  6555  82S  6 
   32  54053.270798  4  22.496  0.772  0.255  0.830   1.668e+00   4.217e+00   1.306e+00   4.247e+00  11  sdss  6555  82S  6 
    0  54053.269969  0  23.313  1.003  0.112  0.957   1.676e+00   1.622e+00   1.990e-01   1.700e+00  6  sdss  6555  82S  6 
   32  54056.273022  1  23.000  0.317  0.207  0.420   2.202e+00   6.545e-01   4.372e-01   8.889e-01  11  sdss  6568  82S  6 
   32  54056.269705  2  23.083  0.575  0.264  0.693   2.024e+00   1.100e+00   5.393e-01   1.416e+00  11  sdss  6568  82S  6 
   32  54056.270535  3  22.714  0.610  0.200  0.598   2.792e+00   1.627e+00   5.714e-01   1.710e+00  11  sdss  6568  82S  6 
   32  54056.272193  4  22.011  0.890  0.239  1.034   4.402e+00   5.696e+00   1.522e+00   6.578e+00  11  sdss  6568  82S  6 
    8  54056.271364  0  23.294  1.310  1.645  1.800   1.712e+00   2.114e+00   2.967e+00   3.246e+00  6  sdss  6568  82S  6 
  160  54059.267059  1  23.265  0.421  0.485  0.698   1.702e+00   6.801e-01   8.144e-01   1.172e+00  11  sdss  6580  82S  6 
   34  54059.263742  2  23.112  0.685  0.524  1.174   1.966e+00   1.253e+00   1.045e+00   2.340e+00  11  sdss  6580  82S  6 
   34  54059.264571  3  23.211  1.102  1.185  1.871   1.634e+00   1.997e+00   2.287e+00   3.609e+00  11  sdss  6580  82S  6 
   32  54059.266230  4  22.510  0.990  1.028  1.598   1.596e+00   5.643e+00   5.238e+00   8.145e+00  11  sdss  6580  82S  6 
   10  54059.265400  0  26.609  1.201  2.420  2.495  -3.060e+00   2.761e+00   6.988e+00   7.203e+00  6  sdss  6580  82S  6 
   32  54062.271686  1  23.075  0.318  0.268  0.387   2.049e+00   6.153e-01   5.306e-01   7.674e-01  11  sdss  6596  82S  6 
   32  54062.268369  2  22.906  0.438  0.151  0.452   2.411e+00   9.991e-01   3.596e-01   1.074e+00  11  sdss  6596  82S  6 
   32  54062.269199  3  22.628  0.573  0.237  0.521   3.043e+00   1.651e+00   7.271e-01   1.603e+00  11  sdss  6596  82S  6 
   32  54062.270857  4  22.794  0.987  0.802  1.170   1.885e-01   5.507e+00   3.914e+00   5.709e+00  11  sdss  6596  82S  6 
    0  54062.270028  0  25.396  1.515  0.345  2.293  -7.628e-01   2.096e+00   4.076e-01   2.711e+00  6  sdss  6596  82S  6 
   33  54068.251833  1  23.627  1.585  0.646  0.880   1.181e+00   1.680e+00   8.009e-01   1.090e+00  11  sdss  6618  82S  6 
   35  54068.248519  2  23.420  1.512  0.394  1.309   1.427e+00   2.074e+00   6.094e-01   2.027e+00  11  sdss  6618  82S  6 
  160  54068.249348  3  23.120  1.183  0.523  1.070   1.813e+00   2.238e+00   1.079e+00   2.208e+00  11  sdss  6618  82S  6 
    0  54068.251007  4  20.961  0.449  0.180  0.518   1.436e+01   6.093e+00   2.562e+00   7.350e+00  11  sdss  6618  82S  6 
    1  54068.250177  0  22.469  1.430  0.732  0.919   3.906e+00   3.738e+00   2.637e+00   3.312e+00  6  sdss  6618  82S  6 
