# SDSS CID:  18286 IAU:          RA:  41.952488 DEC:  -0.489786  (J2000)
# GALAXY_SB [ugriz] = [ 24.76 24.60 24.03 23.80 22.60 ] +/- [  0.34  0.10  0.08  0.07  0.08 ] (asinh mag/square arcsec)
# GALAXY_SB_FLUX [ugriz] = [ -1.195E-01  3.126E-01  6.681E-01  6.954E-01  1.112E+00 ] +/- [  3.354E-01  6.877E-02  7.785E-02  9.109E-02  4.092E-01 ] (microJy per square arcsec)
#FLAG  MJD       FILT  MAG     MERR  MSKYERR MGALERR  FLUX       FLUXERR    SKYERR     GALERR    NPRE TELE   RUN  STRIP  IDCCD
    1  54346.434738  1  22.830  0.485  0.208  0.179   2.591e+00   1.119e+00   5.079e-01   4.384e-01  18  sdss  6921  82N  2 
    1  54346.431420  2  22.279  0.292  0.092  0.106   4.388e+00   1.169e+00   3.759e-01   4.343e-01  22  sdss  6921  82N  2 
    0  54346.432250  3  22.115  0.282  0.110  0.096   5.013e+00   1.312e+00   5.211e-01   4.582e-01  23  sdss  6921  82N  2 
    0  54346.433908  4  21.703  0.460  0.121  0.279   6.563e+00   3.456e+00   9.285e-01   2.136e+00  23  sdss  6921  82N  2 
    1  54346.433079  0  23.705  1.767  0.252  1.819   1.057e+00   2.745e+00   3.409e-01   2.462e+00  11  sdss  6921  82N  2 
    1  54348.438696  1  22.540  0.234  0.031  0.140   3.406e+00   7.307e-01   9.785e-02   4.438e-01  18  sdss  6934  82N  2 
    0  54348.435379  2  22.095  0.178  0.093  0.070   5.213e+00   8.520e-01   4.478e-01   3.374e-01  22  sdss  6934  82N  2 
    0  54348.436208  3  22.403  0.324  0.135  0.110   3.801e+00   1.166e+00   4.982e-01   4.055e-01  23  sdss  6934  82N  2 
   32  54348.437867  4  22.252  0.632  0.478  0.344   2.967e+00   3.598e+00   2.658e+00   1.916e+00  23  sdss  6934  82N  2 
   12  54348.437037  0  23.478  1.300  0.792  1.411   1.394e+00   1.943e+00   1.251e+00   2.228e+00  11  sdss  6934  82N  2 
    0  54358.395637  1  22.705  0.194  0.044  0.153   2.917e+00   5.262e-01   1.210e-01   4.193e-01  18  sdss  6958  82N  2 
    0  54358.392320  2  22.407  0.259  0.098  0.185   3.889e+00   9.268e-01   3.590e-01   6.766e-01  22  sdss  6958  82N  2 
    0  54358.393149  3  22.159  0.290  0.149  0.135   4.807e+00   1.301e+00   6.800e-01   6.196e-01  23  sdss  6958  82N  2 
    0  54358.394808  4  21.614  0.502  0.142  0.241   7.274e+00   3.984e+00   1.160e+00   1.967e+00  23  sdss  6958  82N  2 
   12  54358.393978  0  23.241  1.034  0.721  1.503   1.812e+00   1.746e+00   1.362e+00   2.840e+00  11  sdss  6958  82N  2 
    0  54365.428825  1  24.059  0.529  0.208  0.372   7.269e-01   4.601e-01   1.848e-01   3.301e-01  18  sdss  6982  82N  2 
    0  54365.425507  2  22.524  0.209  0.029  0.072   3.482e+00   6.786e-01   9.657e-02   2.360e-01  22  sdss  6982  82N  2 
    0  54365.426337  3  22.590  0.340  0.100  0.091   3.163e+00   1.039e+00   3.151e-01   2.849e-01  23  sdss  6982  82N  2 
   32  54365.427995  4  22.556  0.621  0.099  0.288   1.364e+00   3.268e+00   4.955e-01   1.446e+00  23  sdss  6982  82N  2 
    0  54365.427166  0  24.009  1.156  0.254  1.584   6.755e-01   1.440e+00   2.900e-01   1.808e+00  11  sdss  6982  82N  2 
    0  54381.449367  1  25.551  0.699  0.376  0.482  -2.619e-01   4.646e-01   2.389e-01   3.063e-01  18  sdss  7034  82N  2 
    0  54381.446050  2  23.661  0.578  0.259  0.230   1.090e+00   7.163e-01   3.313e-01   2.936e-01  22  sdss  7034  82N  2 
    0  54381.446879  3  22.890  0.444  0.157  0.121   2.329e+00   1.050e+00   3.843e-01   2.947e-01  23  sdss  7034  82N  2 
    0  54381.448538  4  21.785  0.474  0.275  0.209   5.938e+00   3.375e+00   1.989e+00   1.516e+00  23  sdss  7034  82N  2 
    0  54381.447709  0  23.160  0.850  0.056  0.945   1.972e+00   1.550e+00   1.131e-01   1.903e+00  11  sdss  7034  82N  2 
   42  54384.455902  1  23.333  0.612  1.264  0.958   1.592e+00   8.929e-01   1.987e+00   1.506e+00  18  sdss  7047  82N  2 
   32  54384.452585  2  24.113  0.916  0.181  0.600   5.882e-01   9.150e-01   1.743e-01   5.781e-01  22  sdss  7047  82N  2 
   32  54384.453414  3  23.938  0.923  0.594  0.493   5.147e-01   1.279e+00   7.571e-01   6.286e-01  23  sdss  7047  82N  2 
  128  54384.455072  4  23.860  0.711  0.623  0.534  -5.792e+00   4.945e+00   4.447e+00   3.818e+00  23  sdss  7047  82N  2 
    4  54384.454243  0  23.380  1.334  0.186  2.076   1.557e+00   2.079e+00   3.164e-01   3.524e+00  11  sdss  7047  82N  2 
   32  54386.441627  1  24.492  0.697  0.144  0.544   3.894e-01   4.911e-01   9.884e-02   3.746e-01  18  sdss  7054  82N  2 
    0  54386.438309  2  23.948  0.694  0.199  0.296   7.545e-01   7.286e-01   2.100e-01   3.130e-01  22  sdss  7054  82N  2 
    0  54386.439139  3  23.453  0.651  0.165  0.200   1.206e+00   1.043e+00   2.669e-01   3.238e-01  23  sdss  7054  82N  2 
    0  54386.440797  4  23.392  0.574  0.105  0.319  -2.849e+00   3.227e+00   5.810e-01   1.759e+00  23  sdss  7054  82N  2 
    0  54386.439968  0  24.629  1.297  0.103  2.136   3.559e-02   1.578e+00   9.959e-02   2.070e+00  11  sdss  7054  82N  2 
   40  54388.446186  1  24.589  0.700  0.423  0.446   3.243e-01   4.777e-01   2.791e-01   2.941e-01  18  sdss  7060  82N  2 
    0  54388.442869  2  23.402  0.496  0.159  0.167   1.455e+00   7.426e-01   2.471e-01   2.592e-01  22  sdss  7060  82N  2 
    0  54388.443698  3  23.048  0.502  0.167  0.116   1.965e+00   1.048e+00   3.600e-01   2.508e-01  23  sdss  7060  82N  2 
    0  54388.445357  4  22.999  0.661  0.097  0.282  -8.159e-01   3.456e+00   4.787e-01   1.389e+00  23  sdss  7060  82N  2 
  128  54388.444528  0  23.502  1.102  0.064  1.120   1.356e+00   1.616e+00   1.001e-01   1.739e+00  11  sdss  7060  82N  2 
    0  54392.443837  1  25.834  0.697  0.166  0.523  -4.525e-01   5.077e-01   1.192e-01   3.764e-01  18  sdss  7077  82N  2 
  128  54392.440520  2  23.362  0.576  0.320  0.257   1.519e+00   8.775e-01   5.136e-01   4.120e-01  22  sdss  7077  82N  2 
    0  54392.441349  3  22.315  0.327  0.154  0.130   4.139e+00   1.268e+00   6.118e-01   5.171e-01  23  sdss  7077  82N  2 
  128  54392.443008  4  21.809  0.660  0.430  0.396   5.770e+00   4.594e+00   3.064e+00   2.825e+00  23  sdss  7077  82N  2 
    8  54392.442179  0  22.407  0.544  0.547  0.767   4.143e+00   1.943e+00   2.098e+00   2.938e+00  11  sdss  7077  82N  2 
    8  54393.449676  1  25.653  0.773  0.505  0.469  -3.278e-01   5.333e-01   3.338e-01   3.097e-01  18  sdss  7081  82N  2 
   28  54393.446358  2  24.908  1.166  2.575  0.312  -8.453e-02   1.124e+00   2.067e+00   2.502e-01  22  sdss  7081  82N  2 
  152  54393.447188  3  23.557  0.865  1.458  0.159   1.044e+00   1.329e+00   2.222e+00   2.422e-01  23  sdss  7081  82N  2 
    0  54393.448846  4  21.907  0.681  0.102  0.200   5.085e+00   4.499e+00   6.837e-01   1.339e+00  23  sdss  7081  82N  2 
  132  54393.448017  0  23.125  0.977  0.066  0.871   2.046e+00   1.786e+00   1.361e-01   1.805e+00  11  sdss  7081  82N  2 
  131  54396.313421  1  28.100  0.683  0.480  0.428  -4.960e+00   2.780e+00   2.200e+00   1.959e+00  18  sdss  7095  82N  2 
    3  54396.310104  2  22.824  1.137  0.619  0.626   2.611e+00   2.298e+00   1.560e+00   1.577e+00  22  sdss  7095  82N  2 
  130  54396.310934  3  25.403  1.479  2.075  1.300  -1.430e+00   2.659e+00   3.671e+00   2.300e+00  23  sdss  7095  82N  2 
  162  54396.312592  4  22.680  1.231  1.237  1.821   7.496e-01   7.403e+00   6.090e+00   8.967e+00  23  sdss  7095  82N  2 
    5  54396.311763  0  21.120  2.628  0.425  1.034   1.376e+01   1.441e+01   5.252e+00   1.277e+01  11  sdss  7095  82N  2 
 1049  54403.360058  1  23.697  1.469  8.932  0.331   1.097e+00   1.497e+00   1.040e+01   3.856e-01  18  sdss  7106  82N  2 
 1053  54403.356740  2  25.811  1.835 15.518  0.318  -9.274e-01   2.428e+00   1.809e+01   3.703e-01  22  sdss  7106  82N  2 
 1177  54403.357570  3  22.239  0.535  3.935  0.086   4.453e+00   2.132e+00   1.676e+01   3.648e-01  23  sdss  7106  82N  2 
   25  54403.359228  4  21.682  0.953  2.028  0.241   6.720e+00   7.021e+00   1.577e+01   1.874e+00  23  sdss  7106  82N  2 
    5  54403.358399  0  23.153  2.268  1.037  1.208   1.988e+00   4.585e+00   2.100e+00   2.446e+00  11  sdss  7106  82N  2 
    1  54406.353792  1  24.183  0.671  0.154  0.313   6.214e-01   5.406e-01   1.259e-01   2.565e-01  18  sdss  7121  82N  2 
    0  54406.350475  2  23.867  0.664  0.172  0.209   8.428e-01   7.255e-01   1.913e-01   2.324e-01  22  sdss  7121  82N  2 
    0  54406.351305  3  23.509  0.659  0.172  0.168   1.117e+00   1.026e+00   2.692e-01   2.639e-01  23  sdss  7121  82N  2 
    0  54406.352963  4  23.284  0.538  0.176  0.248  -2.265e+00   2.913e+00   9.313e-01   1.313e+00  23  sdss  7121  82N  2 
    0  54406.352134  0  23.326  1.050  0.146  0.956   1.652e+00   1.686e+00   2.585e-01   1.690e+00  11  sdss  7121  82N  2 
   32  54409.358601  1  24.958  0.699  0.235  0.391   9.480e-02   4.437e-01   1.399e-01   2.326e-01  18  sdss  7130  82N  2 
   32  54409.355284  2  24.648  0.805  0.298  0.273   1.235e-01   7.083e-01   2.404e-01   2.202e-01  22  sdss  7130  82N  2 
   32  54409.356113  3  24.277  0.809  0.167  0.179   1.007e-01   1.051e+00   1.985e-01   2.126e-01  23  sdss  7130  82N  2 
   32  54409.357772  4  22.338  0.602  0.232  0.219   2.498e+00   3.326e+00   1.245e+00   1.177e+00  23  sdss  7130  82N  2 
    0  54409.356943  0  25.252  1.178  0.050  1.341  -5.964e-01   1.453e+00   5.545e-02   1.483e+00  11  sdss  7130  82N  2 
    0  54412.379716  1  23.600  0.451  0.153  0.369   1.215e+00   5.472e-01   1.927e-01   4.642e-01  18  sdss  7142  82N  2 
    0  54412.376399  2  23.466  0.542  0.260  0.204   1.358e+00   7.689e-01   3.842e-01   3.011e-01  22  sdss  7142  82N  2 
   32  54412.377228  3  23.686  0.744  0.202  0.196   8.536e-01   1.078e+00   2.875e-01   2.778e-01  23  sdss  7142  82N  2 
   32  54412.378886  4  22.424  0.704  0.412  0.346   2.039e+00   3.854e+00   2.148e+00   1.803e+00  23  sdss  7142  82N  2 
    0  54412.378057  0  23.194  0.997  0.104  1.063   1.903e+00   1.739e+00   2.043e-01   2.084e+00  11  sdss  7142  82N  2 
   32  54416.352866  1  24.933  0.713  0.073  0.412   1.098e-01   4.548e-01   4.333e-02   2.462e-01  18  sdss  7155  82N  2 
   32  54416.349549  2  24.335  0.757  0.151  0.268   3.846e-01   6.946e-01   1.321e-01   2.335e-01  22  sdss  7155  82N  2 
   32  54416.350378  3  23.724  0.725  0.249  0.169   8.000e-01   1.034e+00   3.477e-01   2.360e-01  23  sdss  7155  82N  2 
    0  54416.352037  4  22.043  0.537  0.194  0.195   4.199e+00   3.311e+00   1.195e+00   1.205e+00  23  sdss  7155  82N  2 
  136  54416.351207  0  23.725  1.095  0.777  1.166   1.029e+00   1.466e+00   1.038e+00   1.559e+00  11  sdss  7155  82N  2 
    0  54421.358111  1  25.455  0.911  0.673  1.125  -2.015e-01   6.172e-01   4.155e-01   6.943e-01  18  sdss  7170  82N  2 
    0  54421.354794  2  26.244  0.606  0.206  0.356  -1.522e+00   9.206e-01   3.304e-01   5.720e-01  22  sdss  7170  82N  2 
   32  54421.355624  3  24.312  0.979  0.413  0.469   5.915e-02   1.324e+00   4.896e-01   5.560e-01  23  sdss  7170  82N  2 
    0  54421.357282  4  23.129  0.922  0.584  0.570  -1.463e+00   5.153e+00   2.948e+00   2.881e+00  23  sdss  7170  82N  2 
    4  54421.356453  0  24.810  1.477  0.564  3.314  -1.403e-01   1.918e+00   5.511e-01   3.237e+00  11  sdss  7170  82N  2 
   40  54423.335029  1  24.095  0.703  0.607  0.536   6.960e-01   5.934e-01   5.263e-01   4.649e-01  18  sdss  7177  82N  2 
   32  54423.331712  2  24.596  0.959  0.427  0.529   1.659e-01   8.779e-01   3.470e-01   4.306e-01  22  sdss  7177  82N  2 
   32  54423.332542  3  23.395  0.735  0.313  0.281   1.302e+00   1.211e+00   5.271e-01   4.738e-01  23  sdss  7177  82N  2 
   32  54423.334200  4  22.718  0.710  0.448  0.434   5.588e-01   3.726e+00   2.195e+00   2.126e+00  23  sdss  7177  82N  2 
    8  54423.333371  0  22.377  0.492  0.409  0.782   4.264e+00   1.825e+00   1.609e+00   3.079e+00  11  sdss  7177  82N  2 
 1053  54432.347678  3  17.659  0.367  2.585  0.004   3.087e+02   1.004e+02   7.332e+02   1.026e+00  23  sdss  7199  82N  2 
   33  54433.357514  1  24.230  1.775  1.640  0.804   5.833e-01   1.667e+00   1.303e+00   6.389e-01  18  sdss  7202  82N  2 
    9  54433.354197  2  23.550  1.355  2.196  0.449   1.237e+00   1.735e+00   3.042e+00   6.222e-01  22  sdss  7202  82N  2 
    0  54433.355026  3  24.437  1.316  2.049  0.600  -8.932e-02   1.971e+00   2.432e+00   7.126e-01  23  sdss  7202  82N  2 
  128  54433.356684  4  23.729  0.927  0.635  0.447  -4.883e+00   6.075e+00   4.172e+00   2.938e+00  23  sdss  7202  82N  2 
  143  54433.355855  0  23.037  2.708  2.716  2.910   2.241e+00   6.682e+00   6.049e+00   6.481e+00  11  sdss  7202  82N  2 
