# SDSS CID:  13509 IAU:          RA:  37.759010 DEC:  -0.644236  (J2000)
# GALAXY_SB [ugriz] = [ 24.32 24.41 24.03 23.73 22.58 ] +/- [  0.32  0.10  0.09  0.07  0.10 ] (asinh mag/square arcsec)
# GALAXY_SB_FLUX [ugriz] = [  3.101E-01  4.448E-01  6.667E-01  7.941E-01  1.239E+00 ] +/- [  3.244E-01  7.215E-02  9.020E-02  1.043E-01  4.875E-01 ] (microJy per square arcsec)
#FLAG  MJD       FILT  MAG     MERR  MSKYERR MGALERR  FLUX       FLUXERR    SKYERR     GALERR    NPRE TELE   RUN  STRIP  IDCCD
    0  53975.406530  1  23.559  0.420  0.101  0.408   1.267e+00   5.276e-01   1.314e-01   5.301e-01  11  sdss  6287  82S  2 
   32  53975.403213  2  23.902  0.863  0.234  0.832   8.041e-01   9.266e-01   2.535e-01   9.013e-01  12  sdss  6287  82S  2 
    0  53975.404042  3  25.155  0.813  0.608  0.518  -1.025e+00   1.235e+00   9.164e-01   7.798e-01  12  sdss  6287  82S  2 
    0  53975.405701  4  23.367  0.690  0.506  0.504  -2.713e+00   3.893e+00   2.759e+00   2.747e+00  11  sdss  6287  82S  2 
    0  53975.404872  0  26.246  0.898  0.071  1.324  -2.131e+00   1.718e+00   1.528e-01   2.850e+00  9  sdss  6287  82S  2 
    0  53994.430901  1  22.359  0.153  0.063  0.102   4.031e+00   5.669e-01   2.359e-01   3.794e-01  11  sdss  6355  82S  2 
    0  53994.427584  2  22.103  0.172  0.069  0.104   5.175e+00   8.146e-01   3.300e-01   4.944e-01  12  sdss  6355  82S  2 
    0  53994.428413  3  21.844  0.190  0.075  0.078   6.471e+00   1.126e+00   4.493e-01   4.679e-01  12  sdss  6355  82S  2 
    0  53994.430072  4  21.406  0.383  0.197  0.230   9.146e+00   3.564e+00   1.879e+00   2.191e+00  11  sdss  6355  82S  2 
   32  53994.429243  0  22.525  0.539  0.075  0.638   3.705e+00   1.752e+00   2.607e-01   2.220e+00  9  sdss  6355  82S  2 
    0  53996.414824  1  22.636  0.203  0.157  0.244   3.113e+00   5.836e-01   4.571e-01   7.090e-01  11  sdss  6367  82S  2 
    0  53996.411507  2  22.465  0.239  0.058  0.177   3.683e+00   8.109e-01   1.986e-01   6.103e-01  12  sdss  6367  82S  2 
   32  53996.412336  3  22.331  0.313  0.092  0.178   4.076e+00   1.187e+00   3.575e-01   6.923e-01  12  sdss  6367  82S  2 
    0  53996.413995  4  23.647  0.611  0.362  0.494  -4.352e+00   3.811e+00   2.261e+00   3.080e+00  11  sdss  6367  82S  2 
    0  53996.413166  0  25.865  1.098  0.169  1.841  -1.414e+00   1.642e+00   2.705e-01   2.948e+00  9  sdss  6367  82S  2 
    0  54005.428154  1  25.415  0.721  0.084  0.482  -1.771e-01   4.680e-01   5.111e-02   2.942e-01  11  sdss  6404  82S  2 
   32  54005.424836  2  24.085  0.712  0.263  0.297   6.157e-01   7.036e-01   2.567e-01   2.899e-01  12  sdss  6404  82S  2 
   32  54005.425666  3  23.250  0.589  0.145  0.179   1.560e+00   1.057e+00   2.682e-01   3.303e-01  12  sdss  6404  82S  2 
   32  54005.427324  4  22.568  0.649  0.340  0.357   1.302e+00   3.424e+00   1.706e+00   1.792e+00  11  sdss  6404  82S  2 
    0  54005.426495  0  24.695  1.279  0.096  1.640  -2.803e-02   1.546e+00   9.279e-02   1.589e+00  9  sdss  6404  82S  2 
   32  54008.374890  1  23.976  0.582  0.042  0.539   8.032e-01   5.307e-01   3.978e-02   5.068e-01  11  sdss  6417  82S  2 
   32  54008.371573  2  23.368  0.558  0.170  0.385   1.510e+00   8.452e-01   2.704e-01   6.106e-01  12  sdss  6417  82S  2 
   32  54008.372402  3  23.421  0.761  0.567  0.406   1.260e+00   1.232e+00   9.335e-01   6.688e-01  12  sdss  6417  82S  2 
   32  54008.374061  4  22.566  0.776  0.317  0.573   1.313e+00   4.187e+00   1.589e+00   2.874e+00  11  sdss  6417  82S  2 
    0  54008.373231  0  24.918  1.437  0.328  3.139  -2.469e-01   1.848e+00   3.262e-01   3.121e+00  9  sdss  6417  82S  2 
   32  54009.442135  1  24.769  0.726  0.448  0.566   2.092e-01   4.756e-01   2.772e-01   3.504e-01  11  sdss  6422  82S  2 
    0  54009.438818  2  25.371  0.740  0.267  0.336  -4.756e-01   6.957e-01   2.424e-01   3.054e-01  12  sdss  6422  82S  2 
   32  54009.439647  3  23.734  0.734  0.181  0.237   7.862e-01   1.042e+00   2.507e-01   3.271e-01  12  sdss  6422  82S  2 
    0  54009.441306  4  22.276  0.611  0.366  0.350   2.835e+00   3.441e+00   2.011e+00   1.924e+00  11  sdss  6422  82S  2 
   32  54009.440477  0  23.609  1.113  0.040  1.212   1.193e+00   1.562e+00   5.861e-02   1.754e+00  9  sdss  6422  82S  2 
   32  54010.369371  1  25.041  0.684  0.304  0.357   4.541e-02   4.307e-01   1.793e-01   2.109e-01  11  sdss  6425  82S  2 
   32  54010.366054  2  24.286  0.701  0.248  0.249   4.284e-01   6.466e-01   2.203e-01   2.211e-01  12  sdss  6425  82S  2 
   32  54010.366883  3  23.774  0.700  0.177  0.165   7.306e-01   9.769e-01   2.407e-01   2.243e-01  12  sdss  6425  82S  2 
   32  54010.368542  4  22.719  0.552  0.149  0.246   5.579e-01   2.822e+00   7.292e-01   1.206e+00  11  sdss  6425  82S  2 
   32  54010.367712  0  23.662  1.008  0.112  0.858   1.116e+00   1.377e+00   1.561e-01   1.199e+00  9  sdss  6425  82S  2 
   33  54012.362592  1  24.154  1.227  0.796  0.380   6.452e-01   1.027e+00   6.634e-01   3.164e-01  11  sdss  6433  82S  2 
   33  54012.359274  2  24.551  1.093  0.730  0.376   2.026e-01   1.040e+00   5.989e-01   3.084e-01  12  sdss  6433  82S  2 
    1  54012.360104  3  24.500  0.930  0.396  0.268  -1.641e-01   1.246e+00   4.728e-01   3.193e-01  12  sdss  6433  82S  2 
   32  54012.361762  4  22.554  0.762  0.471  0.357   1.374e+00   4.106e+00   2.369e+00   1.793e+00  11  sdss  6433  82S  2 
    9  54012.360933  0  27.003  0.683  0.265  0.385  -4.469e+00   2.540e+00   1.098e+00   1.597e+00  9  sdss  6433  82S  2 
 1177  54020.368504  1  26.365  1.539 19.337  0.600  -9.069e-01   1.476e+00   1.964e+01   6.096e-01  11  sdss  6447  82S  2 
   57  54020.365187  2  23.355  0.797  3.564  0.412   1.531e+00   1.174e+00   5.718e+00   6.616e-01  12  sdss  6447  82S  2 
 1081  54020.366016  3  22.983  0.851  5.777  0.291   2.108e+00   1.759e+00   1.300e+01   6.556e-01  12  sdss  6447  82S  2 
   24  54020.367675  4  23.308  0.958  3.079  0.637  -2.391e+00   5.552e+00   1.640e+01   3.394e+00  11  sdss  6447  82S  2 
   13  54020.366845  0  26.466  1.740  0.770  1.262  -2.662e+00   3.472e+00   1.993e+00   3.267e+00  9  sdss  6447  82S  2 
   32  54024.450254  1  24.806  0.970  0.212  0.892   1.862e-01   6.635e-01   1.300e-01   5.468e-01  11  sdss  6458  82S  2 
   32  54024.446937  2  23.517  0.683  0.429  0.402   1.284e+00   9.152e-01   6.068e-01   5.686e-01  12  sdss  6458  82S  2 
    0  54024.447767  3  24.750  0.877  0.578  0.428  -4.690e-01   1.196e+00   7.268e-01   5.385e-01  12  sdss  6458  82S  2 
    0  54024.449425  4  22.023  0.669  0.089  0.447   4.326e+00   4.168e+00   5.521e-01   2.784e+00  11  sdss  6458  82S  2 
    8  54024.448596  0  26.446  0.972  0.751  1.091  -2.610e+00   2.115e+00   1.910e+00   2.777e+00  9  sdss  6458  82S  2 
    0  54028.438456  1  26.712  0.509  0.062  0.577  -1.314e+00   6.494e-01   8.222e-02   7.710e-01  11  sdss  6471  82S  2 
   32  54028.435139  2  24.253  1.054  0.654  0.762   4.573e-01   1.038e+00   5.891e-01   6.861e-01  12  sdss  6471  82S  2 
    0  54028.435968  3  25.867  0.600  0.312  0.267  -2.409e+00   1.408e+00   7.771e-01   6.630e-01  12  sdss  6471  82S  2 
    0  54028.437627  4  23.169  0.910  0.207  0.579  -1.667e+00   5.095e+00   1.058e+00   2.951e+00  11  sdss  6471  82S  2 
 1162  54028.436798  0  26.033  1.609  3.025  2.874  -1.705e+00   2.662e+00   5.496e+00   5.222e+00  9  sdss  6471  82S  2 
    0  54030.393918  1  25.174  0.741  0.205  0.480  -3.304e-02   4.717e-01   1.207e-01   2.829e-01  11  sdss  6480  82S  2 
    0  54030.390601  2  25.696  0.697  0.113  0.241  -7.974e-01   7.445e-01   1.221e-01   2.601e-01  12  sdss  6480  82S  2 
    0  54030.391430  3  25.634  0.552  0.158  0.138  -1.874e+00   1.101e+00   3.275e-01   2.863e-01  12  sdss  6480  82S  2 
    0  54030.393089  4  22.942  0.747  0.405  0.357  -5.335e-01   3.953e+00   1.986e+00   1.748e+00  11  sdss  6480  82S  2 
    0  54030.392259  0  25.775  1.125  0.149  1.202  -1.272e+00   1.617e+00   2.241e-01   1.804e+00  9  sdss  6480  82S  2 
    0  54035.438282  1  25.515  0.992  0.290  1.327  -2.390e-01   6.905e-01   1.819e-01   8.331e-01  11  sdss  6501  82S  2 
    0  54035.434965  2  25.080  1.098  0.784  0.816  -2.242e-01   1.048e+00   6.470e-01   6.727e-01  12  sdss  6501  82S  2 
   32  54035.435794  3  23.610  0.949  0.865  0.533   9.628e-01   1.437e+00   1.272e+00   7.845e-01  12  sdss  6501  82S  2 
    0  54035.437453  4  21.675  0.677  0.264  0.477   6.779e+00   5.065e+00   2.059e+00   3.716e+00  11  sdss  6501  82S  2 
   34  54035.436624  0  24.221  1.778  0.417  4.433   4.428e-01   2.632e+00   4.373e-01   4.645e+00  9  sdss  6501  82S  2 
    0  54037.343417  1  25.511  0.702  0.210  0.480  -2.364e-01   4.624e-01   1.317e-01   3.008e-01  11  sdss  6508  82S  2 
   32  54037.340100  2  24.633  0.783  0.230  0.349   1.358e-01   6.858e-01   1.856e-01   2.823e-01  12  sdss  6508  82S  2 
   32  54037.340929  3  23.813  0.725  0.189  0.232   6.787e-01   1.003e+00   2.517e-01   3.091e-01  12  sdss  6508  82S  2 
    0  54037.342588  4  22.863  0.587  0.128  0.339  -1.460e-01   3.002e+00   6.247e-01   1.653e+00  11  sdss  6508  82S  2 
   40  54037.341758  0  23.792  1.055  0.350  1.092   9.411e-01   1.377e+00   4.504e-01   1.406e+00  9  sdss  6508  82S  2 
    1  54040.358161  1  25.566  1.087  0.891  0.562  -2.715e-01   7.801e-01   5.690e-01   3.590e-01  11  sdss  6518  82S  2 
    1  54040.354844  2  25.650  0.952  0.244  0.386  -7.489e-01   1.007e+00   2.558e-01   4.055e-01  12  sdss  6518  82S  2 
    0  54040.355673  3  24.756  0.934  0.314  0.312  -4.766e-01   1.290e+00   3.961e-01   3.927e-01  12  sdss  6518  82S  2 
    0  54040.357332  4  23.106  0.765  0.296  0.378  -1.345e+00   4.124e+00   1.486e+00   1.901e+00  11  sdss  6518  82S  2 
    9  54040.356502  0  26.410  0.878  0.534  0.756  -2.518e+00   1.901e+00   1.318e+00   1.866e+00  9  sdss  6518  82S  2 
   35  54047.388333  1  22.898  1.998  0.988  0.690   2.430e+00   3.016e+00   2.266e+00   1.585e+00  11  sdss  6530  82S  2 
    3  54047.385016  2  26.596  1.720  0.890  0.755  -2.181e+00   2.831e+00   1.903e+00   1.613e+00  12  sdss  6530  82S  2 
    3  54047.385845  3  26.616  0.721  1.077  0.503  -5.044e+00   3.029e+00   5.093e+00   2.376e+00  12  sdss  6530  82S  2 
  130  54047.387504  4  24.978  0.520  0.496  0.590  -1.874e+01   8.529e+00   8.648e+00   1.030e+01  11  sdss  6530  82S  2 
  171  54047.386674  0  21.904  2.850  1.218  1.545   6.651e+00   9.678e+00   7.397e+00   9.383e+00  9  sdss  6530  82S  2 
   33  54049.384293  1  24.910  1.460  0.528  0.885   1.234e-01   1.148e+00   3.162e-01   5.308e-01  11  sdss  6537  82S  2 
   33  54049.380976  2  24.492  1.161  0.487  0.599   2.511e-01   1.132e+00   4.044e-01   4.976e-01  12  sdss  6537  82S  2 
   32  54049.381806  3  23.055  0.718  0.293  0.276   1.950e+00   1.439e+00   6.235e-01   5.870e-01  12  sdss  6537  82S  2 
    0  54049.383464  4  22.877  0.908  0.641  0.625  -2.164e-01   4.969e+00   3.126e+00   3.050e+00  11  sdss  6537  82S  2 
   33  54049.382635  0  23.262  2.002  0.284  1.535   1.771e+00   3.637e+00   5.301e-01   2.867e+00  9  sdss  6537  82S  2 
    0  54053.364071  1  25.327  1.016  0.946  1.143  -1.241e-01   6.955e-01   5.668e-01   6.853e-01  11  sdss  6556  82S  2 
   32  54053.360754  2  24.200  1.017  0.445  0.525   5.063e-01   1.006e+00   4.106e-01   4.845e-01  12  sdss  6556  82S  2 
    0  54053.361583  3  25.301  0.784  0.185  0.288  -1.255e+00   1.267e+00   3.044e-01   4.739e-01  12  sdss  6556  82S  2 
   32  54053.363242  4  22.529  0.909  0.906  0.626   1.499e+00   5.068e+00   4.583e+00   3.168e+00  11  sdss  6556  82S  2 
  136  54053.362413  0  26.000  1.248  1.365  1.638  -1.645e+00   1.991e+00   2.418e+00   2.901e+00  9  sdss  6556  82S  2 
    0  54056.350077  1  26.563  0.480  0.370  0.403  -1.125e+00   5.476e-01   4.376e-01   4.769e-01  11  sdss  6568  82S  2 
    0  54056.346760  2  24.965  1.006  0.763  0.743  -1.308e-01   9.286e-01   6.162e-01   6.001e-01  12  sdss  6568  82S  2 
   32  54056.347589  3  23.580  0.867  0.112  0.415   1.008e+00   1.316e+00   1.672e-01   6.211e-01  12  sdss  6568  82S  2 
    0  54056.349248  4  22.018  0.754  0.433  0.462   4.358e+00   4.723e+00   2.705e+00   2.886e+00  11  sdss  6568  82S  2 
  128  54056.348418  0  26.258  1.112  0.200  1.461  -2.157e+00   2.070e+00   4.347e-01   3.175e+00  9  sdss  6568  82S  2 
    0  54059.344223  1  25.651  0.790  0.362  0.774  -3.265e-01   5.459e-01   2.388e-01   5.109e-01  11  sdss  6580  82S  2 
  128  54059.340906  2  26.844  0.360  0.197  0.249  -2.778e+00   9.245e-01   5.226e-01   6.603e-01  12  sdss  6580  82S  2 
   32  54059.341735  3  24.336  0.972  0.366  0.532   3.104e-02   1.311e+00   4.332e-01   6.306e-01  12  sdss  6580  82S  2 
    0  54059.343394  4  23.481  0.883  0.568  0.688  -3.350e+00   5.274e+00   3.251e+00   3.937e+00  11  sdss  6580  82S  2 
   32  54059.342565  0  23.852  1.469  0.177  2.554   8.636e-01   2.038e+00   2.197e-01   3.175e+00  9  sdss  6580  82S  2 
   10  54061.355565  1  25.646  1.043  1.831  1.720  -3.232e-01   7.517e-01   1.205e+00   1.133e+00  11  sdss  6592  82S  2 
    2  54061.352248  2  25.120  1.320  0.450  1.958  -2.577e-01   1.351e+00   3.744e-01   1.630e+00  12  sdss  6592  82S  2 
  160  54061.353077  3  22.616  0.599  0.447  0.492   3.081e+00   1.695e+00   1.358e+00   1.492e+00  12  sdss  6592  82S  2 
   32  54061.354735  4  22.498  1.145  0.926  1.460   1.662e+00   6.797e+00   4.723e+00   7.443e+00  11  sdss  6592  82S  2 
   42  54061.353906  0  24.355  1.980  5.662  7.026   3.055e-01   3.185e+00   5.703e+00   7.077e+00  9  sdss  6592  82S  2 
   32  54062.348962  1  24.783  0.809  0.125  0.688   2.005e-01   5.366e-01   7.725e-02   4.245e-01  11  sdss  6596  82S  2 
    0  54062.345645  2  26.046  0.619  0.228  0.250  -1.225e+00   8.127e-01   3.131e-01   3.429e-01  12  sdss  6596  82S  2 
    0  54062.346474  3  25.029  0.815  0.270  0.219  -8.405e-01   1.182e+00   3.796e-01   3.078e-01  12  sdss  6596  82S  2 
    0  54062.348133  4  23.179  0.797  0.269  0.332  -1.720e+00   4.373e+00   1.375e+00   1.700e+00  11  sdss  6596  82S  2 
   32  54062.347304  0  23.499  1.236  0.266  1.251   1.361e+00   1.829e+00   4.166e-01   1.956e+00  9  sdss  6596  82S  2 
    0  54064.345382  1  26.014  0.696  0.194  0.534  -5.895e-01   5.491e-01   1.544e-01   4.256e-01  11  sdss  6604  82S  2 
    0  54064.342065  2  25.409  0.864  0.452  0.446  -5.108e-01   8.352e-01   4.182e-01   4.118e-01  12  sdss  6604  82S  2 
    0  54064.342894  3  24.379  0.888  0.252  0.355  -2.066e-02   1.174e+00   2.985e-01   4.204e-01  12  sdss  6604  82S  2 
    0  54064.344553  4  23.042  0.757  0.413  0.411  -1.026e+00   4.045e+00   2.048e+00   2.040e+00  11  sdss  6604  82S  2 
   44  54064.343723  0  23.539  1.326  0.638  1.472   1.298e+00   1.948e+00   9.696e-01   2.237e+00  9  sdss  6604  82S  2 
  130  54068.329309  1  25.368  1.212  1.925  1.802  -1.484e-01   8.800e-01   1.163e+00   1.089e+00  11  sdss  6618  82S  2 
  130  54068.325992  2  26.933  0.728  1.025  0.824  -3.026e+00   1.856e+00   2.934e+00   2.359e+00  12  sdss  6618  82S  2 
    2  54068.326821  3  25.221  1.459  2.705  1.834  -1.127e+00   2.492e+00   4.228e+00   2.869e+00  12  sdss  6618  82S  2 
  128  54068.328480  4  21.404  0.721  0.692  0.701   9.165e+00   6.406e+00   6.601e+00   6.689e+00  11  sdss  6618  82S  2 
    2  54068.327650  0  25.093  2.150  0.674  9.224  -4.253e-01   3.758e+00   7.025e-01   9.612e+00  9  sdss  6618  82S  2 
