# SDSS CID:   9739 IAU: 2006ph   RA: 323.693787 DEC:  -0.878929  (J2000)
# GALAXY_SB [ugriz] = [ 23.37 22.23 21.61 21.09 20.82 ] +/- [  0.25  0.03  0.02  0.01  0.04 ] (asinh mag/square arcsec)
# GALAXY_SB_FLUX [ugriz] = [  1.516E+00  4.513E+00  8.167E+00  1.303E+01  1.643E+01 ] +/- [  4.234E-01  1.146E-01  1.308E-01  1.724E-01  7.075E-01 ] (microJy per square arcsec)
#FLAG  MJD       FILT  MAG     MERR  MSKYERR MGALERR  FLUX       FLUXERR    SKYERR     GALERR    NPRE TELE   RUN  STRIP  IDCCD
   32  53623.204780  1  23.792  0.626  0.205  0.492   9.897e-01   6.397e-01   2.204e-01   5.293e-01  10  sdss  5590  82N  1 
   32  53623.201463  2  22.684  0.307  0.102  0.150   2.988e+00   8.597e-01   2.938e-01   4.304e-01  13  sdss  5590  82N  1 
   32  53623.202292  3  23.541  0.869  0.345  0.415   1.067e+00   1.345e+00   5.311e-01   6.393e-01  13  sdss  5590  82N  1 
   32  53623.203950  4  21.503  0.492  0.266  0.320   8.234e+00   4.284e+00   2.398e+00   2.881e+00  14  sdss  5590  82N  1 
   32  53623.203121  0  22.872  0.722  0.080  0.915   2.644e+00   1.623e+00   1.982e-01   2.265e+00  10  sdss  5590  82N  1 
   33  53626.191032  1  23.122  0.588  0.111  0.268   1.960e+00   1.022e+00   2.086e-01   5.027e-01  10  sdss  5603  82N  1 
   33  53626.187715  2  23.036  0.568  0.146  0.236   2.120e+00   1.124e+00   3.090e-01   4.988e-01  13  sdss  5603  82N  1 
    0  53626.188545  3  24.640  1.059  0.367  0.486  -3.324e-01   1.484e+00   4.486e-01   5.946e-01  13  sdss  5603  82N  1 
   32  53626.190203  4  21.530  0.501  0.086  0.305   7.994e+00   4.276e+00   7.628e-01   2.692e+00  14  sdss  5603  82N  1 
   33  53626.189374  0  23.759  1.548  0.584  1.754   9.838e-01   2.219e+00   7.525e-01   2.258e+00  10  sdss  5603  82N  1 
    1  53628.175512  1  27.284  1.088  0.135  0.445  -2.306e+00   1.891e+00   2.949e-01   9.684e-01  10  sdss  5610  82N  1 
   33  53628.172195  2  22.680  0.790  0.287  0.393   3.000e+00   1.990e+00   8.270e-01   1.130e+00  13  sdss  5610  82N  1 
   33  53628.173025  3  22.694  0.914  0.425  0.489   2.849e+00   2.305e+00   1.224e+00   1.410e+00  13  sdss  5610  82N  1 
   32  53628.174683  4  22.057  0.935  0.291  0.796   4.114e+00   5.890e+00   1.795e+00   4.917e+00  14  sdss  5610  82N  1 
    1  53628.173854  0  27.531  0.799  0.306  0.782  -7.325e+00   4.376e+00   1.957e+00   4.992e+00  10  sdss  5610  82N  1 
   33  53635.183541  1  24.005  0.884  0.293  0.504   7.762e-01   7.753e-01   2.692e-01   4.633e-01  10  sdss  5622  82N  1 
   32  53635.180224  2  23.761  0.863  0.224  0.513   9.652e-01   9.962e-01   2.681e-01   6.134e-01  13  sdss  5622  82N  1 
   32  53635.181053  3  23.450  0.792  0.256  0.361   1.211e+00   1.271e+00   4.161e-01   5.882e-01  13  sdss  5622  82N  1 
   32  53635.182711  4  22.131  0.594  0.126  0.425   3.665e+00   3.549e+00   7.485e-01   2.522e+00  14  sdss  5622  82N  1 
   33  53635.181882  0  23.448  1.232  0.367  1.516   1.443e+00   1.832e+00   5.782e-01   2.389e+00  10  sdss  5622  82N  1 
   32  53637.176789  1  22.615  0.274  0.160  0.405   3.173e+00   7.916e-01   4.713e-01   1.192e+00  10  sdss  5633  82N  1 
   32  53637.173472  2  22.595  0.368  0.210  0.341   3.254e+00   1.106e+00   6.524e-01   1.060e+00  13  sdss  5633  82N  1 
   32  53637.174301  3  22.473  0.517  0.320  0.400   3.549e+00   1.698e+00   1.116e+00   1.393e+00  13  sdss  5633  82N  1 
   32  53637.175960  4  22.531  1.017  0.892  1.056   1.494e+00   5.824e+00   4.519e+00   5.350e+00  14  sdss  5633  82N  1 
    0  53637.175131  0  26.732  0.760  0.266  1.679  -3.450e+00   2.107e+00   8.329e-01   5.248e+00  10  sdss  5633  82N  1 
   32  53644.168591  1  24.326  0.737  0.148  0.629   5.085e-01   5.538e-01   1.105e-01   4.708e-01  10  sdss  5670  82N  1 
   40  53644.165274  2  23.284  0.479  0.192  0.271   1.648e+00   7.901e-01   3.304e-01   4.662e-01  13  sdss  5670  82N  1 
   32  53644.166103  3  22.172  0.281  0.051  0.116   4.746e+00   1.251e+00   2.293e-01   5.245e-01  13  sdss  5670  82N  1 
   32  53644.167762  4  21.295  0.399  0.191  0.243   1.027e+01   4.118e+00   2.031e+00   2.588e+00  14  sdss  5670  82N  1 
    0  53644.166932  0  25.226  1.205  0.378  2.079  -5.668e-01   1.485e+00   4.103e-01   2.256e+00  10  sdss  5670  82N  1 
   33  53654.202606  1  23.770  1.223  0.437  1.018   1.014e+00   1.197e+00   4.780e-01   1.113e+00  10  sdss  5709  82N  1 
   33  53654.199289  2  24.058  1.077  0.343  0.577   6.423e-01   1.121e+00   3.409e-01   5.737e-01  13  sdss  5709  82N  1 
   32  53654.200118  3  22.834  0.692  0.329  0.315   2.469e+00   1.645e+00   8.450e-01   8.095e-01  13  sdss  5709  82N  1 
    0  53654.201777  4  22.983  1.092  0.945  1.082  -7.351e-01   6.294e+00   4.655e+00   5.328e+00  14  sdss  5709  82N  1 
    1  53654.200948  0  25.820  1.607  0.157  2.354  -1.342e+00   2.465e+00   2.364e-01   3.551e+00  10  sdss  5709  82N  1 
    1  53656.150180  1  25.675  2.022  0.995  2.119  -3.423e-01   2.034e+00   6.624e-01   1.411e+00  10  sdss  5719  82N  1 
   33  53656.146863  2  22.769  0.995  0.336  0.577   2.754e+00   2.195e+00   8.942e-01   1.536e+00  13  sdss  5719  82N  1 
   33  53656.147693  3  21.880  0.505  0.314  0.376   6.258e+00   2.791e+00   1.850e+00   2.214e+00  13  sdss  5719  82N  1 
   32  53656.149351  4  20.828  0.465  0.271  0.424   1.637e+01   7.006e+00   4.283e+00   6.706e+00  14  sdss  5719  82N  1 
  163  53656.148522  0  22.584  2.039  0.746  1.974   3.499e+00   4.586e+00   2.363e+00   6.249e+00  10  sdss  5719  82N  1 
   32  53668.151816  1  23.029  0.356  0.254  0.524   2.142e+00   7.022e-01   5.157e-01   1.065e+00  10  sdss  5770  82N  1 
   32  53668.148500  2  22.963  0.532  0.368  0.476   2.279e+00   1.127e+00   8.277e-01   1.070e+00  13  sdss  5770  82N  1 
    8  53668.149329  3  24.718  1.214  1.807  1.087  -4.287e-01   1.790e+00   2.256e+00   1.357e+00  13  sdss  5770  82N  1 
   32  53668.150987  4  22.544  1.003  0.878  0.916   1.428e+00   5.716e+00   4.433e+00   4.624e+00  14  sdss  5770  82N  1 
   32  53668.150158  0  22.674  0.702  0.069  1.513   3.209e+00   1.857e+00   2.016e-01   4.432e+00  10  sdss  5770  82N  1 
   32  53670.156694  1  23.733  0.543  0.094  0.532   1.055e+00   5.857e-01   1.061e-01   5.981e-01  10  sdss  5781  82N  1 
   32  53670.153378  2  22.725  0.338  0.099  0.212   2.873e+00   9.097e-01   2.742e-01   5.865e-01  13  sdss  5781  82N  1 
   32  53670.154207  3  22.806  0.560  0.253  0.263   2.542e+00   1.392e+00   6.650e-01   6.909e-01  13  sdss  5781  82N  1 
   32  53670.155865  4  22.237  0.765  0.347  0.496   3.052e+00   4.448e+00   1.953e+00   2.794e+00  14  sdss  5781  82N  1 
   32  53670.155036  0  23.761  1.144  0.182  2.031   9.811e-01   1.507e+00   2.339e-01   2.612e+00  10  sdss  5781  82N  1 
   32  53673.124536  1  22.488  0.185  0.057  0.187   3.575e+00   6.051e-01   1.895e-01   6.164e-01  10  sdss  5792  82N  1 
   32  53673.121220  2  22.531  0.287  0.118  0.192   3.458e+00   9.235e-01   3.882e-01   6.312e-01  13  sdss  5792  82N  1 
   32  53673.122049  3  22.189  0.313  0.099  0.154   4.670e+00   1.366e+00   4.403e-01   6.862e-01  13  sdss  5792  82N  1 
   32  53673.123707  4  21.601  0.576  0.216  0.408   7.383e+00   4.640e+00   1.806e+00   3.414e+00  14  sdss  5792  82N  1 
    0  53673.122878  0  25.618  1.276  0.227  2.224  -1.046e+00   1.740e+00   3.005e-01   2.943e+00  10  sdss  5792  82N  1 
   32  53675.121123  1  22.358  0.174  0.075  0.208   4.037e+00   6.397e-01   2.770e-01   7.721e-01  10  sdss  5800  82N  1 
   32  53675.117806  2  22.003  0.189  0.078  0.133   5.678e+00   9.895e-01   4.120e-01   7.024e-01  13  sdss  5800  82N  1 
   32  53675.118636  3  21.752  0.223  0.093  0.123   7.056e+00   1.458e+00   6.175e-01   8.134e-01  13  sdss  5800  82N  1 
   32  53675.120294  4  20.782  0.299  0.197  0.232   1.711e+01   4.817e+00   3.238e+00   3.824e+00  14  sdss  5800  82N  1 
   40  53675.119465  0  22.765  0.601  0.465  1.131   2.937e+00   1.513e+00   1.260e+00   3.064e+00  10  sdss  5800  82N  1 
   32  53677.142106  1  22.033  0.127  0.019  0.138   5.461e+00   6.300e-01   9.422e-02   6.916e-01  10  sdss  5813  82N  1 
   32  53677.138790  2  21.488  0.115  0.052  0.085   9.157e+00   9.684e-01   4.381e-01   7.206e-01  13  sdss  5813  82N  1 
   32  53677.139619  3  21.816  0.214  0.073  0.116   6.645e+00   1.323e+00   4.578e-01   7.245e-01  13  sdss  5813  82N  1 
    0  53677.141277  4  22.925  0.774  0.499  0.729  -4.501e-01   4.114e+00   2.444e+00   3.569e+00  14  sdss  5813  82N  1 
   32  53677.140448  0  24.093  1.206  0.253  2.537   5.812e-01   1.490e+00   2.755e-01   2.767e+00  10  sdss  5813  82N  1 
   32  53680.128323  1  22.242  0.159  0.029  0.179   4.497e+00   6.529e-01   1.185e-01   7.371e-01  10  sdss  5823  82N  1 
   32  53680.125007  2  21.577  0.122  0.029  0.083   8.433e+00   9.536e-01   2.303e-01   6.526e-01  13  sdss  5823  82N  1 
   32  53680.125836  3  21.221  0.133  0.037  0.078   1.156e+01   1.421e+00   4.000e-01   8.410e-01  13  sdss  5823  82N  1 
   32  53680.127494  4  22.327  0.740  0.074  0.612   2.555e+00   4.178e+00   3.986e-01   3.312e+00  14  sdss  5823  82N  1 
   32  53680.126665  0  22.226  0.402  0.182  0.759   4.920e+00   1.677e+00   7.916e-01   3.298e+00  10  sdss  5823  82N  1 
   35  53686.194237  1  22.773  1.703  0.497  0.713   2.734e+00   2.875e+00   1.268e+00   1.820e+00  10  sdss  5865  82N  1 
   35  53686.190920  2  21.175  0.241  0.112  0.169   1.223e+01   2.683e+00   1.270e+00   1.909e+00  13  sdss  5865  82N  1 
   35  53686.191750  3  21.468  0.354  0.235  0.257   9.196e+00   2.936e+00   2.011e+00   2.204e+00  13  sdss  5865  82N  1 
   34  53686.193408  4  20.494  0.418  0.273  0.432   2.253e+01   8.526e+00   5.810e+00   9.203e+00  14  sdss  5865  82N  1 
   33  53686.192579  0  21.241  1.572  0.308  0.742   1.230e+01   1.051e+01   3.273e+00   7.888e+00  10  sdss  5865  82N  1 
  161  53693.128884  1  21.920  0.215  0.070  0.106   6.064e+00   1.178e+00   3.893e-01   5.871e-01  10  sdss  5878  82N  1 
   33  53693.125567  2  21.462  0.139  0.034  0.072   9.380e+00   1.200e+00   2.936e-01   6.224e-01  13  sdss  5878  82N  1 
   32  53693.126396  3  21.107  0.127  0.025  0.055   1.286e+01   1.503e+00   2.982e-01   6.589e-01  13  sdss  5878  82N  1 
   32  53693.128055  4  21.157  0.363  0.159  0.246   1.183e+01   4.219e+00   1.902e+00   2.932e+00  14  sdss  5878  82N  1 
   33  53693.127225  0  24.146  1.743  1.112  2.845   5.223e-01   2.554e+00   1.188e+00   3.039e+00  10  sdss  5878  82N  1 
 1196  53698.125794  1  21.240  0.817  1.032  0.138   1.137e+01   7.155e+00   1.068e+01   1.423e+00  10  sdss  5898  82N  1 
 1084  53698.122477  2  21.468  0.660  2.916  0.104   9.328e+00   5.097e+00   2.518e+01   8.978e-01  13  sdss  5898  82N  1 
 1156  53698.123306  3  28.485  0.279  0.152  0.048  -2.865e+01   7.222e+00   4.011e+00   1.267e+00  13  sdss  5898  82N  1 
 1028  53698.124965  4  19.001  0.585  0.194  0.071   9.023e+01   4.444e+01   1.610e+01   5.900e+00  14  sdss  5898  82N  1 
 1038  53698.124135  0  19.997  0.366  0.383  0.202   3.875e+01   1.179e+01   1.278e+01   6.739e+00  10  sdss  5898  82N  1 
 1060  53699.149194  1  21.208  0.531  0.227  0.061   1.171e+01   5.252e+00   2.415e+00   6.480e-01  10  sdss  5902  82N  1 
 1068  53699.145877  2  21.053  0.339  0.582  0.048   1.368e+01   4.154e+00   7.359e+00   6.105e-01  13  sdss  5902  82N  1 
 1028  53699.146706  3  27.081  0.870  0.261  0.093  -7.815e+00   5.329e+00   1.911e+00   6.785e-01  13  sdss  5902  82N  1 
 1060  53699.148365  4  22.247  2.860  0.838  0.566   2.996e+00   3.683e+01   4.694e+00   3.173e+00  14  sdss  5902  82N  1 
 1156  53699.147535  0  28.197  2.102  0.104  0.275  -1.358e+01   1.269e+01   1.225e+00   3.225e+00  10  sdss  5902  82N  1 
   34  53702.123763  1  22.872  0.484  0.214  1.105   2.489e+00   1.069e+00   5.004e-01   2.582e+00  10  sdss  5909  82N  1 
   34  53702.120447  2  21.450  0.175  0.110  0.237   9.484e+00   1.528e+00   9.676e-01   2.081e+00  13  sdss  5909  82N  1 
   34  53702.121276  3  21.307  0.261  0.188  0.354   1.068e+01   2.548e+00   1.865e+00   3.510e+00  13  sdss  5909  82N  1 
   34  53702.122934  4  21.036  0.654  0.603  0.870   1.336e+01   7.949e+00   7.972e+00   1.150e+01  14  sdss  5909  82N  1 
   34  53703.132623  1  22.749  0.351  0.323  0.625   2.797e+00   8.866e-01   8.424e-01   1.631e+00  10  sdss  5915  82N  1 
   34  53703.129306  2  21.791  0.213  0.200  0.270   6.916e+00   1.353e+00   1.282e+00   1.736e+00  13  sdss  5915  82N  1 
   32  53703.130135  3  21.553  0.253  0.176  0.281   8.497e+00   1.970e+00   1.396e+00   2.229e+00  13  sdss  5915  82N  1 
    0  53703.131794  4  23.317  1.041  0.954  1.558  -2.443e+00   6.168e+00   5.124e+00   8.366e+00  14  sdss  5915  82N  1 
   34  53703.130964  0  22.497  0.848  0.608  2.208   3.804e+00   2.494e+00   2.076e+00   7.546e+00  10  sdss  5915  82N  1 
   32  53704.111095  1  22.621  0.263  0.074  0.358   3.156e+00   7.564e-01   2.175e-01   1.048e+00  10  sdss  5918  82N  1 
   32  53704.107779  2  21.947  0.180  0.031  0.133   5.982e+00   9.941e-01   1.711e-01   7.430e-01  13  sdss  5918  82N  1 
   32  53704.108608  3  21.460  0.168  0.044  0.093   9.265e+00   1.436e+00   3.800e-01   8.007e-01  13  sdss  5918  82N  1 
   32  53704.110266  4  20.577  0.265  0.168  0.257   2.081e+01   5.146e+00   3.316e+00   5.083e+00  14  sdss  5918  82N  1 
   40  53704.109437  0  22.334  0.465  0.497  0.923   4.442e+00   1.741e+00   1.963e+00   3.641e+00  10  sdss  5918  82N  1 
