# SDSS CID:  19421 IAU:          RA: 344.729279 DEC:   1.020421  (J2000)
# GALAXY_SB [ugriz] = [ 21.73 19.92 18.91 18.43 18.10 ] +/- [  0.00  0.00  0.00  0.00  0.00 ] (asinh mag/square arcsec)
# GALAXY_SB_FLUX [ugriz] = [  7.595E+00  3.811E+01  9.868E+01  1.513E+02  2.061E+02 ] +/- [  0.000E+00  0.000E+00  0.000E+00  0.000E+00  0.000E+00 ] (microJy per square arcsec)
#FLAG  MJD       FILT  MAG     MERR  MSKYERR MGALERR  FLUX       FLUXERR    SKYERR     GALERR    NPRE TELE   RUN  STRIP  IDCCD
  288  54348.271700  1  24.886  1.310  0.735  0.000   1.377e-01   9.793e-01   4.429e-01   0.000e+00  10  sdss  6933  82S  6 
  256  54348.268383  2  26.830  0.614  0.308  0.000  -2.740e+00   1.502e+00   8.179e-01   0.000e+00  10  sdss  6933  82S  6 
  256  54348.269212  3  25.733  1.082  0.518  0.000  -2.091e+00   2.194e+00   1.175e+00   0.000e+00  10  sdss  6933  82S  6 
  288  54348.270871  4  20.866  0.529  0.098  0.000   1.577e+01   7.645e+00   1.501e+00   0.000e+00  8  sdss  6933  82S  6 
  260  54348.270041  0  25.403  1.464  1.161  0.000  -7.707e-01   1.997e+00   1.376e+00   0.000e+00  10  sdss  6933  82S  6 
  256  54357.241573  1  26.059  1.092  0.638  0.000  -6.261e-01   8.947e-01   5.246e-01   0.000e+00  10  sdss  6955  82S  6 
  256  54357.238256  2  26.230  1.043  0.577  0.000  -1.499e+00   1.481e+00   9.238e-01   0.000e+00  10  sdss  6955  82S  6 
  256  54357.239085  3  26.729  0.426  0.230  0.000  -5.613e+00   2.167e+00   1.224e+00   0.000e+00  10  sdss  6955  82S  6 
  256  54357.240744  4  23.971  0.875  0.131  0.000  -6.629e+00   6.500e+00   1.029e+00   0.000e+00  8  sdss  6955  82S  6 
  260  54357.239914  0  27.169  0.466  0.587  0.000  -5.225e+00   2.089e+00   2.778e+00   0.000e+00  10  sdss  6955  82S  6 
  288  54362.291219  1  24.784  1.146  0.652  0.000   2.000e-01   8.218e-01   4.020e-01   0.000e+00  10  sdss  6976  82S  6 
  256  54362.287901  2  27.382  0.328  0.158  0.000  -4.626e+00   1.387e+00   6.874e-01   0.000e+00  10  sdss  6976  82S  6 
  288  54362.288731  3  22.801  0.938  0.279  0.000   2.554e+00   2.188e+00   7.389e-01   0.000e+00  10  sdss  6976  82S  6 
  288  54362.290389  4  22.738  1.084  0.167  0.000   4.611e-01   6.220e+00   8.158e-01   0.000e+00  8  sdss  6976  82S  6 
  292  54362.289560  0  23.717  1.276  0.597  0.000   1.040e+00   1.749e+00   7.983e-01   0.000e+00  10  sdss  6976  82S  6 
  289  54376.299283  1  25.003  1.278  0.679  0.000   6.769e-02   9.403e-01   4.020e-01   0.000e+00  10  sdss  7013  82S  6 
  256  54376.295966  2  27.914  0.215  0.112  0.000  -7.592e+00   1.504e+00   7.955e-01   0.000e+00  10  sdss  7013  82S  6 
  256  54376.296795  3  26.054  0.852  0.287  0.000  -2.919e+00   2.223e+00   8.471e-01   0.000e+00  10  sdss  7013  82S  6 
 1436  54376.298453  4  23.515  1.320  3.071  0.000  -3.549e+00   8.673e+00   1.805e+01   0.000e+00  8  sdss  7013  82S  6 
  256  54376.297624  0  26.747  0.767  0.440  0.000  -3.501e+00   2.203e+00   1.431e+00   0.000e+00  10  sdss  7013  82S  6 
  256  54379.280795  1  25.475  1.125  0.404  0.000  -2.138e-01   8.047e-01   2.508e-01   0.000e+00  10  sdss  7024  82S  6 
  256  54379.277478  2  26.244  0.956  0.402  0.000  -1.522e+00   1.386e+00   6.517e-01   0.000e+00  10  sdss  7024  82S  6 
  256  54379.278307  3  27.776  0.149  0.075  0.000  -1.488e+01   2.052e+00   1.037e+00   0.000e+00  10  sdss  7024  82S  6 
  256  54379.279966  4  23.662  0.896  0.411  0.000  -4.451e+00   5.751e+00   2.624e+00   0.000e+00  8  sdss  7024  82S  6 
  292  54379.279137  0  23.143  1.042  0.683  0.000   2.008e+00   1.855e+00   1.384e+00   0.000e+00  10  sdss  7024  82S  6 
  288  54385.288204  1  23.651  0.835  0.515  0.000   1.153e+00   9.196e-01   6.233e-01   0.000e+00  10  sdss  7051  82S  6 
  256  54385.284887  2  27.585  0.293  0.179  0.000  -5.592e+00   1.499e+00   9.397e-01   0.000e+00  10  sdss  7051  82S  6 
  288  54385.285716  3  22.649  0.901  0.581  0.000   2.981e+00   2.363e+00   1.745e+00   0.000e+00  10  sdss  7051  82S  6 
  256  54385.287375  4  23.243  1.117  0.670  0.000  -2.047e+00   6.651e+00   3.503e+00   0.000e+00  8  sdss  7051  82S  6 
  256  54385.286545  0  27.066  0.543  0.288  0.000  -4.742e+00   2.181e+00   1.245e+00   0.000e+00  10  sdss  7051  82S  6 
  288  54387.288498  1  25.116  1.329  0.870  0.000   1.414e-03   9.932e-01   5.121e-01   0.000e+00  10  sdss  7057  82S  6 
  256  54387.285182  2  26.792  0.655  0.358  0.000  -2.641e+00   1.535e+00   9.220e-01   0.000e+00  10  sdss  7057  82S  6 
  256  54387.286011  3  26.506  0.561  0.310  0.000  -4.542e+00   2.279e+00   1.355e+00   0.000e+00  10  sdss  7057  82S  6 
  288  54387.287669  4  22.399  1.315  0.772  0.000   2.173e+00   8.306e+00   4.072e+00   0.000e+00  8  sdss  7057  82S  6 
  256  54387.286840  0  26.323  1.169  1.129  0.000  -2.307e+00   2.227e+00   2.557e+00   0.000e+00  10  sdss  7057  82S  6 
  256  54392.283268  1  27.052  0.550  0.339  0.000  -1.844e+00   9.226e-01   6.070e-01   0.000e+00  10  sdss  7076  82S  6 
  256  54392.279951  2  27.855  0.250  0.174  0.000  -7.188e+00   1.649e+00   1.167e+00   0.000e+00  10  sdss  7076  82S  6 
  256  54392.280780  3  25.997  0.922  0.609  0.000  -2.756e+00   2.273e+00   1.713e+00   0.000e+00  10  sdss  7076  82S  6 
  288  54392.282439  4  21.265  0.610  0.162  0.000   1.060e+01   6.261e+00   1.776e+00   0.000e+00  8  sdss  7076  82S  6 
  256  54392.281609  0  26.981  0.577  0.315  0.000  -4.376e+00   2.130e+00   1.261e+00   0.000e+00  10  sdss  7076  82S  6 
  257  54394.271095  1  25.355  1.856  4.990  0.000  -1.408e-01   1.713e+00   3.008e+00   0.000e+00  10  sdss  7084  82S  6 
  281  54394.267778  2  26.955  1.021  4.103  0.000  -3.090e+00   2.471e+00   1.219e+01   0.000e+00  10  sdss  7084  82S  6 
  409  54394.268608  3  27.328  0.366  3.235  0.000  -9.829e+00   3.243e+00   2.969e+01   0.000e+00  10  sdss  7084  82S  6 
  288  54394.270266  4  22.044  1.312  1.462  0.000   4.192e+00   8.810e+00   9.113e+00   0.000e+00  8  sdss  7084  82S  6 
  263  54394.269437  0  26.133  2.249  2.145  0.000  -1.896e+00   4.471e+00   4.163e+00   0.000e+00  10  sdss  7084  82S  6 
  289  54402.280808  1  22.787  0.760  0.199  0.000   2.697e+00   1.695e+00   5.068e-01   0.000e+00  10  sdss  7101  82S  6 
  257  54402.277491  2  27.092  0.617  0.302  0.000  -3.520e+00   1.892e+00   1.012e+00   0.000e+00  10  sdss  7101  82S  6 
  256  54402.278320  3  27.802  0.183  0.130  0.000  -1.525e+01   2.567e+00   1.841e+00   0.000e+00  10  sdss  7101  82S  6 
  256  54402.279978  4  23.824  0.973  0.346  0.000  -5.533e+00   6.709e+00   2.447e+00   0.000e+00  8  sdss  7101  82S  6 
  257  54402.279149  0  26.212  2.282  1.386  0.000  -2.058e+00   4.654e+00   2.863e+00   0.000e+00  10  sdss  7101  82S  6 
  264  54408.194372  1  25.790  1.097  0.927  0.000  -4.210e-01   8.267e-01   6.524e-01   0.000e+00  10  sdss  7127  82S  6 
  288  54408.191055  2  22.681  0.491  0.112  0.000   2.997e+00   1.340e+00   3.224e-01   0.000e+00  10  sdss  7127  82S  6 
  288  54408.191884  3  22.551  0.666  0.209  0.000   3.285e+00   1.989e+00   6.814e-01   0.000e+00  10  sdss  7127  82S  6 
  384  54408.193543  4  24.335  0.651  0.270  0.000  -9.898e+00   6.317e+00   2.806e+00   0.000e+00  8  sdss  7127  82S  6 
  260  54408.192713  0  25.318  1.260  0.995  0.000  -6.707e-01   1.604e+00   1.131e+00   0.000e+00  10  sdss  7127  82S  6 
  256  54411.152148  1  25.381  1.119  0.482  0.000  -1.560e-01   7.906e-01   2.919e-01   0.000e+00  10  sdss  7136  82S  6 
  288  54411.148831  2  21.951  0.248  0.100  0.000   5.964e+00   1.361e+00   5.559e-01   0.000e+00  10  sdss  7136  82S  6 
  288  54411.149660  3  20.570  0.108  0.039  0.000   2.111e+01   2.099e+00   7.671e-01   0.000e+00  10  sdss  7136  82S  6 
  384  54411.151319  4  23.615  0.914  0.276  0.000  -4.157e+00   5.765e+00   1.711e+00   0.000e+00  8  sdss  7136  82S  6 
  292  54411.150489  0  24.068  1.296  0.946  0.000   6.081e-01   1.649e+00   1.049e+00   0.000e+00  10  sdss  7136  82S  6 
  288  54413.192922  1  23.542  0.910  0.699  0.000   1.290e+00   1.065e+00   9.241e-01   0.000e+00  10  sdss  7145  82S  6 
  260  54413.189606  2  27.279  0.584  0.756  0.000  -4.200e+00   2.130e+00   3.000e+00   0.000e+00  10  sdss  7145  82S  6 
  260  54413.190435  3  27.845  0.177  0.076  0.000  -1.587e+01   2.590e+00   1.125e+00   0.000e+00  10  sdss  7145  82S  6 
  288  54413.192093  4  21.500  1.038  0.544  0.000   8.264e+00   8.514e+00   4.937e+00   0.000e+00  8  sdss  7145  82S  6 
  260  54413.191264  0  24.904  1.638  1.827  0.000  -2.325e-01   2.270e+00   1.809e+00   0.000e+00  10  sdss  7145  82S  6 
  256  54418.192558  1  26.219  0.926  0.181  0.000  -7.654e-01   8.099e-01   1.660e-01   0.000e+00  10  sdss  7161  82S  6 
  256  54418.189242  2  26.459  0.767  0.257  0.000  -1.901e+00   1.340e+00   4.959e-01   0.000e+00  10  sdss  7161  82S  6 
  256  54418.190071  3  25.990  0.805  0.277  0.000  -2.736e+00   2.022e+00   7.735e-01   0.000e+00  10  sdss  7161  82S  6 
  288  54418.191729  4  22.630  1.049  0.328  0.000   9.949e-01   5.995e+00   1.630e+00   0.000e+00  8  sdss  7161  82S  6 
  256  54418.190900  0  26.079  0.992  0.472  0.000  -1.791e+00   1.662e+00   8.784e-01   0.000e+00  10  sdss  7161  82S  6 
  289  54422.196626  1  24.544  1.570  0.411  0.000   3.540e-01   1.321e+00   2.766e-01   0.000e+00  10  sdss  7173  82S  6 
  257  54422.193310  2  26.842  0.775  0.213  0.000  -2.772e+00   1.836e+00   5.732e-01   0.000e+00  10  sdss  7173  82S  6 
  256  54422.194139  3  26.948  0.396  0.176  0.000  -6.897e+00   2.469e+00   1.142e+00   0.000e+00  10  sdss  7173  82S  6 
  288  54422.195797  4  21.341  0.749  0.165  0.000   9.793e+00   7.091e+00   1.697e+00   0.000e+00  8  sdss  7173  82S  6 
  257  54422.194968  0  26.183  1.758  0.479  0.000  -1.999e+00   3.109e+00   9.674e-01   0.000e+00  10  sdss  7173  82S  6 
  409  54424.184771  1  26.226  1.674  8.922  0.000  -7.719e-01   1.588e+00   8.218e+00   0.000e+00  10  sdss  7182  82S  6 
  257  54424.181455  2  27.634  0.382  0.543  0.000  -5.854e+00   2.011e+00   2.977e+00   0.000e+00  10  sdss  7182  82S  6 
  313  54424.182284  3  20.955  0.206  0.407  0.000   1.479e+01   2.801e+00   5.600e+00   0.000e+00  10  sdss  7182  82S  6 
  265  54424.183942  4  24.287  0.673  0.623  0.000  -9.411e+00   6.279e+00   6.226e+00   0.000e+00  8  sdss  7182  82S  6 
  385  54424.183113  0  26.934  1.174  0.394  0.000  -4.184e+00   3.480e+00   1.509e+00   0.000e+00  10  sdss  7182  82S  6 
