# SDSS CID:   4950 IAU:          RA: 306.210388 DEC:  -1.011709  (J2000)
# GALAXY_SB [ugriz] = [ 23.53 22.80 22.29 21.71 21.17 ] +/- [  0.45  0.07  0.04  0.03  0.06 ] (asinh mag/square arcsec)
# GALAXY_SB_FLUX [ugriz] = [  1.270E+00  2.645E+00  4.346E+00  7.339E+00  1.157E+01 ] +/- [  6.812E-01  1.648E-01  1.588E-01  2.113E-01  7.421E-01 ] (microJy per square arcsec)
#FLAG  MJD       FILT  MAG     MERR  MSKYERR MGALERR  FLUX       FLUXERR    SKYERR     GALERR    NPRE TELE   RUN  STRIP  IDCCD
   32  53623.155283  1  21.784  0.149  0.061  0.173   6.875e+00   9.347e-01   3.843e-01   1.092e+00  1  sdss  5590  82N  1 
   32  53623.151966  2  21.693  0.140  0.042  0.089   7.577e+00   9.762e-01   2.925e-01   6.224e-01  3  sdss  5590  82N  1 
   32  53623.152795  3  21.566  0.175  0.039  0.097   8.392e+00   1.353e+00   3.015e-01   7.516e-01  4  sdss  5590  82N  1 
    0  53623.154454  4  23.418  0.737  0.382  0.609  -2.994e+00   4.249e+00   2.131e+00   3.399e+00  4  sdss  5590  82N  1 
    0  53623.153624  0  22.117  0.454  0.086  0.917   5.448e+00   2.152e+00   4.287e-01   4.585e+00  1  sdss  5590  82N  1 
   33  53628.125903  1  22.164  0.442  0.128  0.309   4.835e+00   1.876e+00   5.704e-01   1.382e+00  1  sdss  5610  82N  1 
   33  53628.122586  2  22.136  0.394  0.159  0.263   5.018e+00   1.766e+00   7.409e-01   1.229e+00  3  sdss  5610  82N  1 
   33  53628.123415  3  21.689  0.311  0.190  0.219   7.482e+00   2.108e+00   1.324e+00   1.521e+00  4  sdss  5610  82N  1 
   32  53628.125074  4  21.449  0.694  0.342  0.589   8.726e+00   6.061e+00   3.180e+00   5.488e+00  4  sdss  5610  82N  1 
    1  53628.124245  0  22.164  1.026  0.270  1.324   5.212e+00   3.928e+00   1.292e+00   6.341e+00  1  sdss  5610  82N  1 
   32  53635.133788  1  22.052  0.155  0.029  0.110   5.364e+00   7.602e-01   1.422e-01   5.445e-01  1  sdss  5622  82N  1 
   32  53635.130471  2  22.017  0.162  0.055  0.090   5.608e+00   8.391e-01   2.880e-01   4.702e-01  3  sdss  5622  82N  1 
   32  53635.131300  3  21.935  0.223  0.065  0.110   5.940e+00   1.229e+00   3.607e-01   6.110e-01  4  sdss  5622  82N  1 
   32  53635.132959  4  21.691  0.489  0.130  0.310   6.658e+00   3.710e+00   1.009e+00   2.409e+00  4  sdss  5622  82N  1 
    0  53635.132130  0  21.988  0.349  0.049  0.673   6.148e+00   1.897e+00   2.773e-01   3.781e+00  1  sdss  5622  82N  1 
   32  53637.127000  1  22.802  0.383  0.117  0.556   2.659e+00   9.247e-01   2.936e-01   1.395e+00  1  sdss  5633  82N  1 
   32  53637.123683  2  22.178  0.224  0.054  0.216   4.825e+00   9.911e-01   2.435e-01   9.704e-01  3  sdss  5633  82N  1 
   32  53637.124512  3  21.984  0.285  0.143  0.241   5.671e+00   1.489e+00   7.639e-01   1.285e+00  4  sdss  5633  82N  1 
   32  53637.126171  4  22.628  0.976  0.555  1.280   1.004e+00   5.471e+00   2.751e+00   6.349e+00  4  sdss  5633  82N  1 
    0  53637.125342  0  21.969  0.401  0.036  1.037   6.258e+00   2.199e+00   2.084e-01   5.925e+00  1  sdss  5633  82N  1 
   32  53641.123880  1  22.514  0.251  0.045  0.196   3.488e+00   8.037e-01   1.454e-01   6.381e-01  1  sdss  5654  82N  1 
   32  53641.120563  2  22.436  0.241  0.074  0.138   3.786e+00   8.449e-01   2.644e-01   4.931e-01  3  sdss  5654  82N  1 
   32  53641.121392  3  22.114  0.268  0.073  0.145   5.014e+00   1.247e+00   3.481e-01   6.891e-01  4  sdss  5654  82N  1 
   32  53641.123051  4  21.928  0.570  0.256  0.388   4.942e+00   3.738e+00   1.699e+00   2.572e+00  4  sdss  5654  82N  1 
    0  53641.122221  0  21.795  0.298  0.066  0.517   7.360e+00   1.947e+00   4.422e-01   3.460e+00  1  sdss  5654  82N  1 
   32  53644.119108  1  22.468  0.231  0.042  0.238   3.641e+00   7.705e-01   1.432e-01   8.068e-01  1  sdss  5670  82N  1 
   32  53644.115792  2  21.977  0.172  0.094  0.133   5.821e+00   9.206e-01   5.064e-01   7.161e-01  3  sdss  5670  82N  1 
   32  53644.116621  3  21.943  0.295  0.111  0.141   5.895e+00   1.596e+00   6.135e-01   7.807e-01  4  sdss  5670  82N  1 
   32  53644.118279  4  21.659  0.621  0.379  0.503   6.904e+00   4.753e+00   3.014e+00   3.994e+00  4  sdss  5670  82N  1 
    0  53644.117450  0  21.621  0.276  0.114  0.584   8.652e+00   2.119e+00   8.956e-01   4.583e+00  1  sdss  5670  82N  1 
   32  53649.113271  1  21.867  0.152  0.062  0.250   6.367e+00   8.861e-01   3.644e-01   1.466e+00  1  sdss  5702  82N  1 
   32  53649.109955  2  22.211  0.232  0.124  0.264   4.678e+00   9.958e-01   5.418e-01   1.151e+00  3  sdss  5702  82N  1 
   32  53649.110784  3  21.792  0.245  0.161  0.261   6.794e+00   1.527e+00   1.020e+00   1.655e+00  4  sdss  5702  82N  1 
   32  53649.112442  4  21.907  0.721  0.630  0.799   5.084e+00   4.772e+00   4.233e+00   5.366e+00  4  sdss  5702  82N  1 
    0  53649.111613  0  22.004  0.405  0.275  1.313   6.056e+00   2.147e+00   1.525e+00   7.272e+00  1  sdss  5702  82N  1 
   33  53656.100113  1  21.823  0.339  0.096  0.232   6.632e+00   2.006e+00   5.839e-01   1.417e+00  1  sdss  5719  82N  1 
 1185  53656.096797  2  22.317  0.411  0.170  0.329   4.235e+00   1.560e+00   6.744e-01   1.303e+00  3  sdss  5719  82N  1 
   33  53656.097626  3  22.197  0.449  0.284  0.303   4.632e+00   1.887e+00   1.252e+00   1.336e+00  4  sdss  5719  82N  1 
   32  53656.099284  4  21.108  0.519  0.287  0.478   1.242e+01   6.043e+00   3.533e+00   5.878e+00  4  sdss  5719  82N  1 
    1  53656.098455  0  21.188  0.334  0.127  0.599   1.292e+01   3.779e+00   1.477e+00   6.994e+00  1  sdss  5719  82N  1 
   34  53668.102086  1  21.871  0.149  0.152  0.405   6.343e+00   8.670e-01   8.875e-01   2.368e+00  1  sdss  5770  82N  1 
 1184  53668.098769  2  22.420  0.343  0.301  0.567   3.843e+00   1.201e+00   1.089e+00   2.046e+00  3  sdss  5770  82N  1 
   32  53668.099598  3  21.313  0.210  0.156  0.247   1.062e+01   2.039e+00   1.535e+00   2.424e+00  4  sdss  5770  82N  1 
   32  53668.101257  4  21.588  0.874  0.942  0.884   7.491e+00   6.836e+00   7.893e+00   7.407e+00  4  sdss  5770  82N  1 
    2  53668.100428  0  21.804  0.333  0.054  1.525   7.299e+00   2.148e+00   3.575e-01   1.013e+01  1  sdss  5770  82N  1 
   32  53670.106527  1  21.678  0.121  0.066  0.183   7.583e+00   8.428e-01   4.614e-01   1.275e+00  1  sdss  5781  82N  1 
 1184  53670.103210  2  22.970  0.474  0.245  0.603   2.264e+00   1.005e+00   5.443e-01   1.342e+00  3  sdss  5781  82N  1 
   32  53670.104039  3  21.721  0.271  0.196  0.263   7.261e+00   1.797e+00   1.326e+00   1.776e+00  4  sdss  5781  82N  1 
   32  53670.105698  4  22.692  1.047  1.153  1.249   6.886e-01   5.958e+00   5.671e+00   6.141e+00  4  sdss  5781  82N  1 
  136  53670.104869  0  21.460  0.236  0.277  0.895   1.004e+01   2.114e+00   2.519e+00   8.141e+00  1  sdss  5781  82N  1 
   32  53673.074360  1  21.974  0.150  0.059  0.167   5.766e+00   7.914e-01   3.144e-01   8.901e-01  1  sdss  5792  82N  1 
   32  53673.071044  2  22.027  0.186  0.067  0.127   5.555e+00   9.483e-01   3.430e-01   6.531e-01  3  sdss  5792  82N  1 
   32  53673.071873  3  21.670  0.203  0.078  0.111   7.616e+00   1.423e+00   5.493e-01   7.871e-01  4  sdss  5792  82N  1 
   32  53673.073531  4  22.067  0.735  0.279  0.510   4.052e+00   4.525e+00   1.707e+00   3.119e+00  4  sdss  5792  82N  1 
    0  53673.072702  0  21.640  0.267  0.073  0.537   8.501e+00   2.021e+00   5.628e-01   4.145e+00  1  sdss  5792  82N  1 
   32  53675.070943  1  21.915  0.149  0.100  0.214   6.090e+00   8.328e-01   5.640e-01   1.201e+00  1  sdss  5800  82N  1 
   32  53675.067627  2  21.900  0.184  0.126  0.180   6.253e+00   1.057e+00   7.279e-01   1.040e+00  3  sdss  5800  82N  1 
   32  53675.068456  3  21.774  0.235  0.129  0.194   6.910e+00   1.492e+00   8.321e-01   1.251e+00  4  sdss  5800  82N  1 
   32  53675.070114  4  21.395  0.541  0.366  0.545   9.246e+00   5.025e+00   3.555e+00   5.291e+00  4  sdss  5800  82N  1 
    0  53675.069285  0  21.556  0.263  0.168  0.837   9.190e+00   2.150e+00   1.401e+00   6.971e+00  1  sdss  5800  82N  1 
   32  53677.091925  1  21.899  0.154  0.083  0.281   6.181e+00   8.693e-01   4.738e-01   1.598e+00  1  sdss  5813  82N  1 
   32  53677.088609  2  22.060  0.197  0.095  0.148   5.388e+00   9.748e-01   4.728e-01   7.410e-01  3  sdss  5813  82N  1 
   32  53677.089438  3  21.754  0.212  0.077  0.123   7.040e+00   1.372e+00   5.043e-01   8.084e-01  4  sdss  5813  82N  1 
   32  53677.091096  4  21.383  0.522  0.088  0.458   9.366e+00   4.903e+00   8.594e-01   4.497e+00  4  sdss  5813  82N  1 
    0  53677.090267  0  21.523  0.241  0.141  0.629   9.475e+00   2.033e+00   1.206e+00   5.402e+00  1  sdss  5813  82N  1 
   32  53680.078143  1  22.070  0.167  0.054  0.144   5.275e+00   8.073e-01   2.623e-01   7.021e-01  1  sdss  5823  82N  1 
   32  53680.074827  2  21.758  0.141  0.047  0.076   7.134e+00   9.246e-01   3.118e-01   5.027e-01  3  sdss  5823  82N  1 
   32  53680.075656  3  21.691  0.190  0.054  0.088   7.468e+00   1.309e+00   3.761e-01   6.130e-01  4  sdss  5823  82N  1 
   32  53680.077314  4  22.602  0.768  0.121  0.547   1.135e+00   4.121e+00   6.007e-01   2.727e+00  4  sdss  5823  82N  1 
    0  53680.076485  0  21.878  0.332  0.097  0.563   6.813e+00   2.002e+00   6.041e-01   3.493e+00  1  sdss  5823  82N  1 
   32  53693.078764  1  22.110  0.190  0.086  0.246   5.083e+00   8.823e-01   4.059e-01   1.155e+00  1  sdss  5878  82N  1 
   32  53693.075447  2  21.995  0.199  0.102  0.168   5.723e+00   1.046e+00   5.425e-01   8.906e-01  3  sdss  5878  82N  1 
   32  53693.076276  3  21.675  0.211  0.104  0.137   7.581e+00   1.471e+00   7.328e-01   9.677e-01  4  sdss  5878  82N  1 
   32  53693.077934  4  21.828  0.688  0.481  0.610   5.628e+00   4.749e+00   3.397e+00   4.314e+00  4  sdss  5878  82N  1 
    0  53693.077105  0  21.925  0.400  0.178  0.962   6.520e+00   2.283e+00   1.056e+00   5.723e+00  1  sdss  5878  82N  1 
 1028  53698.075719  1  27.616  1.808  0.725  0.397  -3.159e+00   3.349e+00   2.141e+00   1.172e+00  1  sdss  5898  82N  1 
 1061  53698.072402  2  23.575  2.663  3.868  0.628   1.203e+00   5.138e+00   5.266e+00   8.545e-01  3  sdss  5898  82N  1 
 1028  53698.073231  3  26.229  2.208  1.207  0.297  -3.473e+00   5.871e+00   4.096e+00   1.008e+00  4  sdss  5898  82N  1 
 1060  53698.074890  4  20.741  2.744  2.179  0.292   1.780e+01   3.724e+01   3.682e+01   4.935e+00  4  sdss  5898  82N  1 
 1156  53698.074060  0  21.021  0.630  0.477  0.419   1.507e+01   7.727e+00   6.488e+00   5.702e+00  1  sdss  5898  82N  1 
   32  53699.099129  1  22.148  0.196  0.115  0.250   4.907e+00   8.816e-01   5.235e-01   1.135e+00  1  sdss  5902  82N  1 
   32  53699.095812  2  22.029  0.214  0.130  0.170   5.545e+00   1.089e+00   6.672e-01   8.759e-01  3  sdss  5902  82N  1 
   32  53699.096642  3  21.633  0.214  0.129  0.137   7.884e+00   1.551e+00   9.471e-01   1.005e+00  4  sdss  5902  82N  1 
   32  53699.098300  4  21.364  0.540  0.232  0.356   9.555e+00   5.135e+00   2.306e+00   3.550e+00  4  sdss  5902  82N  1 
    8  53699.097471  0  21.757  0.285  0.280  0.790   7.625e+00   1.933e+00   1.941e+00   5.475e+00  1  sdss  5902  82N  1 
   34  53702.073733  1  23.209  0.741  1.093  2.252   1.801e+00   1.163e+00   1.914e+00   3.946e+00  1  sdss  5909  82N  1 
 1186  53702.070416  2  23.346  0.998  1.399  1.942   1.545e+00   1.442e+00   2.274e+00   3.157e+00  3  sdss  5909  82N  1 
   34  53702.071245  3  21.843  0.338  0.327  0.474   6.477e+00   1.989e+00   1.981e+00   2.870e+00  4  sdss  5909  82N  1 
    2  53702.072904  4  24.127  0.920  0.666  1.381  -7.916e+00   7.379e+00   5.789e+00   1.200e+01  4  sdss  5909  82N  1 
    2  53702.072074  0  21.319  0.256  0.287  1.307   1.145e+01   2.602e+00   2.970e+00   1.352e+01  1  sdss  5909  82N  1 
   34  53703.083032  1  21.895  0.158  0.170  0.382   6.204e+00   8.986e-01   9.699e-01   2.182e+00  1  sdss  5915  82N  1 
 1184  53703.079716  2  22.661  0.422  0.412  0.653   3.056e+00   1.177e+00   1.202e+00   1.903e+00  3  sdss  5915  82N  1 
   32  53703.080545  3  21.555  0.239  0.224  0.293   8.479e+00   1.851e+00   1.762e+00   2.301e+00  4  sdss  5915  82N  1 
   32  53703.082203  4  22.232  1.044  0.984  1.605   3.084e+00   6.334e+00   5.535e+00   9.030e+00  4  sdss  5915  82N  1 
    2  53703.081374  0  21.527  0.298  0.210  1.305   9.440e+00   2.487e+00   1.793e+00   1.116e+01  1  sdss  5915  82N  1 
   32  53704.061091  1  22.655  0.320  0.179  0.482   3.056e+00   8.916e-01   5.107e-01   1.379e+00  1  sdss  5918  82N  1 
 1184  53704.057774  2  23.106  0.530  0.406  0.653   1.977e+00   9.931e-01   8.035e-01   1.293e+00  3  sdss  5918  82N  1 
   32  53704.058603  3  21.868  0.282  0.215  0.268   6.327e+00   1.636e+00   1.271e+00   1.587e+00  4  sdss  5918  82N  1 
   32  53704.060262  4  21.420  0.583  0.291  0.563   9.003e+00   5.277e+00   2.767e+00   5.365e+00  4  sdss  5918  82N  1 
    0  53704.059432  0  21.563  0.291  0.135  0.871   9.130e+00   2.357e+00   1.115e+00   7.207e+00  1  sdss  5918  82N  1 
