# SDSS CID:  21872 IAU:          RA:   7.613263 DEC:  -0.591450  (J2000)
# GALAXY_SB [ugriz] = [ 22.90 21.97 21.17 20.74 20.47 ] +/- [  0.18  0.02  0.01  0.01  0.03 ] (asinh mag/square arcsec)
# GALAXY_SB_FLUX [ugriz] = [  2.487E+00  5.765E+00  1.223E+01  1.801E+01  2.296E+01 ] +/- [  4.423E-01  1.258E-01  1.199E-01  1.334E-01  5.452E-01 ] (microJy per square arcsec)
#FLAG  MJD       FILT  MAG     MERR  MSKYERR MGALERR  FLUX       FLUXERR    SKYERR     GALERR    NPRE TELE   RUN  STRIP  IDCCD
    1  54346.315429  1  26.391  1.156  0.500  0.844  -9.331e-01   1.095e+00   5.182e-01   8.746e-01  15  sdss  6920  82N  2 
    0  54346.312112  2  26.108  1.122  0.662  0.763  -1.313e+00   1.465e+00   9.524e-01   1.097e+00  18  sdss  6920  82N  2 
    0  54346.312941  3  25.532  0.874  0.560  0.447  -1.669e+00   1.594e+00   1.080e+00   8.634e-01  19  sdss  6920  82N  2 
  160  54346.314600  4  22.438  0.929  0.138  0.752   1.971e+00   5.274e+00   7.127e-01   3.896e+00  20  sdss  6920  82N  2 
    5  54346.313771  0  25.608  1.979  0.557  3.763  -1.031e+00   3.307e+00   7.416e-01   5.013e+00  17  sdss  6920  82N  2 
   32  54348.345953  1  24.728  1.020  0.530  1.023   2.348e-01   7.137e-01   3.319e-01   6.409e-01  15  sdss  6934  82N  2 
   32  54348.342635  2  24.007  0.930  0.489  0.550   6.937e-01   9.637e-01   4.984e-01   5.607e-01  18  sdss  6934  82N  2 
   32  54348.343465  3  22.238  0.356  0.146  0.140   4.458e+00   1.464e+00   6.193e-01   5.915e-01  19  sdss  6934  82N  2 
   32  54348.345123  4  22.500  0.752  0.406  0.456   1.647e+00   4.084e+00   2.067e+00   2.322e+00  20  sdss  6934  82N  2 
   36  54348.344294  0  23.054  1.016  0.298  1.177   2.202e+00   1.925e+00   6.499e-01   2.566e+00  17  sdss  6934  82N  2 
   32  54358.302067  1  23.820  0.822  0.534  1.285   9.603e-01   8.085e-01   5.640e-01   1.358e+00  15  sdss  6958  82N  2 
    0  54358.298750  2  25.127  1.162  0.523  1.241  -2.638e-01   1.135e+00   4.362e-01   1.035e+00  18  sdss  6958  82N  2 
    0  54358.299579  3  25.505  0.837  0.698  0.515  -1.618e+00   1.507e+00   1.321e+00   9.746e-01  19  sdss  6958  82N  2 
    0  54358.301238  4  23.058  0.949  0.620  0.823  -1.107e+00   5.294e+00   3.087e+00   4.094e+00  20  sdss  6958  82N  2 
   36  54358.300408  0  22.664  0.886  0.695  1.650   3.241e+00   2.307e+00   2.108e+00   5.003e+00  17  sdss  6958  82N  2 
   32  54359.296030  1  23.494  0.916  0.618  0.850   1.355e+00   1.104e+00   8.467e-01   1.165e+00  15  sdss  6963  82N  2 
  164  54359.292713  2  22.771  0.774  0.858  0.513   2.749e+00   1.796e+00   2.256e+00   1.350e+00  18  sdss  6963  82N  2 
   32  54359.293542  3  24.281  1.365  1.879  1.023   9.548e-02   2.077e+00   2.231e+00   1.215e+00  19  sdss  6963  82N  2 
    4  54359.295201  4  25.562  0.260  0.034  0.153  -3.250e+01   7.485e+00   1.004e+00   4.485e+00  20  sdss  6963  82N  2 
   44  54359.294371  0  22.730  1.198  1.169  1.639   3.039e+00   2.738e+00   3.346e+00   4.694e+00  17  sdss  6963  82N  2 
   32  54365.335328  1  24.216  0.849  0.486  0.678   5.945e-01   6.738e-01   3.893e-01   5.428e-01  15  sdss  6982  82N  2 
   32  54365.332011  2  24.077  0.894  0.207  0.393   6.229e-01   9.000e-01   2.026e-01   3.849e-01  18  sdss  6982  82N  2 
   32  54365.332841  3  23.357  0.728  0.312  0.236   1.368e+00   1.221e+00   5.371e-01   4.052e-01  19  sdss  6982  82N  2 
   32  54365.334499  4  21.321  0.385  0.137  0.172   9.995e+00   3.809e+00   1.396e+00   1.747e+00  20  sdss  6982  82N  2 
    0  54365.333670  0  25.308  1.284  0.640  1.920  -6.588e-01   1.641e+00   7.239e-01   2.173e+00  17  sdss  6982  82N  2 
   32  54381.354635  1  24.144  0.847  0.281  1.176   6.540e-01   6.950e-01   2.359e-01   9.869e-01  15  sdss  7034  82N  2 
  128  54381.351319  2  26.250  0.672  0.342  0.494  -1.531e+00   1.010e+00   5.494e-01   7.942e-01  18  sdss  7034  82N  2 
    0  54381.352148  3  25.292  0.827  0.369  0.436  -1.241e+00   1.336e+00   6.053e-01   7.142e-01  19  sdss  7034  82N  2 
  160  54381.353806  4  21.819  0.627  0.096  0.447   5.696e+00   4.322e+00   6.769e-01   3.146e+00  20  sdss  7034  82N  2 
   40  54381.352977  0  24.499  1.462  1.910  3.687   1.623e-01   1.889e+00   1.871e+00   3.611e+00  17  sdss  7034  82N  2 
  128  54386.347037  1  26.074  0.975  0.745  1.052  -6.382e-01   7.959e-01   6.176e-01   8.722e-01  15  sdss  7054  82N  2 
  188  54386.343720  2  22.493  0.365  0.868  0.141   3.587e+00   1.188e+00   2.919e+00   4.740e-01  18  sdss  7054  82N  2 
    0  54386.344549  3  26.222  0.478  0.376  0.171  -3.448e+00   1.530e+00   1.264e+00   5.753e-01  19  sdss  7054  82N  2 
   32  54386.346207  4  21.872  0.795  0.512  0.437   5.324e+00   5.318e+00   3.479e+00   2.976e+00  20  sdss  7054  82N  2 
   36  54386.345378  0  22.787  1.260  0.164  1.323   2.873e+00   2.729e+00   4.471e-01   3.607e+00  17  sdss  7054  82N  2 
    0  54388.351075  1  26.578  0.551  0.353  0.545  -1.143e+00   6.292e-01   4.237e-01   6.541e-01  15  sdss  7060  82N  2 
   32  54388.347758  2  23.626  0.847  0.208  0.402   1.135e+00   1.048e+00   2.719e-01   5.252e-01  18  sdss  7060  82N  2 
    0  54388.348587  3  24.425  0.960  0.505  0.435  -7.435e-02   1.292e+00   5.989e-01   5.162e-01  19  sdss  7060  82N  2 
   32  54388.350245  4  22.121  0.709  0.300  0.404   3.723e+00   4.245e+00   1.767e+00   2.381e+00  20  sdss  7060  82N  2 
   36  54388.349416  0  22.471  0.580  0.409  0.800   3.900e+00   1.927e+00   1.470e+00   2.872e+00  17  sdss  7060  82N  2 
   32  54393.336782  1  24.494  0.859  0.238  0.850   3.878e-01   6.150e-01   1.634e-01   5.841e-01  15  sdss  7080  82N  2 
   32  54393.333465  2  24.043  0.828  0.157  0.305   6.570e-01   8.385e-01   1.569e-01   3.049e-01  18  sdss  7080  82N  2 
   32  54393.334294  3  22.677  0.423  0.126  0.105   2.899e+00   1.184e+00   3.657e-01   3.035e-01  19  sdss  7080  82N  2 
  128  54393.335952  4  23.658  0.623  0.117  0.308  -4.421e+00   3.901e+00   7.331e-01   1.934e+00  20  sdss  7080  82N  2 
   32  54393.335123  0  24.657  1.332  0.818  1.899   8.736e-03   1.640e+00   7.919e-01   1.840e+00  17  sdss  7080  82N  2 
   41  54403.264549  1  22.738  0.521  0.961  0.308   2.825e+00   1.291e+00   2.544e+00   8.144e-01  15  sdss  7106  82N  2 
   57  54403.261232  2  23.294  0.982  2.013  0.501   1.631e+00   1.466e+00   3.399e+00   8.451e-01  18  sdss  7106  82N  2 
   32  54403.262061  3  23.049  0.795  0.712  0.329   1.963e+00   1.591e+00   1.530e+00   7.064e-01  19  sdss  7106  82N  2 
    8  54403.263719  4  24.232  0.671  0.797  0.389  -8.871e+00   5.863e+00   7.410e+00   3.613e+00  20  sdss  7106  82N  2 
    5  54403.262890  0  26.270  1.905  1.055  2.203  -2.186e+00   3.553e+00   2.286e+00   4.773e+00  17  sdss  7106  82N  2 
    1  54404.321844  1  25.931  1.296  0.549  1.011  -5.247e-01   1.051e+00   4.170e-01   7.677e-01  15  sdss  7112  82N  2 
    1  54404.318527  2  25.443  1.021  0.350  0.431  -5.424e-01   1.021e+00   3.286e-01   4.049e-01  18  sdss  7112  82N  2 
   32  54404.319356  3  24.294  0.976  0.412  0.328   8.111e-02   1.319e+00   4.886e-01   3.892e-01  19  sdss  7112  82N  2 
    0  54404.321015  4  23.544  0.763  0.336  0.418  -3.724e+00   4.589e+00   1.980e+00   2.468e+00  20  sdss  7112  82N  2 
 1185  54404.320186  0  22.529  1.087  0.049  0.843   3.689e+00   2.975e+00   1.679e-01   2.877e+00  17  sdss  7112  82N  2 
    1  54405.319799  1  25.431  1.218  0.590  1.130  -1.869e-01   8.900e-01   3.616e-01   6.926e-01  15  sdss  7117  82N  2 
   32  54405.316482  2  23.451  0.751  0.242  0.316   1.379e+00   1.044e+00   3.600e-01   4.711e-01  18  sdss  7117  82N  2 
   32  54405.317311  3  22.829  0.559  0.271  0.186   2.481e+00   1.354e+00   6.921e-01   4.761e-01  19  sdss  7117  82N  2 
  128  54405.318969  4  23.121  0.802  0.219  0.448  -1.422e+00   4.362e+00   1.103e+00   2.258e+00  20  sdss  7117  82N  2 
    1  54405.318140  0  22.374  0.690  0.108  0.642   4.278e+00   2.422e+00   4.215e-01   2.513e+00  17  sdss  7117  82N  2 
   32  54406.258121  1  24.190  0.735  0.326  0.698   6.156e-01   5.895e-01   2.652e-01   5.684e-01  15  sdss  7121  82N  2 
   32  54406.254804  2  24.355  1.003  0.548  0.677   3.677e-01   9.577e-01   4.749e-01   5.868e-01  18  sdss  7121  82N  2 
   32  54406.255634  3  22.419  0.375  0.150  0.170   3.742e+00   1.314e+00   5.439e-01   6.139e-01  19  sdss  7121  82N  2 
    0  54406.257292  4  23.976  0.548  0.290  0.331  -6.663e+00   4.097e+00   2.224e+00   2.544e+00  20  sdss  7121  82N  2 
    0  54406.256463  0  25.292  1.339  0.587  2.763  -6.412e-01   1.732e+00   6.597e-01   3.104e+00  17  sdss  7121  82N  2 
   32  54412.260808  1  23.401  0.498  0.258  0.456   1.489e+00   7.023e-01   3.822e-01   6.755e-01  15  sdss  7140  82N  2 
   32  54412.257491  2  22.415  0.282  0.138  0.150   3.861e+00   9.962e-01   4.966e-01   5.407e-01  18  sdss  7140  82N  2 
   32  54412.258320  3  21.867  0.228  0.082  0.090   6.332e+00   1.329e+00   4.846e-01   5.314e-01  19  sdss  7140  82N  2 
   32  54412.259979  4  21.385  0.471  0.055  0.240   9.350e+00   4.386e+00   5.313e-01   2.318e+00  20  sdss  7140  82N  2 
   36  54412.259149  0  24.162  1.398  1.159  2.588   5.053e-01   1.810e+00   1.237e+00   2.762e+00  17  sdss  7140  82N  2 
   32  54416.256259  1  22.313  0.164  0.072  0.162   4.208e+00   6.320e-01   2.793e-01   6.320e-01  15  sdss  7155  82N  2 
   32  54416.252943  2  22.038  0.176  0.037  0.081   5.499e+00   8.833e-01   1.878e-01   4.124e-01  18  sdss  7155  82N  2 
   32  54416.253772  3  21.444  0.142  0.054  0.044   9.401e+00   1.227e+00   4.700e-01   3.781e-01  19  sdss  7155  82N  2 
   32  54416.255430  4  21.414  0.447  0.285  0.262   9.064e+00   4.092e+00   2.692e+00   2.470e+00  20  sdss  7155  82N  2 
   32  54416.254601  0  23.812  1.249  0.265  1.850   9.147e-01   1.660e+00   3.347e-01   2.337e+00  17  sdss  7155  82N  2 
  160  54421.261676  1  22.091  0.191  0.159  0.312   5.174e+00   9.023e-01   7.572e-01   1.486e+00  15  sdss  7170  82N  2 
   32  54421.258359  2  21.707  0.169  0.073  0.121   7.480e+00   1.150e+00   4.984e-01   8.324e-01  18  sdss  7170  82N  2 
   32  54421.259188  3  21.521  0.197  0.146  0.116   8.751e+00   1.574e+00   1.176e+00   9.385e-01  19  sdss  7170  82N  2 
   32  54421.260846  4  20.350  0.235  0.131  0.164   2.580e+01   5.446e+00   3.068e+00   3.853e+00  20  sdss  7170  82N  2 
  164  54421.260017  0  22.497  0.822  0.833  1.421   3.804e+00   2.500e+00   2.922e+00   4.986e+00  17  sdss  7170  82N  2 
   33  54423.238080  1  21.841  0.205  0.075  0.138   6.522e+00   1.215e+00   4.507e-01   8.281e-01  15  sdss  7177  82N  2 
   33  54423.234763  2  21.910  0.269  0.162  0.166   6.195e+00   1.503e+00   9.242e-01   9.477e-01  18  sdss  7177  82N  2 
   32  54423.235592  3  21.276  0.186  0.141  0.127   1.099e+01   1.862e+00   1.420e+00   1.286e+00  19  sdss  7177  82N  2 
   32  54423.237251  4  22.006  0.656  0.325  0.391   4.433e+00   4.111e+00   2.040e+00   2.454e+00  20  sdss  7177  82N  2 
 1189  54423.236422  0  23.673  2.027  0.478  3.102   1.101e+00   3.470e+00   6.578e-01   4.267e+00  17  sdss  7177  82N  2 
 1181  54431.264872  1  28.142  2.822  8.938  0.316  -5.160e+00   6.627e+00   4.248e+01   1.501e+00  15  sdss  7195  82N  2 
  133  54431.261555  2  26.426  3.381  5.523  0.593  -1.839e+00   9.911e+00   1.025e+01   1.101e+00  18  sdss  7195  82N  2 
 1213  54431.262384  3  20.602  0.632  6.130  0.057   2.049e+01   1.067e+01   1.149e+02   1.068e+00  19  sdss  7195  82N  2 
   61  54431.264042  4  20.507  1.839  4.710  0.287   2.224e+01   2.446e+01   9.614e+01   5.863e+00  20  sdss  7195  82N  2 
   33  54433.260115  1  23.265  1.014  0.428  0.671   1.704e+00   1.417e+00   7.128e-01   1.118e+00  15  sdss  7202  82N  2 
  161  54433.256798  2  22.139  0.313  0.121  0.197   5.003e+00   1.411e+00   5.581e-01   9.136e-01  18  sdss  7202  82N  2 
   32  54433.257627  3  21.600  0.226  0.185  0.115   8.130e+00   1.675e+00   1.393e+00   8.645e-01  19  sdss  7202  82N  2 
   32  54433.259286  4  21.951  0.831  0.412  0.528   4.789e+00   5.363e+00   2.667e+00   3.424e+00  20  sdss  7202  82N  2 
  165  54433.258456  0  23.582  2.224  0.265  3.261   1.233e+00   4.172e+00   3.866e-01   4.765e+00  17  sdss  7202  82N  2 
