# SDSS CID:  22169 IAU:          RA:  32.139896 DEC:  -0.740708  (J2000)
# GALAXY_SB [ugriz] = [ 22.67 20.93 19.68 19.20 18.83 ] +/- [  0.00  0.00  0.00  0.00  0.00 ] (asinh mag/square arcsec)
# GALAXY_SB_FLUX [ugriz] = [  3.127E+00  1.510E+01  4.838E+01  7.468E+01  1.050E+02 ] +/- [  0.000E+00  0.000E+00  0.000E+00  0.000E+00  0.000E+00 ] (microJy per square arcsec)
#FLAG  MJD       FILT  MAG     MERR  MSKYERR MGALERR  FLUX       FLUXERR    SKYERR     GALERR    NPRE TELE   RUN  STRIP  IDCCD
  417  54347.395789  1  24.454  1.409  0.796  0.000   4.157e-01   1.142e+00   5.612e-01   0.000e+00  13  sdss  6930  82S  2 
  288  54347.392471  2  23.969  1.145  0.516  0.000   7.329e-01   1.238e+00   5.414e-01   0.000e+00  14  sdss  6930  82S  2 
  256  54347.393301  3  26.332  0.434  0.131  0.000  -3.840e+00   1.556e+00   4.896e-01   0.000e+00  12  sdss  6930  82S  2 
  416  54347.394959  4  21.997  0.705  0.313  0.000   4.493e+00   4.471e+00   1.989e+00   0.000e+00  12  sdss  6930  82S  2 
  293  54347.394130  0  22.160  0.689  0.108  0.000   5.235e+00   3.017e+00   5.308e-01   0.000e+00  10  sdss  6930  82S  2 
  288  54357.371313  1  23.392  0.376  0.044  0.000   1.502e+00   5.546e-01   6.666e-02   0.000e+00  13  sdss  6955  82S  2 
  288  54357.367995  2  21.928  0.157  0.025  0.000   6.091e+00   8.920e-01   1.401e-01   0.000e+00  14  sdss  6955  82S  2 
  288  54357.368825  3  22.673  0.426  0.076  0.000   2.911e+00   1.207e+00   2.220e-01   0.000e+00  12  sdss  6955  82S  2 
  288  54357.370483  4  21.295  0.346  0.079  0.000   1.028e+01   3.570e+00   8.362e-01   0.000e+00  12  sdss  6955  82S  2 
  292  54357.369654  0  23.930  1.138  0.184  0.000   7.688e-01   1.446e+00   2.206e-01   0.000e+00  10  sdss  6955  82S  2 
  264  54362.421310  1  25.741  0.755  0.417  0.000  -3.875e-01   5.356e-01   2.880e-01   0.000e+00  13  sdss  6976  82S  2 
  288  54362.417993  2  23.511  0.627  0.021  0.000   1.293e+00   8.616e-01   2.997e-02   0.000e+00  14  sdss  6976  82S  2 
  288  54362.418822  3  22.630  0.419  0.109  0.000   3.040e+00   1.232e+00   3.309e-01   0.000e+00  12  sdss  6976  82S  2 
  288  54362.420481  4  21.161  0.356  0.088  0.000   1.178e+01   4.089e+00   1.040e+00   0.000e+00  12  sdss  6976  82S  2 
  292  54362.419651  0  24.529  1.230  0.062  0.000   1.330e-01   1.468e+00   6.067e-02   0.000e+00  10  sdss  6976  82S  2 
  289  54376.416974  1  23.650  0.588  0.179  0.000   1.153e+00   6.810e-01   2.189e-01   0.000e+00  13  sdss  7016  82S  2 
  288  54376.413657  2  24.095  0.913  0.091  0.000   6.054e-01   9.191e-01   8.924e-02   0.000e+00  14  sdss  7016  82S  2 
  288  54376.414486  3  22.296  0.314  0.081  0.000   4.216e+00   1.248e+00   3.288e-01   0.000e+00  12  sdss  7016  82S  2 
  288  54376.416145  4  21.846  0.587  0.124  0.000   5.506e+00   4.027e+00   8.687e-01   0.000e+00  12  sdss  7016  82S  2 
  289  54376.415315  0  23.783  1.357  0.098  0.000   9.531e-01   1.868e+00   1.280e-01   0.000e+00  10  sdss  7016  82S  2 
  266  54382.402324  1  26.039  0.992  1.316  0.000  -6.099e-01   8.038e-01   1.076e+00   0.000e+00  13  sdss  7038  82S  2 
  416  54382.399007  2  24.046  1.231  1.012  0.000   6.546e-01   1.322e+00   1.016e+00   0.000e+00  14  sdss  7038  82S  2 
  288  54382.399837  3  22.363  0.458  0.193  0.000   3.952e+00   1.675e+00   7.403e-01   0.000e+00  12  sdss  7038  82S  2 
  256  54382.401495  4  24.104  0.708  0.537  0.000  -7.714e+00   5.722e+00   4.587e+00   0.000e+00  12  sdss  7038  82S  2 
  266  54382.400666  0  24.811  1.617  3.542  0.000  -1.415e-01   2.218e+00   3.463e+00   0.000e+00  10  sdss  7038  82S  2 
  288  54385.420353  1  24.552  0.849  0.273  0.000   3.490e-01   5.990e-01   1.837e-01   0.000e+00  13  sdss  7051  82S  2 
  288  54385.417036  2  23.154  0.515  0.068  0.000   1.883e+00   9.411e-01   1.306e-01   0.000e+00  14  sdss  7051  82S  2 
  256  54385.417865  3  25.693  0.620  0.141  0.000  -2.002e+00   1.295e+00   3.086e-01   0.000e+00  12  sdss  7051  82S  2 
  288  54385.419524  4  21.983  0.615  0.063  0.000   4.577e+00   3.918e+00   4.050e-01   0.000e+00  12  sdss  7051  82S  2 
  300  54385.418695  0  23.970  1.252  1.154  0.000   7.212e-01   1.612e+00   1.355e+00   0.000e+00  10  sdss  7051  82S  2 
  418  54387.420793  1  24.414  1.283  0.786  0.000   4.445e-01   1.014e+00   5.658e-01   0.000e+00  13  sdss  7057  82S  2 
  258  54387.417475  2  27.121  0.595  0.194  0.000  -3.621e+00   1.888e+00   6.686e-01   0.000e+00  14  sdss  7057  82S  2 
  418  54387.418305  3  21.521  0.299  0.138  0.000   8.756e+00   2.389e+00   1.132e+00   0.000e+00  12  sdss  7057  82S  2 
  290  54387.419963  4  22.325  1.223  1.996  0.000   2.570e+00   7.588e+00   1.079e+01   0.000e+00  12  sdss  7057  82S  2 
  262  54387.419134  0  26.458  1.701  0.370  0.000  -2.640e+00   3.411e+00   9.674e-01   0.000e+00  10  sdss  7057  82S  2 
  258  54390.413126  1  25.398  1.116  0.357  0.000  -1.664e-01   7.898e-01   2.171e-01   0.000e+00  13  sdss  7071  82S  2 
 1432  54390.409809  2  26.983  0.538  1.627  0.000  -3.175e+00   1.535e+00   4.970e+00   0.000e+00  14  sdss  7071  82S  2 
  288  54390.410638  3  22.872  0.808  0.423  0.000   2.372e+00   1.832e+00   1.055e+00   0.000e+00  12  sdss  7071  82S  2 
 1444  54390.412297  4  20.420  0.605  0.613  0.000   2.415e+01   1.246e+01   1.377e+01   0.000e+00  12  sdss  7071  82S  2 
 1414  54390.411468  0  27.034  0.953  0.293  0.000  -4.600e+00   3.403e+00   1.269e+00   0.000e+00  10  sdss  7071  82S  2 
  288  54391.421779  1  24.343  2.013  3.563  0.000   4.961e-01   2.047e+00   2.666e+00   0.000e+00  13  sdss  7074  82S  2 
 1440  54391.418462  2  22.641  1.008  0.586  0.000   3.116e+00   2.473e+00   1.758e+00   0.000e+00  14  sdss  7074  82S  2 
  258  54391.420950  4  24.619  0.841  1.458  0.000  -1.321e+01   9.601e+00   1.889e+01   0.000e+00  12  sdss  7074  82S  2 
  290  54394.403453  1  23.816  1.068  0.859  0.000   9.644e-01   1.041e+00   9.231e-01   0.000e+00  13  sdss  7084  82S  2 
  288  54394.400135  2  23.375  0.967  0.569  0.000   1.498e+00   1.389e+00   9.130e-01   0.000e+00  14  sdss  7084  82S  2 
  256  54394.400965  3  24.453  1.245  1.124  0.000  -1.077e-01   1.820e+00   1.336e+00   0.000e+00  12  sdss  7084  82S  2 
  288  54394.402624  4  22.374  1.141  1.232  0.000   2.304e+00   6.882e+00   6.537e+00   0.000e+00  12  sdss  7084  82S  2 
 1442  54394.401794  0  21.932  0.518  0.218  0.000   6.480e+00   2.920e+00   1.318e+00   0.000e+00  10  sdss  7084  82S  2 
  299  54396.423959  1  23.392  1.556  2.713  0.000   1.502e+00   1.853e+00   4.116e+00   0.000e+00  13  sdss  7096  82S  2 
  257  54396.420642  2  25.960  1.571  1.465  0.000  -1.111e+00   2.009e+00   1.912e+00   0.000e+00  14  sdss  7096  82S  2 
  385  54396.421471  3  25.568  1.304  0.700  0.000  -1.741e+00   2.429e+00   1.397e+00   0.000e+00  12  sdss  7096  82S  2 
  416  54396.423130  4  20.765  0.488  0.116  0.000   1.739e+01   7.636e+00   1.925e+00   0.000e+00  12  sdss  7096  82S  2 
  289  54402.414114  1  23.748  1.643  0.304  0.000   1.038e+00   1.677e+00   3.446e-01   0.000e+00  13  sdss  7101  82S  2 
  289  54402.410797  2  23.190  0.950  0.193  0.000   1.816e+00   1.550e+00   3.598e-01   0.000e+00  14  sdss  7101  82S  2 
  289  54402.411627  3  22.392  0.448  0.131  0.000   3.842e+00   1.600e+00   4.921e-01   0.000e+00  12  sdss  7101  82S  2 
  256  54402.413285  4  24.025  0.621  0.204  0.000  -7.058e+00   4.817e+00   1.647e+00   0.000e+00  12  sdss  7101  82S  2 
  393  54402.412456  0  21.666  0.731  0.231  0.000   8.300e+00   4.925e+00   1.773e+00   0.000e+00  10  sdss  7101  82S  2 
  256  54408.328051  1  25.747  0.792  0.380  0.000  -3.916e-01   5.657e-01   2.632e-01   0.000e+00  13  sdss  7127  82S  2 
  288  54408.324734  2  23.014  0.440  0.062  0.000   2.169e+00   9.145e-01   1.343e-01   0.000e+00  14  sdss  7127  82S  2 
  288  54408.325563  3  22.275  0.319  0.100  0.000   4.302e+00   1.291e+00   4.164e-01   0.000e+00  12  sdss  7127  82S  2 
  288  54408.327222  4  22.321  0.771  0.360  0.000   2.592e+00   4.374e+00   1.949e+00   0.000e+00  12  sdss  7127  82S  2 
  300  54408.326393  0  24.262  1.259  1.267  0.000   3.998e-01   1.546e+00   1.313e+00   0.000e+00  10  sdss  7127  82S  2 
  288  54411.286006  1  24.148  0.672  0.308  0.000   6.500e-01   5.554e-01   2.605e-01   0.000e+00  13  sdss  7136  82S  2 
  288  54411.282689  2  23.101  0.465  0.156  0.000   1.986e+00   8.958e-01   3.143e-01   0.000e+00  14  sdss  7136  82S  2 
  288  54411.283519  3  22.944  0.562  0.095  0.000   2.198e+00   1.258e+00   2.235e-01   0.000e+00  12  sdss  7136  82S  2 
  288  54411.285177  4  21.274  0.357  0.141  0.000   1.050e+01   3.736e+00   1.512e+00   0.000e+00  12  sdss  7136  82S  2 
  292  54411.284348  0  22.823  0.646  0.064  0.000   2.774e+00   1.619e+00   1.739e-01   0.000e+00  10  sdss  7136  82S  2 
 1450  54413.326894  1  23.818  0.988  1.612  0.000   9.622e-01   9.674e-01   1.729e+00   0.000e+00  13  sdss  7145  82S  2 
  256  54413.323577  2  25.058  1.266  0.135  0.000  -2.063e-01   1.268e+00   1.109e-01   0.000e+00  14  sdss  7145  82S  2 
  256  54413.324406  3  25.079  1.098  0.422  0.000  -9.122e-01   1.687e+00   6.128e-01   0.000e+00  12  sdss  7145  82S  2 
  416  54413.326064  4  20.689  0.376  0.274  0.000   1.871e+01   6.425e+00   4.852e+00   0.000e+00  12  sdss  7145  82S  2 
  302  54413.325235  0  22.236  0.656  0.300  0.000   4.873e+00   2.711e+00   1.376e+00   0.000e+00  10  sdss  7145  82S  2 
  256  54415.338296  1  25.675  0.859  0.531  0.000  -3.425e-01   6.050e-01   3.552e-01   0.000e+00  13  sdss  7152  82S  2 
  428  54415.334979  2  21.320  0.144  0.161  0.000   1.070e+01   1.430e+00   1.605e+00   0.000e+00  14  sdss  7152  82S  2 
  288  54415.335809  3  22.329  0.437  0.199  0.000   4.083e+00   1.652e+00   7.868e-01   0.000e+00  12  sdss  7152  82S  2 
  420  54415.337467  4  21.097  0.513  0.297  0.000   1.257e+01   6.040e+00   3.689e+00   0.000e+00  12  sdss  7152  82S  2 
  292  54415.336638  0  23.570  1.633  0.295  0.000   1.250e+00   2.517e+00   4.437e-01   0.000e+00  10  sdss  7152  82S  2 
  256  54417.328442  1  26.573  0.509  0.050  0.000  -1.137e+00   5.913e-01   6.109e-02   0.000e+00  13  sdss  7158  82S  2 
  288  54417.325125  2  24.377  1.008  0.084  0.000   3.480e-01   9.607e-01   7.243e-02   0.000e+00  14  sdss  7158  82S  2 
  288  54417.325954  3  23.758  0.915  0.127  0.000   7.527e-01   1.322e+00   1.742e-01   0.000e+00  12  sdss  7158  82S  2 
  288  54417.327612  4  22.234  0.768  0.441  0.000   3.072e+00   4.463e+00   2.481e+00   0.000e+00  12  sdss  7158  82S  2 
  416  54417.326783  0  22.827  0.654  0.050  0.000   2.763e+00   1.630e+00   1.351e-01   0.000e+00  10  sdss  7158  82S  2 
  288  54418.326805  1  24.000  0.780  0.334  0.000   7.810e-01   6.978e-01   3.126e-01   0.000e+00  13  sdss  7161  82S  2 
  288  54418.323489  2  24.475  1.212  0.212  0.000   2.656e-01   1.202e+00   1.777e-01   0.000e+00  14  sdss  7161  82S  2 
  256  54418.324318  3  24.470  1.108  0.514  0.000  -1.279e-01   1.555e+00   6.118e-01   0.000e+00  12  sdss  7161  82S  2 
  288  54418.325976  4  22.115  0.828  0.122  0.000   3.763e+00   5.045e+00   7.288e-01   0.000e+00  12  sdss  7161  82S  2 
  288  54418.325147  0  22.446  0.613  0.141  0.000   3.994e+00   2.133e+00   5.354e-01   0.000e+00  10  sdss  7161  82S  2 
  288  54422.331082  1  23.826  0.726  0.202  0.000   9.538e-01   7.277e-01   2.152e-01   0.000e+00  13  sdss  7173  82S  2 
  288  54422.327765  2  22.559  0.375  0.160  0.000   3.369e+00   1.170e+00   5.172e-01   0.000e+00  14  sdss  7173  82S  2 
  256  54422.328594  3  26.068  0.544  0.313  0.000  -2.960e+00   1.529e+00   9.339e-01   0.000e+00  12  sdss  7173  82S  2 
  256  54422.330253  4  23.498  0.864  0.116  0.000  -3.449e+00   5.187e+00   6.705e-01   0.000e+00  12  sdss  7173  82S  2 
  288  54422.329423  0  24.427  1.568  0.617  0.000   2.325e-01   2.115e+00   6.127e-01   0.000e+00  10  sdss  7173  82S  2 
  289  54424.266995  1  24.117  1.603  0.778  0.000   6.770e-01   1.462e+00   6.709e-01   0.000e+00  13  sdss  7183  82S  2 
  289  54424.263678  2  21.973  0.280  0.075  0.000   5.841e+00   1.504e+00   4.109e-01   0.000e+00  14  sdss  7183  82S  2 
  256  54424.264507  3  24.606  1.228  0.327  0.000  -2.918e-01   1.801e+00   3.964e-01   0.000e+00  12  sdss  7183  82S  2 
  288  54424.266166  4  21.316  0.480  0.154  0.000   1.005e+01   4.772e+00   1.592e+00   0.000e+00  12  sdss  7183  82S  2 
  289  54424.265336  0  24.584  2.126  0.717  0.000   7.936e-02   3.655e+00   6.969e-01   0.000e+00  10  sdss  7183  82S  2 
