# SDSS CID:   5187 IAU: 2006oc   RA: 345.645538 DEC:  -0.904285  (J2000)
# GALAXY_SB [ugriz] = [ 23.83 23.28 22.11 21.26 20.82 ] +/- [  0.35  0.07  0.02  0.02  0.04 ] (asinh mag/square arcsec)
# GALAXY_SB_FLUX [ugriz] = [  8.542E-01  1.675E+00  5.128E+00  1.118E+01  1.642E+01 ] +/- [  4.409E-01  1.147E-01  1.129E-01  1.606E-01  6.122E-01 ] (microJy per square arcsec)
#FLAG  MJD       FILT  MAG     MERR  MSKYERR MGALERR  FLUX       FLUXERR    SKYERR     GALERR    NPRE TELE   RUN  STRIP  IDCCD
    0  53616.276022  1  22.361  0.182  0.074  0.259   4.025e+00   6.684e-01   2.734e-01   9.603e-01  17  sdss  5566  82N  1 
   32  53616.272705  2  22.441  0.274  0.144  0.235   3.767e+00   9.573e-01   5.150e-01   8.395e-01  18  sdss  5566  82N  1 
   32  53616.273534  3  22.382  0.454  0.293  0.385   3.877e+00   1.633e+00   1.105e+00   1.450e+00  19  sdss  5566  82N  1 
    0  53616.275193  4  23.262  0.939  0.197  0.957  -2.147e+00   5.381e+00   1.039e+00   5.035e+00  20  sdss  5566  82N  1 
   40  53616.274364  0  22.773  0.841  0.912  2.113   2.915e+00   2.003e+00   2.480e+00   5.741e+00  8  sdss  5566  82N  1 
    0  53623.266276  1  22.301  0.171  0.063  0.175   4.256e+00   6.660e-01   2.458e-01   6.863e-01  17  sdss  5590  82N  1 
   60  53623.262959  2  21.620  0.367  1.311  0.117   8.106e+00   2.660e+00   9.863e+00   8.803e-01  18  sdss  5590  82N  1 
 1156  53623.263788  3  27.564  2.844  1.059  0.089  -1.224e+01   1.496e+01   1.202e+01   1.011e+00  19  sdss  5590  82N  1 
 1196  53623.265447  4  21.685  1.122  1.797  0.548   6.701e+00   8.303e+00   1.410e+01   4.297e+00  20  sdss  5590  82N  1 
  140  53623.264617  0  22.234  0.674  0.386  0.948   4.884e+00   2.641e+00   1.683e+00   4.136e+00  8  sdss  5590  82N  1 
    1  53626.252210  1  22.471  0.277  0.072  0.172   3.632e+00   9.133e-01   2.414e-01   5.793e-01  17  sdss  5603  82N  1 
   57  53626.248893  2  22.358  0.301  0.618  0.121   4.073e+00   1.129e+00   2.376e+00   4.662e-01  18  sdss  5603  82N  1 
   40  53626.249722  3  22.862  0.569  0.338  0.208   2.397e+00   1.353e+00   8.482e-01   5.210e-01  19  sdss  5603  82N  1 
    0  53626.251381  4  22.876  0.773  0.292  0.525  -2.112e-01   4.101e+00   1.424e+00   2.563e+00  20  sdss  5603  82N  1 
   41  53626.250551  0  23.469  1.315  0.730  1.566   1.409e+00   1.958e+00   1.141e+00   2.449e+00  8  sdss  5603  82N  1 
    1  53628.237176  1  22.031  0.291  0.070  0.133   5.470e+00   1.429e+00   3.520e-01   6.663e-01  17  sdss  5610  82N  1 
   33  53628.233859  2  22.096  0.273  0.060  0.101   5.207e+00   1.302e+00   2.912e-01   4.939e-01  18  sdss  5610  82N  1 
   33  53628.234688  3  22.084  0.350  0.110  0.139   5.159e+00   1.665e+00   5.407e-01   6.827e-01  19  sdss  5610  82N  1 
   32  53628.236346  4  21.601  0.545  0.310  0.314   7.384e+00   4.395e+00   2.591e+00   2.618e+00  20  sdss  5610  82N  1 
   33  53628.235517  0  23.690  1.925  0.276  2.153   1.078e+00   3.157e+00   3.728e-01   2.904e+00  8  sdss  5610  82N  1 
    1  53635.245428  1  22.243  0.242  0.076  0.166   4.492e+00   9.845e-01   3.156e-01   6.865e-01  17  sdss  5622  82N  1 
  160  53635.242111  2  23.289  0.715  0.162  0.405   1.640e+00   1.130e+00   2.782e-01   6.935e-01  18  sdss  5622  82N  1 
   32  53635.242940  3  22.177  0.319  0.068  0.153   4.722e+00   1.402e+00   3.088e-01   6.906e-01  19  sdss  5622  82N  1 
   32  53635.244598  4  22.409  0.729  0.130  0.549   2.120e+00   4.024e+00   6.809e-01   2.880e+00  20  sdss  5622  82N  1 
   41  53635.243769  0  22.990  1.203  0.446  1.264   2.350e+00   2.281e+00   1.009e+00   2.862e+00  8  sdss  5622  82N  1 
    1  53637.238736  1  22.338  0.286  0.121  0.414   4.112e+00   1.063e+00   4.592e-01   1.570e+00  17  sdss  5633  82N  1 
   32  53637.235419  2  23.131  0.739  0.266  0.680   1.928e+00   1.310e+00   5.190e-01   1.327e+00  18  sdss  5633  82N  1 
   32  53637.236248  3  21.705  0.274  0.146  0.230   7.370e+00   1.856e+00   1.004e+00   1.587e+00  19  sdss  5633  82N  1 
   32  53637.237907  4  22.687  1.073  1.089  1.153   7.122e-01   6.154e+00   5.360e+00   5.674e+00  20  sdss  5633  82N  1 
    2  53637.237078  0  22.588  0.946  0.186  2.153   3.487e+00   2.536e+00   5.921e-01   6.863e+00  8  sdss  5633  82N  1 
    8  53644.230746  1  22.459  0.141  0.054  0.117   3.672e+00   4.760e-01   1.819e-01   3.982e-01  17  sdss  5670  82N  1 
   32  53644.227429  2  22.518  0.224  0.031  0.099   3.503e+00   7.356e-01   1.045e-01   3.286e-01  18  sdss  5670  82N  1 
   32  53644.228258  3  22.547  0.359  0.092  0.126   3.298e+00   1.140e+00   3.000e-01   4.102e-01  19  sdss  5670  82N  1 
    0  53644.229916  4  22.840  0.666  0.258  0.393  -3.469e-02   3.456e+00   1.256e+00   1.916e+00  20  sdss  5670  82N  1 
    0  53644.229087  0  22.873  0.599  0.050  0.738   2.642e+00   1.393e+00   1.242e-01   1.843e+00  8  sdss  5670  82N  1 
    8  53654.265023  1  22.238  0.145  0.157  0.131   4.513e+00   5.997e-01   6.535e-01   5.445e-01  17  sdss  5709  82N  1 
   40  53654.261706  2  22.640  0.296  0.272  0.146   3.118e+00   8.655e-01   8.121e-01   4.348e-01  18  sdss  5709  82N  1 
   32  53654.262536  3  22.536  0.417  0.169  0.143   3.335e+00   1.323e+00   5.557e-01   4.717e-01  19  sdss  5709  82N  1 
  184  53654.264194  4  22.456  0.853  2.354  0.445   1.874e+00   4.763e+00   1.217e+01   2.302e+00  20  sdss  5709  82N  1 
   32  53654.263365  0  22.983  0.785  0.053  1.008   2.367e+00   1.614e+00   1.198e-01   2.296e+00  8  sdss  5709  82N  1 
    3  53656.212220  1  21.975  0.448  0.190  0.375   5.761e+00   2.244e+00   1.006e+00   1.981e+00  17  sdss  5719  82N  1 
   33  53656.208903  2  22.105  0.416  0.227  0.256   5.164e+00   1.920e+00   1.095e+00   1.237e+00  18  sdss  5719  82N  1 
   33  53656.209732  3  23.145  1.249  0.857  0.859   1.762e+00   2.328e+00   1.722e+00   1.727e+00  19  sdss  5719  82N  1 
   32  53656.211390  4  22.224  1.186  0.922  1.384   3.125e+00   7.428e+00   5.217e+00   7.826e+00  20  sdss  5719  82N  1 
    3  53656.210561  0  26.273  2.365  0.977  4.202  -2.193e+00   5.014e+00   2.093e+00   8.998e+00  8  sdss  5719  82N  1 
    1  53663.225394  1  22.408  0.279  0.057  0.127   3.852e+00   9.734e-01   2.039e-01   4.527e-01  17  sdss  5744  82N  1 
   33  53663.222077  2  22.745  0.364  0.046  0.122   2.819e+00   9.585e-01   1.253e-01   3.329e-01  18  sdss  5744  82N  1 
   32  53663.222907  3  22.089  0.279  0.063  0.102   5.134e+00   1.336e+00   3.065e-01   4.976e-01  19  sdss  5744  82N  1 
   32  53663.224565  4  22.328  0.666  0.032  0.377   2.553e+00   3.721e+00   1.751e-01   2.040e+00  20  sdss  5744  82N  1 
    1  53663.223736  0  21.841  0.416  0.057  0.346   7.054e+00   2.474e+00   3.523e-01   2.155e+00  8  sdss  5744  82N  1 
    0  53668.214527  1  22.169  0.150  0.041  0.288   4.812e+00   6.609e-01   1.807e-01   1.274e+00  17  sdss  5770  82N  1 
   32  53668.211210  2  22.784  0.390  0.258  0.328   2.715e+00   9.889e-01   6.791e-01   8.617e-01  18  sdss  5770  82N  1 
  160  53668.212039  3  22.325  0.400  0.101  0.269   4.096e+00   1.527e+00   4.011e-01   1.064e+00  19  sdss  5770  82N  1 
   32  53668.213698  4  21.354  0.636  0.406  0.564   9.654e+00   6.030e+00   4.104e+00   5.703e+00  20  sdss  5770  82N  1 
  160  53668.212869  0  23.178  1.038  0.110  2.639   1.936e+00   1.792e+00   2.142e-01   5.133e+00  8  sdss  5770  82N  1 
    0  53670.219437  1  22.092  0.132  0.040  0.205   5.169e+00   6.235e-01   1.882e-01   9.722e-01  17  sdss  5781  82N  1 
   32  53670.216121  2  22.412  0.238  0.043  0.154   3.872e+00   8.571e-01   1.575e-01   5.625e-01  18  sdss  5781  82N  1 
   32  53670.216950  3  22.601  0.443  0.168  0.222   3.126e+00   1.326e+00   5.236e-01   6.935e-01  19  sdss  5781  82N  1 
   32  53670.218608  4  22.156  0.742  0.488  0.551   3.518e+00   4.427e+00   2.853e+00   3.222e+00  20  sdss  5781  82N  1 
    0  53670.217779  0  21.983  0.315  0.045  0.794   6.178e+00   1.677e+00   2.435e-01   4.342e+00  8  sdss  5781  82N  1 
    8  53673.186899  1  22.077  0.114  0.069  0.148   5.241e+00   5.465e-01   3.326e-01   7.116e-01  17  sdss  5792  82N  1 
   32  53673.183583  2  22.856  0.356  0.117  0.244   2.532e+00   8.536e-01   2.883e-01   6.035e-01  18  sdss  5792  82N  1 
   32  53673.184412  3  22.504  0.386  0.180  0.199   3.441e+00   1.264e+00   6.093e-01   6.724e-01  19  sdss  5792  82N  1 
   32  53673.186070  4  21.905  0.610  0.252  0.471   5.094e+00   4.063e+00   1.699e+00   3.182e+00  20  sdss  5792  82N  1 
    0  53673.185241  0  22.178  0.368  0.078  0.868   5.144e+00   1.630e+00   3.568e-01   3.977e+00  8  sdss  5792  82N  1 
    0  53675.183941  1  22.366  0.156  0.052  0.227   4.006e+00   5.729e-01   1.910e-01   8.403e-01  17  sdss  5800  82N  1 
   32  53675.180624  2  22.601  0.292  0.097  0.183   3.236e+00   8.831e-01   2.992e-01   5.670e-01  18  sdss  5800  82N  1 
   32  53675.181453  3  22.400  0.384  0.187  0.199   3.810e+00   1.377e+00   6.918e-01   7.392e-01  19  sdss  5800  82N  1 
   32  53675.183112  4  21.880  0.715  0.474  0.588   5.264e+00   4.815e+00   3.250e+00   4.033e+00  20  sdss  5800  82N  1 
   40  53675.182282  0  22.977  0.745  0.502  1.737   2.381e+00   1.550e+00   1.149e+00   3.976e+00  8  sdss  5800  82N  1 
    0  53677.204524  1  22.336  0.137  0.021  0.133   4.119e+00   5.170e-01   7.803e-02   5.067e-01  17  sdss  5813  82N  1 
   32  53677.201207  2  22.482  0.222  0.079  0.100   3.623e+00   7.532e-01   2.732e-01   3.443e-01  18  sdss  5813  82N  1 
   32  53677.202036  3  22.428  0.328  0.058  0.124   3.707e+00   1.158e+00   2.082e-01   4.483e-01  19  sdss  5813  82N  1 
   32  53677.203695  4  20.930  0.251  0.023  0.153   1.482e+01   3.574e+00   3.295e-01   2.212e+00  20  sdss  5813  82N  1 
    0  53677.202866  0  22.376  0.395  0.019  0.677   4.269e+00   1.462e+00   7.123e-02   2.602e+00  8  sdss  5813  82N  1 
    0  53680.191202  1  21.909  0.107  0.035  0.158   6.124e+00   6.005e-01   1.956e-01   8.876e-01  17  sdss  5823  82N  1 
   32  53680.187886  2  22.618  0.277  0.119  0.169   3.184e+00   8.280e-01   3.632e-01   5.159e-01  18  sdss  5823  82N  1 
   32  53680.188715  3  22.332  0.359  0.173  0.251   4.069e+00   1.371e+00   6.814e-01   9.893e-01  19  sdss  5823  82N  1 
   32  53680.190373  4  21.490  0.508  0.099  0.488   8.355e+00   4.443e+00   9.027e-01   4.428e+00  20  sdss  5823  82N  1 
   32  53680.189544  0  22.750  0.652  0.085  1.630   2.981e+00   1.656e+00   2.369e-01   4.517e+00  8  sdss  5823  82N  1 
    1  53693.191853  1  22.161  0.281  0.068  0.153   4.847e+00   1.227e+00   3.021e-01   6.837e-01  17  sdss  5878  82N  1 
   33  53693.188537  2  22.309  0.271  0.064  0.104   4.266e+00   1.066e+00   2.577e-01   4.196e-01  18  sdss  5878  82N  1 
   32  53693.189366  3  22.139  0.318  0.114  0.141   4.896e+00   1.448e+00   5.314e-01   6.572e-01  19  sdss  5878  82N  1 
   32  53693.191024  4  21.956  0.667  0.052  0.481   4.753e+00   4.319e+00   3.415e-01   3.149e+00  20  sdss  5878  82N  1 
    1  53693.190195  0  22.357  0.839  0.107  0.675   4.346e+00   2.813e+00   4.181e-01   2.639e+00  8  sdss  5878  82N  1 
  132  53698.188770  1  22.265  0.273  0.046  0.239   4.401e+00   1.086e+00   1.845e-01   9.689e-01  17  sdss  5898  82N  1 
   32  53698.185454  2  22.573  0.363  0.143  0.270   3.324e+00   1.113e+00   4.529e-01   8.555e-01  18  sdss  5898  82N  1 
   32  53698.186283  3  23.387  1.035  0.517  0.745   1.316e+00   1.722e+00   8.771e-01   1.263e+00  19  sdss  5898  82N  1 
   36  53698.187941  4  20.598  0.615  0.445  0.213   2.040e+01   1.089e+01   8.605e+00   4.125e+00  20  sdss  5898  82N  1 
 1156  53698.187112  0  22.360  0.698  0.067  1.434   4.335e+00   2.435e+00   2.605e-01   5.589e+00  8  sdss  5898  82N  1 
 1164  53699.212170  1  22.786  3.572  2.973  0.295   2.700e+00   8.969e+00   7.522e+00   7.454e-01  17  sdss  5902  82N  1 
   44  53699.208853  2  22.733  0.984  1.127  0.195   2.852e+00   2.243e+00   3.098e+00   5.358e-01  18  sdss  5902  82N  1 
 1164  53699.209682  3  27.276  0.657  0.863  0.081  -9.368e+00   5.137e+00   7.525e+00   7.094e-01  19  sdss  5902  82N  1 
 1188  53699.211341  4  21.250  2.645  1.377  0.297   1.076e+01   3.184e+01   1.514e+01   3.272e+00  20  sdss  5902  82N  1 
 1156  53699.210511  0  21.081  3.820  0.343  0.358   1.426e+01   2.225e+01   4.275e+00   4.464e+00  8  sdss  5902  82N  1 
   32  53702.182989  2  21.655  0.629  0.320  0.630   7.848e+00   4.141e+00   2.333e+00   4.588e+00  18  sdss  5909  82N  1 
 1184  53702.183818  3  22.204  2.135  1.737  1.473   4.602e+00   6.318e+00   7.653e+00   6.490e+00  19  sdss  5909  82N  1 
    0  53704.174059  1  22.095  0.136  0.068  0.201   5.155e+00   6.424e-01   3.225e-01   9.528e-01  17  sdss  5918  82N  1 
   32  53704.170743  2  22.798  0.330  0.056  0.193   2.679e+00   8.365e-01   1.457e-01   5.022e-01  18  sdss  5918  82N  1 
   32  53704.171572  3  22.893  0.546  0.126  0.229   2.320e+00   1.273e+00   3.072e-01   5.593e-01  19  sdss  5918  82N  1 
   32  53704.173230  4  21.758  0.577  0.315  0.373   6.140e+00   4.184e+00   2.347e+00   2.780e+00  20  sdss  5918  82N  1 
    0  53704.172401  0  21.996  0.309  0.034  0.545   6.103e+00   1.628e+00   1.843e-01   2.943e+00  8  sdss  5918  82N  1 
