# SDSS CID:   1820 IAU:          RA: 310.269043 DEC:   0.283728  (J2000)
# GALAXY_SB [ugriz] = [ 23.06 22.02 21.49 21.19 20.99 ] +/- [  0.00  0.00  0.00  0.00  0.00 ] (asinh mag/square arcsec)
# GALAXY_SB_FLUX [ugriz] = [  2.113E+00  5.492E+00  9.103E+00  1.193E+01  1.389E+01 ] +/- [  0.000E+00  0.000E+00  0.000E+00  0.000E+00  0.000E+00 ] (microJy per square arcsec)
#FLAG  MJD       FILT  MAG     MERR  MSKYERR MGALERR  FLUX       FLUXERR    SKYERR     GALERR    NPRE TELE   RUN  STRIP  IDCCD
  288  53623.166734  1  22.204  0.178  0.122  0.000   4.660e+00   7.624e-01   5.263e-01   0.000e+00  8  sdss  5590  82N  4 
  256  53623.163417  2  21.478  0.109  0.029  0.000   9.242e+00   9.309e-01   2.520e-01   0.000e+00  10  sdss  5590  82N  4 
  288  53623.164246  3  21.172  0.113  0.038  0.000   1.211e+01   1.259e+00   4.289e-01   0.000e+00  12  sdss  5590  82N  4 
  288  53623.165905  4  21.230  0.439  0.393  0.000   1.099e+01   4.731e+00   4.390e+00   0.000e+00  12  sdss  5590  82N  4 
  260  53623.165075  0  25.915  1.058  0.046  0.000  -1.496e+00   1.619e+00   7.548e-02   0.000e+00  7  sdss  5590  82N  4 
  289  53626.152937  1  22.381  0.261  0.091  0.000   3.952e+00   9.419e-01   3.324e-01   0.000e+00  8  sdss  5603  82N  4 
  289  53626.149620  2  21.716  0.167  0.044  0.000   7.414e+00   1.139e+00   3.045e-01   0.000e+00  10  sdss  5603  82N  4 
  288  53626.150449  3  21.590  0.194  0.061  0.000   8.208e+00   1.463e+00   4.621e-01   0.000e+00  12  sdss  5603  82N  4 
  288  53626.152107  4  21.434  0.441  0.088  0.000   8.870e+00   4.052e+00   8.362e-01   0.000e+00  12  sdss  5603  82N  4 
  257  53626.151278  0  26.219  1.261  0.070  0.000  -2.073e+00   2.244e+00   1.462e-01   0.000e+00  7  sdss  5603  82N  4 
  289  53628.137807  1  22.473  0.532  0.148  0.000   3.627e+00   1.672e+00   5.001e-01   0.000e+00  8  sdss  5610  82N  4 
  289  53628.134490  2  21.926  0.322  0.131  0.000   6.101e+00   1.778e+00   7.427e-01   0.000e+00  10  sdss  5610  82N  4 
  289  53628.135319  3  21.415  0.223  0.115  0.000   9.660e+00   1.966e+00   1.030e+00   0.000e+00  12  sdss  5610  82N  4 
  288  53628.136978  4  21.907  0.853  0.098  0.000   5.079e+00   5.664e+00   6.616e-01   0.000e+00  12  sdss  5610  82N  4 
  257  53628.136148  0  26.772  1.747  0.063  0.000  -3.585e+00   4.087e+00   2.109e-01   0.000e+00  7  sdss  5610  82N  4 
  288  53635.145729  1  23.308  0.400  0.184  0.000   1.633e+00   6.214e-01   2.966e-01   0.000e+00  8  sdss  5622  82N  4 
  288  53635.142412  2  21.993  0.154  0.037  0.000   5.732e+00   8.154e-01   1.955e-01   0.000e+00  10  sdss  5622  82N  4 
  296  53635.143241  3  21.824  0.189  0.138  0.000   6.595e+00   1.157e+00   8.539e-01   0.000e+00  12  sdss  5622  82N  4 
  292  53635.144899  4  22.160  0.684  0.225  0.000   3.498e+00   4.055e+00   1.310e+00   0.000e+00  12  sdss  5622  82N  4 
  300  53635.144070  0  23.762  1.113  0.311  0.000   9.804e-01   1.474e+00   4.069e-01   0.000e+00  7  sdss  5622  82N  4 
  288  53637.138523  1  23.483  0.491  0.270  0.000   1.370e+00   6.508e-01   3.743e-01   0.000e+00  8  sdss  5633  82N  4 
  288  53637.135206  2  22.250  0.241  0.154  0.000   4.508e+00   1.003e+00   6.509e-01   0.000e+00  10  sdss  5633  82N  4 
  288  53637.136035  3  21.989  0.298  0.116  0.000   5.646e+00   1.547e+00   6.164e-01   0.000e+00  12  sdss  5633  82N  4 
  288  53637.137693  4  21.400  0.702  0.394  0.000   9.199e+00   6.361e+00   3.828e+00   0.000e+00  12  sdss  5633  82N  4 
  260  53637.136864  0  25.196  1.515  0.254  0.000  -5.345e-01   2.046e+00   2.742e-01   0.000e+00  7  sdss  5633  82N  4 
  288  53644.130660  1  24.002  0.619  0.130  0.000   7.793e-01   5.548e-01   1.204e-01   0.000e+00  8  sdss  5670  82N  4 
  416  53644.127343  2  23.227  0.465  0.096  0.000   1.749e+00   8.035e-01   1.731e-01   0.000e+00  10  sdss  5670  82N  4 
  288  53644.128173  3  22.099  0.274  0.091  0.000   5.087e+00   1.293e+00   4.375e-01   0.000e+00  12  sdss  5670  82N  4 
  288  53644.129831  4  22.054  0.721  0.057  0.000   4.132e+00   4.466e+00   3.518e-01   0.000e+00  12  sdss  5670  82N  4 
  256  53644.129002  0  25.068  1.276  0.137  0.000  -3.987e-01   1.575e+00   1.414e-01   0.000e+00  7  sdss  5670  82N  4 
 1284  53649.124842  1  26.251  2.075  2.668  0.000  -7.945e-01   2.245e+00   2.498e+00   0.000e+00  8  sdss  5702  82N  4 
 1284  53649.121525  2  26.054  2.577  4.100  0.000  -1.237e+00   4.772e+00   5.707e+00   0.000e+00  10  sdss  5702  82N  4 
 1420  53649.122354  3  26.669  1.288  1.611  0.000  -5.306e+00   4.785e+00   8.078e+00   0.000e+00  12  sdss  5702  82N  4 
 1316  53649.124013  4  21.496  1.943  1.712  0.000   8.293e+00   1.726e+01   1.543e+01   0.000e+00  12  sdss  5702  82N  4 
 1284  53649.123184  0  22.063  1.396  0.260  0.000   5.732e+00   5.091e+00   1.360e+00   0.000e+00  7  sdss  5702  82N  4 
  289  53654.164146  1  23.128  0.512  0.145  0.000   1.948e+00   9.075e-01   2.728e-01   0.000e+00  8  sdss  5709  82N  4 
 1305  53654.160829  2  26.424  0.807  8.877  0.000  -1.835e+00   1.356e+00   1.659e+01   0.000e+00  10  sdss  5709  82N  4 
 1305  53654.161658  3  26.804  0.313  3.721  0.000  -6.028e+00   1.730e+00   2.107e+01   0.000e+00  12  sdss  5709  82N  4 
  256  53654.163317  4  21.154  0.430  0.255  0.000   1.186e+01   4.928e+00   3.032e+00   0.000e+00  12  sdss  5709  82N  4 
  297  53654.162488  0  24.585  1.686  1.292  0.000   7.853e-02   2.374e+00   1.255e+00   0.000e+00  7  sdss  5709  82N  4 
  289  53656.111704  1  24.010  1.828  1.019  0.000   7.720e-01   1.810e+00   9.383e-01   0.000e+00  8  sdss  5719  82N  4 
  289  53656.108388  2  24.107  1.439  0.845  0.000   5.939e-01   1.602e+00   8.183e-01   0.000e+00  10  sdss  5719  82N  4 
  289  53656.109217  3  23.652  1.242  0.882  0.000   9.014e-01   1.956e+00   1.275e+00   0.000e+00  12  sdss  5719  82N  4 
  256  53656.110875  4  20.482  0.318  0.184  0.000   2.276e+01   6.635e+00   3.943e+00   0.000e+00  12  sdss  5719  82N  4 
  297  53656.110046  0  23.267  2.126  1.061  0.000   1.762e+00   4.005e+00   1.964e+00   0.000e+00  7  sdss  5719  82N  4 
  258  53668.113699  1  26.499  0.719  0.198  0.000  -1.051e+00   7.580e-01   2.233e-01   0.000e+00  8  sdss  5770  82N  4 
  288  53668.110382  2  22.556  0.383  0.325  0.000   3.377e+00   1.186e+00   1.044e+00   0.000e+00  10  sdss  5770  82N  4 
  288  53668.111211  3  22.545  0.590  0.427  0.000   3.306e+00   1.790e+00   1.392e+00   0.000e+00  12  sdss  5770  82N  4 
  256  53668.112869  4  24.263  0.815  0.468  0.000  -9.172e+00   7.245e+00   4.544e+00   0.000e+00  12  sdss  5770  82N  4 
  266  53668.112040  0  27.664  0.331  0.317  0.000  -8.290e+00   2.406e+00   2.370e+00   0.000e+00  7  sdss  5770  82N  4 
  288  53670.118141  1  23.379  0.429  0.359  0.000   1.521e+00   6.248e-01   5.441e-01   0.000e+00  8  sdss  5781  82N  4 
  288  53670.114825  2  23.273  0.578  0.291  0.000   1.667e+00   9.447e-01   5.031e-01   0.000e+00  10  sdss  5781  82N  4 
  288  53670.115654  3  23.680  0.982  0.354  0.000   8.611e-01   1.465e+00   5.036e-01   0.000e+00  12  sdss  5781  82N  4 
  256  53670.117312  4  23.563  0.822  0.365  0.000  -3.838e+00   5.033e+00   2.192e+00   0.000e+00  12  sdss  5781  82N  4 
  296  53670.116483  0  23.642  1.248  1.034  0.000   1.145e+00   1.750e+00   1.458e+00   0.000e+00  7  sdss  5781  82N  4 
  256  53673.085977  1  25.372  0.832  0.425  0.000  -1.508e-01   5.479e-01   2.572e-01   0.000e+00  8  sdss  5792  82N  4 
  288  53673.082660  2  24.631  1.008  0.522  0.000   1.372e-01   9.315e-01   4.218e-01   0.000e+00  10  sdss  5792  82N  4 
  288  53673.083489  3  23.482  0.886  0.509  0.000   1.159e+00   1.404e+00   8.110e-01   0.000e+00  12  sdss  5792  82N  4 
  288  53673.085147  4  21.175  0.414  0.113  0.000   1.161e+01   4.682e+00   1.326e+00   0.000e+00  12  sdss  5792  82N  4 
  256  53673.084318  0  26.083  0.993  0.084  0.000  -1.798e+00   1.677e+00   1.571e-01   0.000e+00  7  sdss  5792  82N  4 
  288  53675.082560  1  24.489  0.796  0.593  0.000   3.914e-01   5.664e-01   4.088e-01   0.000e+00  8  sdss  5800  82N  4 
  288  53675.079243  2  22.789  0.368  0.130  0.000   2.701e+00   9.314e-01   3.403e-01   0.000e+00  10  sdss  5800  82N  4 
  288  53675.080073  3  22.717  0.518  0.265  0.000   2.783e+00   1.388e+00   7.471e-01   0.000e+00  12  sdss  5800  82N  4 
  288  53675.081731  4  22.337  0.867  0.722  0.000   2.505e+00   4.974e+00   3.893e+00   0.000e+00  12  sdss  5800  82N  4 
  288  53675.080902  0  24.160  1.321  0.195  0.000   5.072e-01   1.672e+00   2.083e-01   0.000e+00  7  sdss  5800  82N  4 
  288  53677.103542  1  24.445  0.713  0.263  0.000   4.222e-01   5.112e-01   1.854e-01   0.000e+00  8  sdss  5813  82N  4 
  288  53677.100225  2  23.348  0.526  0.090  0.000   1.541e+00   8.191e-01   1.462e-01   0.000e+00  10  sdss  5813  82N  4 
  288  53677.101055  3  22.406  0.344  0.102  0.000   3.788e+00   1.231e+00   3.768e-01   0.000e+00  12  sdss  5813  82N  4 
  256  53677.102713  4  21.062  0.292  0.083  0.000   1.301e+01   3.686e+00   1.071e+00   0.000e+00  12  sdss  5813  82N  4 
  288  53677.101884  0  23.710  1.092  0.096  0.000   1.050e+00   1.470e+00   1.302e-01   0.000e+00  7  sdss  5813  82N  4 
  288  53680.089760  1  24.163  0.643  0.222  0.000   6.376e-01   5.238e-01   1.842e-01   0.000e+00  8  sdss  5823  82N  4 
  288  53680.086443  2  23.399  0.520  0.085  0.000   1.460e+00   7.802e-01   1.332e-01   0.000e+00  10  sdss  5823  82N  4 
  288  53680.087272  3  22.762  0.433  0.079  0.000   2.658e+00   1.134e+00   2.138e-01   0.000e+00  12  sdss  5823  82N  4 
  288  53680.088931  4  22.283  0.604  0.031  0.000   2.796e+00   3.403e+00   1.726e-01   0.000e+00  12  sdss  5823  82N  4 
  288  53680.088101  0  24.420  1.231  0.088  0.000   2.399e-01   1.478e+00   8.761e-02   0.000e+00  7  sdss  5823  82N  4 
  257  53686.144662  1  26.053  1.930  0.853  0.000  -6.213e-01   1.927e+00   6.986e-01   0.000e+00  8  sdss  5864  82N  4 
  257  53686.141346  2  26.928  0.828  0.601  0.000  -3.011e+00   2.067e+00   1.736e+00   0.000e+00  10  sdss  5864  82N  4 
  289  53686.142175  3  21.828  0.376  0.192  0.000   6.570e+00   2.229e+00   1.181e+00   0.000e+00  12  sdss  5864  82N  4 
  288  53686.143833  4  22.202  1.170  0.293  0.000   3.253e+00   7.337e+00   1.675e+00   0.000e+00  12  sdss  5864  82N  4 
  259  53686.143004  0  22.812  2.547  0.831  0.000   2.806e+00   6.067e+00   2.238e+00   0.000e+00  7  sdss  5864  82N  4 
  289  53693.090363  1  24.470  1.065  0.895  0.000   4.047e-01   7.931e-01   6.226e-01   0.000e+00  8  sdss  5878  82N  4 
  256  53693.087046  2  25.591  0.988  0.632  0.000  -6.872e-01   1.031e+00   6.441e-01   0.000e+00  10  sdss  5878  82N  4 
  288  53693.087875  3  23.270  0.787  0.273  0.000   1.522e+00   1.385e+00   5.007e-01   0.000e+00  12  sdss  5878  82N  4 
  256  53693.089533  4  22.903  0.859  0.425  0.000  -3.445e-01   4.645e+00   2.077e+00   0.000e+00  12  sdss  5878  82N  4 
  256  53693.088704  0  26.001  1.244  0.173  0.000  -1.646e+00   1.978e+00   3.054e-01   0.000e+00  7  sdss  5878  82N  4 
  288  53698.087306  1  23.617  0.520  0.223  0.000   1.193e+00   6.171e-01   2.768e-01   0.000e+00  8  sdss  5898  82N  4 
  288  53698.083989  2  22.912  0.449  0.207  0.000   2.396e+00   1.008e+00   4.858e-01   0.000e+00  10  sdss  5898  82N  4 
  288  53698.084818  3  23.704  0.982  0.472  0.000   8.271e-01   1.454e+00   6.632e-01   0.000e+00  12  sdss  5898  82N  4 
  288  53698.086477  4  21.927  0.714  0.197  0.000   4.951e+00   4.691e+00   1.309e+00   0.000e+00  12  sdss  5898  82N  4 
  292  53698.085647  0  24.423  1.408  0.125  0.000   2.368e-01   1.790e+00   1.240e-01   0.000e+00  7  sdss  5898  82N  4 
  256  53699.110713  1  25.205  0.977  0.830  0.000  -5.129e-02   6.568e-01   4.901e-01   0.000e+00  8  sdss  5902  82N  4 
  288  53699.107397  2  23.273  0.608  0.191  0.000   1.667e+00   9.887e-01   3.311e-01   0.000e+00  10  sdss  5902  82N  4 
  288  53699.108226  3  24.057  1.063  0.377  0.000   3.656e-01   1.496e+00   4.646e-01   0.000e+00  12  sdss  5902  82N  4 
  288  53699.109884  4  22.796  0.977  0.697  0.000   1.814e-01   5.433e+00   3.404e+00   0.000e+00  12  sdss  5902  82N  4 
  256  53699.109055  0  25.216  1.464  0.279  0.000  -5.568e-01   1.948e+00   3.036e-01   0.000e+00  7  sdss  5902  82N  4 
  258  53702.085308  1  26.352  0.983  0.934  0.000  -8.931e-01   9.197e-01   9.419e-01   0.000e+00  8  sdss  5909  82N  4 
  290  53702.081991  2  22.926  0.684  0.318  0.000   2.363e+00   1.442e+00   7.373e-01   0.000e+00  10  sdss  5909  82N  4 
  290  53702.082820  3  22.231  0.515  0.647  0.000   4.485e+00   2.073e+00   2.771e+00   0.000e+00  12  sdss  5909  82N  4 
  258  53702.084479  4  24.476  0.681  0.706  0.000  -1.144e+01   7.248e+00   8.147e+00   0.000e+00  12  sdss  5909  82N  4 
  258  53702.083650  0  21.524  0.383  0.192  0.000   9.470e+00   3.141e+00   1.634e+00   0.000e+00  7  sdss  5909  82N  4 
  290  53703.094604  1  23.950  0.911  1.267  0.000   8.286e-01   8.258e-01   1.218e+00   0.000e+00  8  sdss  5915  82N  4 
  288  53703.091288  2  23.845  1.081  0.808  0.000   8.674e-01   1.209e+00   9.137e-01   0.000e+00  10  sdss  5915  82N  4 
  288  53703.092117  3  23.583  1.118  1.111  0.000   1.003e+00   1.751e+00   1.666e+00   0.000e+00  12  sdss  5915  82N  4 
  256  53703.093775  4  23.452  1.097  0.343  0.000  -3.186e+00   6.757e+00   1.947e+00   0.000e+00  12  sdss  5915  82N  4 
  298  53703.092946  0  24.000  1.690  1.917  0.000   6.860e-01   2.461e+00   2.199e+00   0.000e+00  7  sdss  5915  82N  4 
  288  53704.073086  1  23.299  0.410  0.290  0.000   1.648e+00   6.413e-01   4.695e-01   0.000e+00  8  sdss  5918  82N  4 
  288  53704.069769  2  24.403  1.114  0.715  0.000   3.259e-01   1.084e+00   6.101e-01   0.000e+00  10  sdss  5918  82N  4 
  288  53704.070598  3  22.711  0.553  0.284  0.000   2.799e+00   1.479e+00   8.039e-01   0.000e+00  12  sdss  5918  82N  4 
  288  53704.072257  4  20.977  0.374  0.117  0.000   1.415e+01   5.014e+00   1.613e+00   0.000e+00  12  sdss  5918  82N  4 
  256  53704.071428  0  24.931  1.473  0.265  0.000  -2.600e-01   1.920e+00   2.642e-01   0.000e+00  7  sdss  5918  82N  4 
