# SDSS CID:   2458 IAU:          RA: 345.456909 DEC:   0.597673  (J2000)
# GALAXY_SB [ugriz] = [ 24.73 24.42 24.05 23.64 22.51 ] +/- [  0.25  0.14  0.11  0.11  0.12 ] (asinh mag/square arcsec)
# GALAXY_SB_FLUX [ugriz] = [ -8.933E-02  4.406E-01  6.512E-01  9.243E-01  1.568E+00 ] +/- [  2.404E-01  9.970E-02  1.139E-01  1.594E-01  5.970E-01 ] (microJy per square arcsec)
#FLAG  MJD       FILT  MAG     MERR  MSKYERR MGALERR  FLUX       FLUXERR    SKYERR     GALERR    NPRE TELE   RUN  STRIP  IDCCD
    0  53622.288413  1  22.602  0.238  0.440  0.370   3.213e+00   7.105e-01   1.334e+00   1.122e+00  12  sdss  5582  82S  5 
    0  53622.285097  2  22.835  0.483  0.711  0.614   2.584e+00   1.156e+00   1.793e+00   1.550e+00  12  sdss  5582  82S  5 
    0  53622.285926  3  21.722  0.291  0.462  0.261   7.255e+00   1.943e+00   3.151e+00   1.782e+00  12  sdss  5582  82S  5 
    0  53622.287584  4  22.294  0.947  0.701  0.851   2.734e+00   5.570e+00   3.853e+00   4.680e+00  13  sdss  5582  82S  5 
 1210  53622.286755  0  24.184  1.619  9.322  4.038   4.815e-01   2.259e+00   9.922e+00   4.298e+00  10  sdss  5582  82S  5 
    1  53627.245747  1  21.922  0.178  0.043  0.078   6.051e+00   9.926e-01   2.404e-01   4.369e-01  12  sdss  5607  82S  5 
    1  53627.242430  2  21.672  0.153  0.072  0.073   7.721e+00   1.092e+00   5.215e-01   5.238e-01  12  sdss  5607  82S  5 
    0  53627.243259  3  21.921  0.253  0.127  0.104   6.020e+00   1.418e+00   7.232e-01   5.946e-01  12  sdss  5607  82S  5 
    0  53627.244918  4  22.349  0.710  0.219  0.462   2.437e+00   3.972e+00   1.175e+00   2.483e+00  13  sdss  5607  82S  5 
   33  53627.244088  0  23.660  1.526  0.607  0.789   1.120e+00   2.244e+00   8.562e-01   1.113e+00  10  sdss  5607  82S  5 
    1  53634.237757  1  21.391  0.380  0.291  0.262   9.885e+00   3.346e+00   2.665e+00   2.401e+00  12  sdss  5619  82S  5 
    3  53634.234440  2  22.194  0.492  0.497  0.503   4.751e+00   2.068e+00   2.224e+00   2.250e+00  12  sdss  5619  82S  5 
    2  53634.235270  3  21.527  0.328  0.441  0.367   8.702e+00   2.596e+00   3.593e+00   2.993e+00  12  sdss  5619  82S  5 
    2  53634.236928  4  23.826  1.049  1.140  1.496  -5.550e+00   7.267e+00   8.086e+00   1.061e+01  13  sdss  5619  82S  5 
 1163  53634.236099  0  21.999  1.248  2.755  1.246   6.086e+00   5.170e+00   1.559e+01   7.048e+00  10  sdss  5619  82S  5 
   25  53636.243182  1  22.097  0.286  1.301  0.142   5.145e+00   1.343e+00   6.247e+00   6.808e-01  12  sdss  5628  82S  5 
  152  53636.239866  2  22.040  0.230  1.189  0.112   5.485e+00   1.167e+00   6.115e+00   5.775e-01  12  sdss  5628  82S  5 
  152  53636.240695  3  21.720  0.241  0.479  0.124   7.269e+00   1.622e+00   3.276e+00   8.465e-01  12  sdss  5628  82S  5 
    8  53636.242353  4  22.224  0.810  0.833  0.554   3.128e+00   4.766e+00   4.723e+00   3.142e+00  13  sdss  5628  82S  5 
  129  53636.241524  0  23.016  1.272  1.212  0.627   2.289e+00   2.426e+00   2.799e+00   1.447e+00  10  sdss  5628  82S  5 
    0  53638.279042  1  22.533  0.185  0.098  0.130   3.428e+00   5.930e-01   3.160e-01   4.195e-01  12  sdss  5637  82S  5 
    0  53638.275725  2  21.544  0.101  0.033  0.045   8.693e+00   8.121e-01   2.636e-01   3.605e-01  12  sdss  5637  82S  5 
    0  53638.276554  3  21.700  0.178  0.109  0.074   7.406e+00   1.227e+00   7.568e-01   5.178e-01  12  sdss  5637  82S  5 
    0  53638.278213  4  22.259  0.641  0.191  0.394   2.933e+00   3.661e+00   1.067e+00   2.199e+00  13  sdss  5637  82S  5 
  160  53638.277384  0  23.711  1.128  0.268  0.801   1.049e+00   1.533e+00   3.661e-01   1.093e+00  10  sdss  5637  82S  5 
 1156  53648.285133  1  21.693  0.497  0.296  0.147   7.479e+00   3.234e+00   2.061e+00   1.020e+00  12  sdss  5698  82S  5 
    0  53648.281816  2  22.199  0.207  0.119  0.159   4.728e+00   9.095e-01   5.309e-01   7.084e-01  12  sdss  5698  82S  5 
   32  53648.282646  3  22.743  0.635  1.774  0.331   2.712e+00   1.640e+00   4.928e+00   9.189e-01  12  sdss  5698  82S  5 
 1152  53648.284304  4  21.495  0.663  0.289  0.527   8.301e+00   5.704e+00   2.633e+00   4.802e+00  13  sdss  5698  82S  5 
  164  53648.283475  0  24.209  1.637  2.633  2.285   4.560e-01   2.296e+00   2.777e+00   2.411e+00  10  sdss  5698  82S  5 
    1  53655.214719  1  26.244  1.583  1.123  1.443  -7.887e-01   1.481e+00   1.053e+00   1.354e+00  12  sdss  5713  82S  5 
  129  53655.211402  2  22.219  0.362  0.287  0.318   4.640e+00   1.531e+00   1.257e+00   1.392e+00  12  sdss  5713  82S  5 
  160  53655.212231  3  22.757  0.794  1.019  0.638   2.673e+00   1.967e+00   2.795e+00   1.751e+00  12  sdss  5713  82S  5 
  128  53655.213889  4  21.896  0.962  0.968  1.158   5.155e+00   6.478e+00   6.616e+00   7.910e+00  13  sdss  5713  82S  5 
 1155  53655.213060  0  26.335  1.844  2.025  1.619  -2.335e+00   3.526e+00   4.752e+00   3.801e+00  10  sdss  5713  82S  5 
   33  53664.238950  1  24.610  1.460  0.652  1.289   3.101e-01   1.175e+00   4.269e-01   8.447e-01  12  sdss  5754  82S  5 
   33  53664.235633  2  24.345  1.194  0.786  0.867   3.764e-01   1.197e+00   6.849e-01   7.556e-01  12  sdss  5754  82S  5 
    0  53664.236462  3  22.249  0.407  0.264  0.230   4.409e+00   1.663e+00   1.121e+00   9.791e-01  12  sdss  5754  82S  5 
    0  53664.238120  4  23.397  0.795  0.303  0.594  -2.878e+00   4.602e+00   1.684e+00   3.305e+00  13  sdss  5754  82S  5 
  129  53664.237291  0  27.357  0.659  0.279  0.501  -6.228e+00   3.425e+00   1.612e+00   2.900e+00  10  sdss  5754  82S  5 
    0  53666.202308  1  24.550  0.831  0.479  0.579   3.497e-01   5.842e-01   3.217e-01   3.888e-01  12  sdss  5763  82S  5 
    0  53666.198992  2  22.933  0.361  0.105  0.168   2.348e+00   8.132e-01   2.432e-01   3.889e-01  12  sdss  5763  82S  5 
   32  53666.199821  3  23.106  0.653  0.208  0.241   1.841e+00   1.290e+00   4.318e-01   4.995e-01  12  sdss  5763  82S  5 
    0  53666.201479  4  21.979  0.609  0.070  0.285   4.607e+00   3.919e+00   4.551e-01   1.848e+00  13  sdss  5763  82S  5 
   32  53666.200650  0  23.370  0.952  0.377  0.634   1.576e+00   1.521e+00   6.556e-01   1.102e+00  10  sdss  5763  82S  5 
   32  53669.198114  1  24.974  0.842  0.760  1.314   8.484e-02   5.498e-01   4.518e-01   7.807e-01  12  sdss  5776  82S  5 
    0  53669.194797  2  23.417  0.555  0.242  0.378   1.432e+00   8.212e-01   3.755e-01   5.863e-01  12  sdss  5776  82S  5 
   32  53669.195626  3  22.807  0.537  0.356  0.281   2.540e+00   1.344e+00   9.389e-01   7.402e-01  12  sdss  5776  82S  5 
    0  53669.197285  4  22.862  0.822  0.523  0.664  -1.408e-01   4.403e+00   2.550e+00   3.241e+00  13  sdss  5776  82S  5 
    0  53669.196455  0  23.021  0.696  0.232  0.638   2.277e+00   1.470e+00   5.342e-01   1.467e+00  10  sdss  5776  82S  5 
    0  53671.282655  1  23.872  0.687  0.412  0.855   9.055e-01   6.679e-01   4.219e-01   8.755e-01  12  sdss  5786  82S  5 
   32  53671.279339  2  24.367  1.084  0.991  1.223   3.574e-01   1.053e+00   8.570e-01   1.058e+00  12  sdss  5786  82S  5 
   32  53671.280168  3  22.971  0.725  0.861  0.530   2.135e+00   1.556e+00   1.985e+00   1.223e+00  12  sdss  5786  82S  5 
    0  53671.281826  4  21.516  0.542  0.179  0.414   8.113e+00   4.668e+00   1.607e+00   3.710e+00  13  sdss  5786  82S  5 
  128  53671.280997  0  26.820  0.739  0.639  0.768  -3.752e+00   2.340e+00   2.283e+00   2.743e+00  10  sdss  5786  82S  5 
    2  53674.181772  1  26.805  0.548  0.881  1.282  -1.444e+00   7.552e-01   1.286e+00   1.872e+00  12  sdss  5797  82S  5 
   32  53674.178456  2  24.465  0.956  0.689  0.922   2.737e-01   8.883e-01   5.776e-01   7.731e-01  12  sdss  5797  82S  5 
   32  53674.179285  3  22.931  0.613  0.500  0.433   2.230e+00   1.378e+00   1.191e+00   1.032e+00  12  sdss  5797  82S  5 
    0  53674.180943  4  23.803  0.690  0.418  0.773  -5.389e+00   4.714e+00   2.920e+00   5.399e+00  13  sdss  5797  82S  5 
    0  53674.180114  0  22.763  0.612  0.571  0.656   2.942e+00   1.619e+00   1.634e+00   1.879e+00  10  sdss  5797  82S  5 
    0  53676.271031  1  25.575  0.785  0.306  0.764  -2.767e-01   5.321e-01   1.963e-01   4.904e-01  12  sdss  5807  82S  5 
    0  53676.267715  2  23.767  0.675  0.260  0.349   9.583e-01   7.832e-01   3.107e-01   4.172e-01  12  sdss  5807  82S  5 
   32  53676.268544  3  23.142  0.611  0.288  0.240   1.768e+00   1.184e+00   5.814e-01   4.857e-01  12  sdss  5807  82S  5 
    0  53676.270202  4  22.265  0.591  0.193  0.315   2.899e+00   3.356e+00   1.074e+00   1.755e+00  13  sdss  5807  82S  5 
    0  53676.269373  0  25.350  1.184  0.299  0.896  -7.081e-01   1.498e+00   3.491e-01   1.044e+00  10  sdss  5807  82S  5 
   32  53679.242614  1  24.931  0.873  0.703  1.116   1.109e-01   5.760e-01   4.202e-01   6.671e-01  12  sdss  5820  82S  5 
   32  53679.239297  2  24.482  1.017  0.404  0.923   2.596e-01   9.556e-01   3.367e-01   7.702e-01  12  sdss  5820  82S  5 
    0  53679.240126  3  25.729  0.642  0.469  0.399  -2.081e+00   1.371e+00   1.060e+00   9.031e-01  12  sdss  5820  82S  5 
    0  53679.241785  4  21.679  0.536  0.268  0.409   6.747e+00   4.127e+00   2.125e+00   3.245e+00  13  sdss  5820  82S  5 
   32  53679.240955  0  23.627  1.289  1.262  1.408   1.167e+00   1.836e+00   1.822e+00   2.032e+00  10  sdss  5820  82S  5 
    0  53681.233916  1  25.922  0.689  0.471  0.627  -5.180e-01   5.226e-01   3.580e-01   4.760e-01  12  sdss  5836  82S  5 
  152  53681.230599  2  23.586  0.721  1.943  0.278   1.188e+00   9.306e-01   2.641e+00   3.780e-01  12  sdss  5836  82S  5 
   36  53681.231428  3  23.311  0.780  0.857  0.258   1.449e+00   1.348e+00   1.534e+00   4.610e-01  12  sdss  5836  82S  5 
    0  53681.233087  4  22.215  0.592  0.145  0.335   3.179e+00   3.425e+00   8.247e-01   1.909e+00  13  sdss  5836  82S  5 
   36  53681.232258  0  23.855  1.182  0.957  0.719   8.602e-01   1.543e+00   1.194e+00   8.975e-01  10  sdss  5836  82S  5 
    1  53685.192982  1  27.186  2.080  1.863  0.450  -2.100e+00   2.932e+00   3.782e+00   9.137e-01  12  sdss  5853  82S  5 
 1177  53685.189665  2  22.839  1.797 83.651  0.373   2.574e+00   3.251e+00   2.104e+02   9.389e-01  12  sdss  5853  82S  5 
   33  53685.190494  3  23.454  1.865  3.031  0.720   1.204e+00   3.648e+00   4.928e+00   1.171e+00  12  sdss  5853  82S  5 
    1  53685.192153  4  21.331  0.814  0.539  0.348   9.897e+00   7.680e+00   5.599e+00   3.619e+00  13  sdss  5853  82S  5 
   33  53685.191323  0  24.429  2.532  1.767  2.340   2.314e-01   5.368e+00   1.752e+00   2.321e+00  10  sdss  5853  82S  5 
    1  53687.230962  1  23.176  1.379  0.332  0.313   1.859e+00   1.908e+00   6.034e-01   5.700e-01  12  sdss  5870  82S  5 
    1  53687.227645  2  22.896  0.850  0.240  0.270   2.435e+00   1.769e+00   5.743e-01   6.470e-01  12  sdss  5870  82S  5 
   33  53687.228475  3  22.967  0.897  0.386  0.314   2.147e+00   1.885e+00   8.943e-01   7.272e-01  12  sdss  5870  82S  5 
    0  53687.230133  4  23.920  0.608  0.193  0.343  -6.233e+00   4.463e+00   1.461e+00   2.591e+00  13  sdss  5870  82S  5 
  129  53687.229304  0  21.464  0.627  0.114  0.177   1.001e+01   5.226e+00   1.048e+00   1.634e+00  10  sdss  5870  82S  5 
    4  53697.189504  1  23.777  1.045  1.020  0.589   1.006e+00   1.039e+00   1.124e+00   6.491e-01  12  sdss  5895  82S  5 
   44  53697.186188  2  24.512  1.349  2.767  0.901   2.348e-01   1.392e+00   2.291e+00   7.463e-01  12  sdss  5895  82S  5 
    4  53697.187017  3  25.543  0.946  1.271  0.440  -1.691e+00   1.740e+00   2.496e+00   8.633e-01  12  sdss  5895  82S  5 
    4  53697.188675  4  20.708  0.319  0.173  0.155   1.836e+01   5.510e+00   3.067e+00   2.743e+00  13  sdss  5895  82S  5 
  132  53697.187846  0  21.499  0.349  0.321  0.216   9.690e+00   3.011e+00   2.869e+00   1.926e+00  10  sdss  5895  82S  5 
    0  53700.188110  1  26.305  0.608  0.327  0.684  -8.469e-01   5.735e-01   3.204e-01   6.703e-01  12  sdss  5905  82S  5 
    0  53700.184794  2  25.110  0.968  0.685  0.877  -2.495e-01   8.981e-01   5.700e-01   7.294e-01  12  sdss  5905  82S  5 
   32  53700.185623  3  24.251  1.079  1.346  0.915   1.318e-01   1.501e+00   1.603e+00   1.089e+00  12  sdss  5905  82S  5 
    0  53700.187281  4  22.352  0.733  0.273  0.506   2.422e+00   4.112e+00   1.464e+00   2.719e+00  13  sdss  5905  82S  5 
    0  53700.186452  0  26.721  0.564  0.176  0.615  -3.412e+00   1.718e+00   5.763e-01   2.014e+00  10  sdss  5905  82S  5 
    0  53705.174496  1  25.563  0.813  0.647  0.978  -2.690e-01   5.519e-01   4.134e-01   6.250e-01  12  sdss  5924  82S  5 
   32  53705.171180  2  24.046  0.835  0.394  0.669   6.542e-01   8.496e-01   3.950e-01   6.705e-01  12  sdss  5924  82S  5 
    0  53705.172009  3  24.871  0.902  0.510  0.601  -6.256e-01   1.269e+00   6.725e-01   7.930e-01  12  sdss  5924  82S  5 
    0  53705.173667  4  22.358  0.676  0.439  0.574   2.390e+00   3.759e+00   2.354e+00   3.077e+00  13  sdss  5924  82S  5 
   32  53705.172838  0  23.794  1.142  0.660  1.150   9.381e-01   1.510e+00   8.539e-01   1.490e+00  10  sdss  5924  82S  5 
