# SDSS CID:  17121 IAU:          RA:  32.818459 DEC:  -0.364001  (J2000)
# GALAXY_SB [ugriz] = [ 24.44 24.53 24.12 23.64 22.49 ] +/- [  0.26  0.10  0.09  0.07  0.10 ] (asinh mag/square arcsec)
# GALAXY_SB_FLUX [ugriz] = [  1.909E-01  3.611E-01  5.812E-01  9.247E-01  1.652E+00 ] +/- [  2.577E-01  6.499E-02  8.491E-02  1.047E-01  4.885E-01 ] (microJy per square arcsec)
#FLAG  MJD       FILT  MAG     MERR  MSKYERR MGALERR  FLUX       FLUXERR    SKYERR     GALERR    NPRE TELE   RUN  STRIP  IDCCD
   32  53975.393261  1  24.928  0.776  0.684  0.764   1.127e-01   5.016e-01   4.088e-01   4.569e-01  15  sdss  6287  82S  3 
   32  53975.389944  2  23.625  0.652  0.232  0.456   1.136e+00   8.238e-01   3.060e-01   6.004e-01  13  sdss  6287  82S  3 
   32  53975.390773  3  24.107  0.934  0.593  0.561   3.046e-01   1.265e+00   7.221e-01   6.822e-01  14  sdss  6287  82S  3 
    0  53975.392432  4  22.465  0.772  0.658  0.545   1.829e+00   4.243e+00   3.396e+00   2.813e+00  12  sdss  6287  82S  3 
  128  53975.391602  0  25.605  1.223  0.282  1.972  -1.029e+00   1.658e+00   3.744e-01   2.620e+00  10  sdss  6287  82S  3 
   32  53994.417544  1  25.101  0.851  0.719  0.688   1.029e-02   5.542e-01   4.237e-01   4.054e-01  15  sdss  6355  82S  3 
   32  53994.414227  2  23.631  0.646  0.317  0.404   1.128e+00   8.134e-01   4.156e-01   5.300e-01  13  sdss  6355  82S  3 
   32  53994.415056  3  23.935  0.892  0.144  0.461   5.192e-01   1.230e+00   1.842e-01   5.884e-01  14  sdss  6355  82S  3 
    0  53994.416715  4  24.033  0.489  0.077  0.299  -7.124e+00   3.898e+00   6.322e-01   2.449e+00  12  sdss  6355  82S  3 
    8  53994.415886  0  25.179  1.346  1.121  1.721  -5.161e-01   1.716e+00   1.201e+00   1.843e+00  10  sdss  6355  82S  3 
    0  53996.401457  1  25.276  0.747  0.197  0.655  -9.301e-02   4.785e-01   1.171e-01   3.898e-01  15  sdss  6367  82S  3 
   32  53996.398140  2  24.410  0.913  0.787  0.872   3.201e-01   8.475e-01   6.705e-01   7.429e-01  13  sdss  6367  82S  3 
   32  53996.398969  3  24.137  0.944  0.676  0.626   2.683e-01   1.277e+00   8.185e-01   7.568e-01  14  sdss  6367  82S  3 
    0  53996.400627  4  23.319  0.695  0.511  0.472  -2.449e+00   3.882e+00   2.749e+00   2.537e+00  12  sdss  6367  82S  3 
    0  53996.399798  0  26.179  0.860  0.135  1.201  -1.989e+00   1.562e+00   2.715e-01   2.412e+00  10  sdss  6367  82S  3 
    0  54005.414728  1  25.490  0.681  0.183  0.380  -2.231e-01   4.454e-01   1.139e-01   2.369e-01  15  sdss  6404  82S  3 
    0  54005.411410  2  25.133  0.751  0.088  0.284  -2.685e-01   6.682e-01   7.359e-02   2.379e-01  13  sdss  6404  82S  3 
   32  54005.412239  3  24.224  0.827  0.284  0.262   1.642e-01   1.082e+00   3.392e-01   3.131e-01  14  sdss  6404  82S  3 
    0  54005.413898  4  21.674  0.424  0.178  0.160   6.785e+00   3.305e+00   1.417e+00   1.269e+00  12  sdss  6404  82S  3 
    0  54005.413069  0  25.163  1.153  0.145  1.119  -4.994e-01   1.392e+00   1.546e-01   1.192e+00  10  sdss  6404  82S  3 
    0  54008.361447  1  25.745  0.776  0.163  0.840  -3.897e-01   5.510e-01   1.125e-01   5.784e-01  15  sdss  6417  82S  3 
   32  54008.358129  2  24.565  0.876  0.452  0.605   1.909e-01   7.884e-01   3.697e-01   4.947e-01  13  sdss  6417  82S  3 
    0  54008.358959  3  23.440  0.774  0.270  0.360   1.228e+00   1.249e+00   4.425e-01   5.898e-01  14  sdss  6417  82S  3 
    0  54008.360617  4  23.729  0.677  0.074  0.417  -4.883e+00   4.442e+00   4.916e-01   2.771e+00  12  sdss  6417  82S  3 
  136  54008.359788  0  23.010  1.022  0.658  1.232   2.302e+00   1.989e+00   1.483e+00   2.779e+00  10  sdss  6417  82S  3 
    0  54010.355914  1  24.610  0.636  0.147  0.297   3.100e-01   4.281e-01   9.611e-02   1.944e-01  15  sdss  6425  82S  3 
   32  54010.352596  2  24.431  0.721  0.224  0.239   3.022e-01   6.438e-01   1.897e-01   2.026e-01  13  sdss  6425  82S  3 
   32  54010.353426  3  24.122  0.764  0.070  0.186   2.865e-01   9.967e-01   8.525e-02   2.259e-01  14  sdss  6425  82S  3 
    0  54010.355084  4  23.425  0.517  0.076  0.206  -3.036e+00   2.946e+00   4.290e-01   1.158e+00  12  sdss  6425  82S  3 
  136  54010.354255  0  25.506  0.970  0.266  0.768  -8.982e-01   1.234e+00   3.339e-01   9.622e-01  10  sdss  6425  82S  3 
    9  54012.349121  1  23.272  0.849  0.969  0.175   1.691e+00   1.231e+00   1.606e+00   2.905e-01  15  sdss  6433  82S  3 
    9  54012.345804  2  24.915  1.156  1.478  0.335  -9.040e-02   1.110e+00   1.187e+00   2.689e-01  13  sdss  6433  82S  3 
 1049  54012.346633  3  24.784  1.057  5.199  0.234  -5.121e-01   1.509e+00   6.628e+00   2.981e-01  14  sdss  6433  82S  3 
    8  54012.348292  4  23.294  0.880  0.865  0.300  -2.316e+00   5.022e+00   4.608e+00   1.597e+00  12  sdss  6433  82S  3 
    5  54012.347463  0  24.608  1.872  0.533  1.186   5.620e-02   2.856e+00   5.169e-01   1.151e+00  10  sdss  6433  82S  3 
    1  54020.354974  1  22.867  0.494  0.223  0.301   2.501e+00   1.102e+00   5.285e-01   7.131e-01  15  sdss  6447  82S  3 
    0  54020.351657  2  23.040  0.528  0.190  0.266   2.112e+00   1.050e+00   3.994e-01   5.603e-01  13  sdss  6447  82S  3 
    0  54020.352486  3  23.039  0.690  0.240  0.263   1.983e+00   1.419e+00   5.236e-01   5.743e-01  14  sdss  6447  82S  3 
    0  54020.354145  4  23.932  0.678  0.403  0.411  -6.321e+00   4.974e+00   3.066e+00   3.130e+00  12  sdss  6447  82S  3 
  129  54020.353315  0  23.716  1.669  0.872  1.689   1.041e+00   2.506e+00   1.166e+00   2.258e+00  10  sdss  6447  82S  3 
    0  54024.436695  1  23.694  0.595  0.377  0.443   1.101e+00   6.592e-01   4.404e-01   5.169e-01  15  sdss  6458  82S  3 
    0  54024.433378  2  25.105  1.047  0.167  0.861  -2.452e-01   9.890e-01   1.389e-01   7.146e-01  13  sdss  6458  82S  3 
    0  54024.434207  3  25.014  0.939  0.426  0.541  -8.195e-01   1.381e+00   5.989e-01   7.608e-01  14  sdss  6458  82S  3 
    0  54024.435866  4  23.487  0.778  0.646  0.559  -3.389e+00   4.627e+00   3.742e+00   3.242e+00  12  sdss  6458  82S  3 
    8  54024.435036  0  22.976  1.095  0.972  1.151   2.383e+00   2.151e+00   2.254e+00   2.671e+00  10  sdss  6458  82S  3 
    0  54028.425278  1  26.246  0.547  0.214  0.345  -7.903e-01   4.963e-01   1.995e-01   3.222e-01  15  sdss  6471  82S  3 
    0  54028.421961  2  25.496  0.854  0.328  0.408  -5.929e-01   8.492e-01   3.170e-01   3.944e-01  13  sdss  6471  82S  3 
    0  54028.422790  3  25.542  0.702  0.162  0.238  -1.689e+00   1.313e+00   3.165e-01   4.668e-01  14  sdss  6471  82S  3 
    0  54028.424449  4  23.476  0.741  0.358  0.323  -3.326e+00   4.374e+00   2.065e+00   1.862e+00  12  sdss  6471  82S  3 
  128  54028.423620  0  26.624  0.589  0.027  0.494  -3.108e+00   1.595e+00   7.724e-02   1.440e+00  10  sdss  6471  82S  3 
    0  54030.348923  1  26.051  0.546  0.210  0.258  -6.191e-01   4.404e-01   1.718e-01   2.106e-01  15  sdss  6479  82S  3 
   32  54030.345606  2  23.882  0.656  0.126  0.211   8.261e-01   7.132e-01   1.386e-01   2.327e-01  13  sdss  6479  82S  3 
    0  54030.346435  3  25.342  0.653  0.090  0.147  -1.325e+00   1.088e+00   1.530e-01   2.503e-01  14  sdss  6479  82S  3 
    0  54030.348094  4  23.074  0.656  0.282  0.227  -1.187e+00   3.455e+00   1.411e+00   1.136e+00  12  sdss  6479  82S  3 
  128  54030.347264  0  25.612  0.998  0.235  0.738  -1.038e+00   1.325e+00   3.134e-01   9.853e-01  10  sdss  6479  82S  3 
    0  54035.424637  1  24.637  0.947  0.790  1.154   2.924e-01   6.636e-01   5.114e-01   7.467e-01  15  sdss  6501  82S  3 
    0  54035.421320  2  25.368  1.107  1.070  0.835  -4.729e-01   1.108e+00   9.741e-01   7.597e-01  13  sdss  6501  82S  3 
  160  54035.422149  3  24.167  1.099  0.885  0.645   2.323e-01   1.546e+00   1.065e+00   7.757e-01  14  sdss  6501  82S  3 
    0  54035.423808  4  23.880  0.798  0.608  0.504  -5.934e+00   5.652e+00   4.465e+00   3.698e+00  12  sdss  6501  82S  3 
 1152  54035.422978  0  26.254  1.267  0.349  1.585  -2.150e+00   2.285e+00   7.442e-01   3.382e+00  10  sdss  6501  82S  3 
    0  54037.329756  1  25.892  0.645  0.057  0.487  -4.954e-01   4.807e-01   4.212e-02   3.624e-01  15  sdss  6508  82S  3 
    0  54037.326439  2  24.876  0.773  0.084  0.304  -5.912e-02   6.719e-01   6.726e-02   2.435e-01  13  sdss  6508  82S  3 
    0  54037.327268  3  23.294  0.577  0.075  0.134   1.479e+00   1.016e+00   1.357e-01   2.419e-01  14  sdss  6508  82S  3 
    0  54037.328927  4  22.192  0.557  0.255  0.273   3.307e+00   3.238e+00   1.465e+00   1.571e+00  12  sdss  6508  82S  3 
   32  54037.328098  0  24.300  1.147  0.046  0.956   3.610e-01   1.357e+00   4.685e-02   9.750e-01  10  sdss  6508  82S  3 
    1  54040.344476  1  25.015  1.225  0.603  0.538   6.069e-02   8.860e-01   3.566e-01   3.182e-01  15  sdss  6518  82S  3 
    1  54040.341159  2  25.121  1.090  0.337  0.428  -2.585e-01   1.043e+00   2.808e-01   3.570e-01  13  sdss  6518  82S  3 
    1  54040.341988  3  24.530  1.081  0.389  0.412  -1.992e-01   1.509e+00   4.668e-01   4.934e-01  14  sdss  6518  82S  3 
    0  54040.343647  4  22.170  0.760  0.208  0.332   3.439e+00   4.527e+00   1.209e+00   1.935e+00  12  sdss  6518  82S  3 
  137  54040.342817  0  24.210  1.526  1.012  1.407   4.548e-01   2.054e+00   1.062e+00   1.476e+00  10  sdss  6518  82S  3 
  131  54047.374593  1  28.088  0.741  0.285  0.319  -4.908e+00   2.935e+00   1.294e+00   1.445e+00  15  sdss  6530  82S  3 
   11  54047.371276  2  21.670  0.435  1.260  0.257   7.738e+00   2.963e+00   9.043e+00   1.846e+00  13  sdss  6530  82S  3 
  139  54047.372105  3  25.605  1.596  3.966  0.961  -1.815e+00   3.115e+00   8.146e+00   1.973e+00  14  sdss  6530  82S  3 
  128  54047.373763  4  23.867  1.104  0.769  0.983  -5.840e+00   7.792e+00   5.596e+00   7.149e+00  12  sdss  6530  82S  3 
    3  54047.372934  0  22.802  3.068  0.593  2.914   2.832e+00   9.247e+00   1.594e+00   7.829e+00  10  sdss  6530  82S  3 
    1  54049.370538  1  25.638  1.414  0.437  0.743  -3.180e-01   1.123e+00   2.874e-01   4.883e-01  15  sdss  6537  82S  3 
   33  54049.367221  2  24.005  1.190  0.276  0.639   6.954e-01   1.279e+00   2.830e-01   6.542e-01  13  sdss  6537  82S  3 
   32  54049.368050  3  23.645  1.060  0.560  0.476   9.114e-01   1.618e+00   8.132e-01   6.921e-01  14  sdss  6537  82S  3 
    0  54049.369709  4  23.036  0.940  0.358  0.591  -9.982e-01   5.227e+00   1.778e+00   2.936e+00  12  sdss  6537  82S  3 
  129  54049.368879  0  21.853  0.701  0.119  0.406   6.972e+00   3.876e+00   7.416e-01   2.533e+00  10  sdss  6537  82S  3 
  152  54053.350284  1  23.877  0.640  1.710  0.405   9.005e-01   6.203e-01   1.734e+00   4.107e-01  15  sdss  6556  82S  3 
    8  54053.346967  2  23.177  0.477  0.339  0.203   1.840e+00   8.552e-01   6.347e-01   3.810e-01  13  sdss  6556  82S  3 
 1176  54053.347796  3  25.613  0.693  5.942  0.218  -1.831e+00   1.358e+00   1.228e+01   4.499e-01  14  sdss  6556  82S  3 
 1176  54053.349455  4  21.471  0.583  4.849  0.240   8.521e+00   5.148e+00   4.490e+01   2.227e+00  12  sdss  6556  82S  3 
 1160  54053.348625  0  25.433  1.314  1.049  1.357  -8.075e-01   1.733e+00   1.263e+00   1.633e+00  10  sdss  6556  82S  3 
    0  54056.336268  1  23.425  0.412  0.120  0.360   1.453e+00   5.801e-01   1.754e-01   5.247e-01  15  sdss  6568  82S  3 
    0  54056.332951  2  22.600  0.305  0.139  0.179   3.239e+00   9.207e-01   4.305e-01   5.538e-01  13  sdss  6568  82S  3 
   32  54056.333780  3  23.612  0.951  0.208  0.478   9.612e-01   1.445e+00   3.085e-01   7.074e-01  14  sdss  6568  82S  3 
    0  54056.335439  4  23.815  0.796  0.106  0.498  -5.469e+00   5.449e+00   7.467e-01   3.495e+00  12  sdss  6568  82S  3 
    0  54056.334609  0  23.792  1.585  0.301  2.033   9.409e-01   2.292e+00   3.840e-01   2.597e+00  10  sdss  6568  82S  3 
    0  54059.330392  1  23.194  0.327  0.058  0.302   1.825e+00   5.661e-01   1.032e-01   5.362e-01  15  sdss  6580  82S  3 
    0  54059.327075  2  22.021  0.190  0.152  0.138   5.585e+00   9.815e-01   7.937e-01   7.183e-01  13  sdss  6580  82S  3 
  128  54059.327905  3  22.412  0.402  0.148  0.199   3.767e+00   1.426e+00   5.439e-01   7.305e-01  14  sdss  6580  82S  3 
    0  54059.329563  4  23.280  0.843  0.150  0.518  -2.242e+00   4.770e+00   7.943e-01   2.744e+00  12  sdss  6580  82S  3 
    0  54059.328734  0  26.505  0.801  0.079  0.955  -2.766e+00   1.870e+00   2.081e-01   2.512e+00  10  sdss  6580  82S  3 
    2  54061.341718  1  22.634  0.317  0.094  0.531   3.117e+00   9.008e-01   2.739e-01   1.549e+00  15  sdss  6592  82S  3 
    2  54061.338401  2  22.542  0.408  0.085  0.447   3.423e+00   1.275e+00   2.765e-01   1.453e+00  13  sdss  6592  82S  3 
    0  54061.339231  3  22.096  0.359  0.179  0.262   5.103e+00   1.689e+00   8.696e-01   1.274e+00  14  sdss  6592  82S  3 
    0  54061.340889  4  22.252  1.094  1.342  1.116   2.968e+00   6.688e+00   7.510e+00   6.245e+00  12  sdss  6592  82S  3 
   10  54061.340060  0  23.616  1.648  1.196  2.844   1.182e+00   2.506e+00   1.706e+00   4.054e+00  10  sdss  6592  82S  3 
    0  54062.335107  1  22.823  0.212  0.074  0.135   2.607e+00   5.159e-01   1.810e-01   3.323e-01  15  sdss  6596  82S  3 
    0  54062.331790  2  22.280  0.196  0.062  0.075   4.384e+00   7.982e-01   2.568e-01   3.072e-01  13  sdss  6596  82S  3 
    0  54062.332619  3  22.274  0.322  0.091  0.083   4.305e+00   1.304e+00   3.771e-01   3.445e-01  14  sdss  6596  82S  3 
    0  54062.334278  4  23.763  0.716  0.201  0.262  -5.111e+00   4.777e+00   1.361e+00   1.781e+00  12  sdss  6596  82S  3 
  136  54062.333448  0  24.354  1.329  0.728  1.408   3.062e-01   1.652e+00   7.322e-01   1.417e+00  10  sdss  6596  82S  3 
    0  54064.331512  1  22.811  0.224  0.045  0.158   2.638e+00   5.503e-01   1.131e-01   3.934e-01  15  sdss  6604  82S  3 
    0  54064.328196  2  21.950  0.158  0.021  0.076   5.966e+00   8.709e-01   1.186e-01   4.217e-01  13  sdss  6604  82S  3 
    0  54064.329025  3  22.327  0.330  0.121  0.105   4.090e+00   1.273e+00   4.793e-01   4.162e-01  14  sdss  6604  82S  3 
    0  54064.330683  4  22.211  0.786  0.202  0.397   3.198e+00   4.627e+00   1.154e+00   2.265e+00  12  sdss  6604  82S  3 
  128  54064.329854  0  22.231  0.434  0.068  0.425   4.896e+00   1.838e+00   3.004e-01   1.885e+00  10  sdss  6604  82S  3 
    1  54068.315412  1  22.558  0.380  0.373  0.271   3.347e+00   1.143e+00   1.165e+00   8.460e-01  15  sdss  6618  82S  3 
  130  54068.312095  2  21.752  0.243  0.163  0.181   7.171e+00   1.594e+00   1.084e+00   1.205e+00  13  sdss  6618  82S  3 
    0  54068.312924  3  22.634  0.714  0.513  0.423   3.027e+00   1.973e+00   1.559e+00   1.286e+00  14  sdss  6618  82S  3 
    0  54068.314583  4  23.598  0.906  0.450  0.668  -4.049e+00   5.674e+00   2.766e+00   4.102e+00  12  sdss  6618  82S  3 
  138  54068.313754  0  25.666  1.789  2.251  2.674  -1.112e+00   2.813e+00   3.108e+00   3.692e+00  10  sdss  6618  82S  3 
