# SDSS CID:  13566 IAU:          RA:  54.303947 DEC:   1.042268  (J2000)
# GALAXY_SB [ugriz] = [ 24.49 25.14 24.79 24.06 22.81 ] +/- [  0.18  0.09  0.12  0.12  0.10 ] (asinh mag/square arcsec)
# GALAXY_SB_FLUX [ugriz] = [  1.358E-01 -1.354E-02  8.430E-03  3.658E-01  9.447E-02 ] +/- [  1.743E-01  5.260E-02  9.263E-02  1.462E-01  5.047E-01 ] (microJy per square arcsec)
#FLAG  MJD       FILT  MAG     MERR  MSKYERR MGALERR  FLUX       FLUXERR    SKYERR     GALERR    NPRE TELE   RUN  STRIP  IDCCD
    0  53975.450580  1  25.839  0.763  0.454  0.774  -4.561e-01   5.595e-01   3.279e-01   5.592e-01  31  sdss  6287  82S  6 
    0  53975.447263  2  26.161  0.595  0.595  0.592  -1.391e+00   8.573e-01   9.003e-01   8.962e-01  32  sdss  6287  82S  6 
    0  53975.448092  3  24.144  0.981  0.791  1.067   2.595e-01   1.339e+00   9.550e-01   1.289e+00  32  sdss  6287  82S  6 
    0  53975.449751  4  23.402  0.753  0.733  0.801  -2.908e+00   4.342e+00   4.079e+00   4.459e+00  32  sdss  6287  82S  6 
    0  53975.448922  0  25.857  1.187  0.258  1.221  -1.400e+00   1.762e+00   4.076e-01   1.925e+00  23  sdss  6287  82S  6 
    1  53989.461786  1  22.786  0.505  0.139  0.080   2.702e+00   1.210e+00   3.550e-01   2.043e-01  31  sdss  6314  82N  6 
    1  53989.458468  2  22.160  0.303  0.078  0.082   4.906e+00   1.361e+00   3.585e-01   3.793e-01  32  sdss  6314  82N  6 
    1  53989.459298  3  22.241  0.421  0.199  0.153   4.444e+00   1.721e+00   8.475e-01   6.525e-01  32  sdss  6314  82N  6 
    0  53989.460956  4  21.529  0.480  0.127  0.249   8.005e+00   4.110e+00   1.121e+00   2.202e+00  32  sdss  6314  82N  6 
    1  53989.460127  0  23.830  2.162  0.616  0.600   8.920e-01   3.871e+00   7.717e-01   7.505e-01  23  sdss  6314  82N  6 
    0  53994.475204  1  22.088  0.126  0.057  0.070   5.187e+00   6.002e-01   2.730e-01   3.349e-01  31  sdss  6355  82S  6 
    0  53994.471887  2  22.261  0.203  0.135  0.157   4.464e+00   8.440e-01   5.685e-01   6.588e-01  32  sdss  6355  82S  6 
    0  53994.472716  3  22.783  0.508  0.414  0.411   2.602e+00   1.298e+00   1.108e+00   1.099e+00  32  sdss  6355  82S  6 
    0  53994.474375  4  21.732  0.504  0.247  0.437   6.333e+00   3.750e+00   1.876e+00   3.322e+00  32  sdss  6355  82S  6 
  128  53994.473546  0  21.457  0.203  0.145  0.142   1.007e+01   1.803e+00   1.306e+00   1.276e+00  23  sdss  6355  82S  6 
    0  53996.459163  1  22.163  0.133  0.108  0.125   4.838e+00   5.913e-01   4.859e-01   5.604e-01  31  sdss  6367  82S  6 
    0  53996.455845  2  22.475  0.252  0.207  0.249   3.649e+00   8.578e-01   7.182e-01   8.618e-01  32  sdss  6367  82S  6 
  128  53996.456674  3  22.051  0.278  0.280  0.286   5.325e+00   1.375e+00   1.415e+00   1.445e+00  32  sdss  6367  82S  6 
    0  53996.458333  4  21.835  0.599  0.578  0.639   5.578e+00   4.160e+00   4.100e+00   4.528e+00  32  sdss  6367  82S  6 
  128  53996.457504  0  22.697  0.682  0.128  0.753   3.138e+00   1.827e+00   3.768e-01   2.223e+00  23  sdss  6367  82S  6 
    0  54005.473073  1  21.998  0.097  0.025  0.049   5.638e+00   5.058e-01   1.279e-01   2.559e-01  31  sdss  6404  82S  6 
    0  54005.469755  2  21.768  0.125  0.085  0.083   7.068e+00   8.172e-01   5.588e-01   5.450e-01  32  sdss  6404  82S  6 
    0  54005.470585  3  21.631  0.175  0.149  0.106   7.900e+00   1.277e+00   1.099e+00   7.832e-01  32  sdss  6404  82S  6 
    0  54005.472243  4  21.441  0.429  0.293  0.255   8.810e+00   3.945e+00   2.772e+00   2.417e+00  32  sdss  6404  82S  6 
  128  54005.471414  0  22.150  0.352  0.225  0.240   5.286e+00   1.633e+00   1.078e+00   1.152e+00  23  sdss  6404  82S  6 
    0  54007.488855  1  22.098  0.103  0.040  0.049   5.138e+00   4.881e-01   1.882e-01   2.330e-01  31  sdss  6414  82N  6 
    0  54007.486367  3  22.098  0.276  0.235  0.165   5.093e+00   1.311e+00   1.135e+00   7.980e-01  32  sdss  6414  82N  6 
    0  54007.487196  0  22.298  0.380  0.358  0.251   4.596e+00   1.538e+00   1.502e+00   1.052e+00  23  sdss  6414  82N  6 
   24  54008.419469  1  21.816  0.115  0.302  0.075   6.673e+00   7.055e-01   1.860e+00   4.599e-01  31  sdss  6417  82S  6 
   24  54008.416152  2  21.890  0.171  0.756  0.105   6.311e+00   9.993e-01   4.449e+00   6.157e-01  32  sdss  6417  82S  6 
  132  54008.416981  3  21.369  0.210  0.343  0.123   1.008e+01   1.948e+00   3.217e+00   1.152e+00  32  sdss  6417  82S  6 
    4  54008.418640  4  21.835  1.130  0.991  0.609   5.578e+00   7.866e+00   7.020e+00   4.318e+00  32  sdss  6417  82S  6 
 1156  54008.417811  0  22.150  0.510  0.194  0.334   5.286e+00   2.290e+00   9.321e-01   1.603e+00  23  sdss  6417  82S  6 
    0  54008.449567  1  22.128  0.112  0.032  0.072   4.998e+00   5.156e-01   1.478e-01   3.324e-01  31  sdss  6418  82N  6 
    0  54008.446250  2  21.821  0.135  0.056  0.101   6.729e+00   8.428e-01   3.495e-01   6.351e-01  32  sdss  6418  82N  6 
    0  54008.447079  3  22.335  0.366  0.289  0.259   4.059e+00   1.390e+00   1.135e+00   1.016e+00  32  sdss  6418  82N  6 
  128  54008.448738  4  21.299  0.427  0.276  0.301   1.023e+01   4.390e+00   2.928e+00   3.201e+00  32  sdss  6418  82N  6 
    0  54008.447909  0  22.437  0.468  0.121  0.333   4.028e+00   1.645e+00   4.478e-01   1.236e+00  23  sdss  6418  82N  6 
    0  54009.412592  1  22.014  0.089  0.040  0.034   5.555e+00   4.539e-01   2.044e-01   1.760e-01  31  sdss  6421  82N  6 
    0  54009.409274  2  21.846  0.115  0.025  0.053   6.574e+00   7.035e-01   1.535e-01   3.269e-01  32  sdss  6421  82N  6 
    0  54009.410104  3  22.127  0.241  0.117  0.116   4.954e+00   1.119e+00   5.536e-01   5.479e-01  32  sdss  6421  82N  6 
    0  54009.411763  4  21.446  0.382  0.218  0.220   8.762e+00   3.523e+00   2.060e+00   2.074e+00  32  sdss  6421  82N  6 
    0  54009.410933  0  22.235  0.319  0.082  0.162   4.879e+00   1.381e+00   3.656e-01   7.196e-01  23  sdss  6421  82N  6 
    0  54009.487143  1  22.056  0.096  0.032  0.040   5.343e+00   4.733e-01   1.577e-01   1.965e-01  31  sdss  6422  82S  6 
    0  54009.483825  2  21.877  0.129  0.092  0.081   6.388e+00   7.665e-01   5.483e-01   4.795e-01  32  sdss  6422  82S  6 
    0  54009.484655  3  21.777  0.183  0.088  0.098   6.893e+00   1.174e+00   5.657e-01   6.310e-01  32  sdss  6422  82S  6 
    0  54009.486313  4  21.526  0.397  0.255  0.232   8.032e+00   3.438e+00   2.264e+00   2.053e+00  32  sdss  6422  82S  6 
    0  54009.485484  0  22.457  0.399  0.073  0.193   3.952e+00   1.398e+00   2.659e-01   7.014e-01  23  sdss  6422  82S  6 
    0  54010.414399  1  21.909  0.086  0.032  0.040   6.122e+00   4.837e-01   1.828e-01   2.268e-01  31  sdss  6425  82S  6 
    0  54010.411082  2  21.818  0.118  0.066  0.058   6.748e+00   7.389e-01   4.156e-01   3.668e-01  32  sdss  6425  82S  6 
    0  54010.411911  3  21.993  0.219  0.120  0.124   5.626e+00   1.149e+00   6.364e-01   6.616e-01  32  sdss  6425  82S  6 
    0  54010.413570  4  21.547  0.459  0.236  0.278   7.847e+00   3.894e+00   2.061e+00   2.424e+00  32  sdss  6425  82S  6 
  128  54010.412741  0  22.542  0.431  0.047  0.219   3.643e+00   1.394e+00   1.591e-01   7.399e-01  23  sdss  6425  82S  6 
    0  54011.477263  1  22.088  0.097  0.043  0.036   5.187e+00   4.631e-01   2.051e-01   1.713e-01  31  sdss  6430  82N  6 
    0  54011.473946  2  21.737  0.107  0.056  0.053   7.274e+00   7.248e-01   3.784e-01   3.612e-01  32  sdss  6430  82N  6 
    0  54011.474775  3  21.903  0.193  0.120  0.097   6.123e+00   1.105e+00   6.918e-01   5.578e-01  32  sdss  6430  82N  6 
    0  54011.476434  4  21.541  0.351  0.248  0.197   7.899e+00   3.023e+00   2.174e+00   1.730e+00  32  sdss  6430  82N  6 
    0  54011.475605  0  22.479  0.387  0.060  0.160   3.870e+00   1.333e+00   2.159e-01   5.703e-01  23  sdss  6430  82N  6 
    1  54012.407260  1  21.838  0.133  0.116  0.055   6.539e+00   7.970e-01   7.007e-01   3.306e-01  31  sdss  6433  82S  6 
    0  54012.403942  2  22.191  0.276  0.197  0.180   4.767e+00   1.209e+00   8.808e-01   8.065e-01  32  sdss  6433  82S  6 
    0  54012.404772  3  22.102  0.358  0.235  0.238   5.073e+00   1.675e+00   1.136e+00   1.149e+00  32  sdss  6433  82S  6 
    0  54012.406431  4  21.416  0.530  0.116  0.359   9.049e+00   4.903e+00   1.123e+00   3.470e+00  32  sdss  6433  82S  6 
  129  54012.405601  0  21.688  0.301  0.248  0.193   8.130e+00   2.141e+00   1.809e+00   1.406e+00  23  sdss  6433  82S  6 
    0  54012.488684  0  22.076  0.327  0.135  0.230   5.666e+00   1.630e+00   6.939e-01   1.180e+00  23  sdss  6435  82N  6 
    1  54019.472588  1  22.216  0.241  0.064  0.047   4.605e+00   1.013e+00   2.742e-01   2.021e-01  31  sdss  6444  82N  6 
  153  54019.469271  2  22.001  0.295  1.408  0.093   5.691e+00   1.534e+00   7.485e+00   4.950e-01  32  sdss  6444  82N  6 
 1049  54019.470100  3  22.104  0.364  4.602  0.145   5.064e+00   1.698e+00   2.216e+01   6.974e-01  32  sdss  6444  82N  6 
   24  54019.471759  4  22.127  0.688  1.266  0.324   3.688e+00   4.139e+00   7.524e+00   1.923e+00  32  sdss  6444  82N  6 
    1  54019.470930  0  23.336  1.640  0.514  0.482   1.635e+00   2.680e+00   8.971e-01   8.420e-01  23  sdss  6444  82N  6 
    1  54020.445928  1  22.431  0.280  0.090  0.101   3.769e+00   9.618e-01   3.156e-01   3.561e-01  31  sdss  6448  82S  6 
    1  54020.442610  2  21.824  0.175  0.075  0.091   6.710e+00   1.084e+00   4.670e-01   5.702e-01  32  sdss  6448  82S  6 
    0  54020.443440  3  21.892  0.272  0.128  0.171   6.187e+00   1.553e+00   7.450e-01   9.951e-01  32  sdss  6448  82S  6 
    0  54020.445098  4  21.728  0.642  0.592  0.463   6.363e+00   4.738e+00   4.519e+00   3.530e+00  32  sdss  6448  82S  6 
  129  54020.444269  0  22.854  1.174  0.130  0.431   2.692e+00   2.476e+00   3.357e-01   1.112e+00  23  sdss  6448  82S  6 
    1  54021.482022  1  22.172  0.173  0.060  0.056   4.797e+00   7.613e-01   2.648e-01   2.474e-01  31  sdss  6450  82N  6 
    0  54021.478705  2  21.793  0.159  0.040  0.085   6.906e+00   1.018e+00   2.597e-01   5.451e-01  32  sdss  6450  82N  6 
    0  54021.479534  3  22.225  0.327  0.211  0.174   4.511e+00   1.376e+00   9.143e-01   7.512e-01  32  sdss  6450  82N  6 
    0  54021.481193  4  22.174  0.656  0.435  0.381   3.412e+00   3.865e+00   2.523e+00   2.209e+00  32  sdss  6450  82N  6 
    1  54021.480364  0  22.583  0.968  0.365  0.271   3.505e+00   2.633e+00   1.189e+00   8.830e-01  23  sdss  6450  82N  6 
    0  54024.495630  1  22.438  0.204  0.157  0.140   3.744e+00   7.047e-01   5.491e-01   4.873e-01  31  sdss  6458  82S  6 
    0  54024.492312  2  21.924  0.195  0.126  0.167   6.114e+00   1.101e+00   7.182e-01   9.499e-01  32  sdss  6458  82S  6 
    0  54024.493142  3  21.988  0.291  0.329  0.255   5.652e+00   1.522e+00   1.759e+00   1.362e+00  32  sdss  6458  82S  6 
    0  54024.494801  4  22.009  0.746  0.652  0.623   4.412e+00   4.732e+00   4.140e+00   3.954e+00  32  sdss  6458  82S  6 
    0  54024.493971  0  21.973  0.471  0.151  0.349   6.234e+00   2.499e+00   8.517e-01   1.962e+00  23  sdss  6458  82S  6 
    0  54025.477010  1  22.746  0.216  0.112  0.125   2.806e+00   5.638e-01   2.970e-01   3.298e-01  31  sdss  6461  82N  6 
    0  54025.473693  2  21.756  0.149  0.086  0.103   7.147e+00   9.868e-01   5.732e-01   6.872e-01  32  sdss  6461  82N  6 
    0  54025.474522  3  22.170  0.322  0.348  0.223   4.755e+00   1.423e+00   1.580e+00   1.011e+00  32  sdss  6461  82N  6 
    0  54025.476181  4  21.122  0.354  0.225  0.229   1.226e+01   4.250e+00   2.771e+00   2.821e+00  32  sdss  6461  82N  6 
    0  54025.475352  0  25.048  1.431  0.562  1.273  -3.782e-01   1.851e+00   5.763e-01   1.305e+00  23  sdss  6461  82N  6 
  128  54028.483939  1  22.639  0.195  0.196  0.135   3.104e+00   5.633e-01   5.715e-01   3.942e-01  31  sdss  6471  82S  6 
    0  54028.480621  2  21.991  0.197  0.143  0.141   5.744e+00   1.045e+00   7.673e-01   7.559e-01  32  sdss  6471  82S  6 
    0  54028.481451  3  22.132  0.378  0.303  0.258   4.930e+00   1.715e+00   1.423e+00   1.212e+00  32  sdss  6471  82S  6 
    0  54028.483109  4  21.866  0.786  0.390  0.463   5.360e+00   5.335e+00   2.706e+00   3.212e+00  32  sdss  6471  82S  6 
    0  54028.482280  0  23.115  1.122  0.269  0.740   2.067e+00   2.014e+00   5.586e-01   1.536e+00  23  sdss  6471  82S  6 
    0  54029.487296  1  22.574  0.186  0.057  0.113   3.300e+00   5.680e-01   1.769e-01   3.497e-01  31  sdss  6476  82N  6 
    0  54029.483979  2  22.375  0.271  0.167  0.195   4.010e+00   1.007e+00   6.311e-01   7.403e-01  32  sdss  6476  82N  6 
    0  54029.484808  3  22.006  0.294  0.177  0.191   5.557e+00   1.513e+00   9.285e-01   1.002e+00  32  sdss  6476  82N  6 
   32  54029.486467  4  22.751  0.856  0.252  0.513   3.996e-01   4.630e+00   1.233e+00   2.510e+00  32  sdss  6476  82N  6 
    0  54029.485637  0  24.007  1.375  0.592  1.017   6.780e-01   1.806e+00   6.755e-01   1.160e+00  23  sdss  6476  82N  6 
    0  54030.439454  1  22.494  0.143  0.042  0.062   3.554e+00   4.702e-01   1.393e-01   2.063e-01  31  sdss  6480  82S  6 
    0  54030.436136  2  21.986  0.161  0.084  0.094   5.771e+00   8.627e-01   4.518e-01   5.076e-01  32  sdss  6480  82S  6 
    0  54030.436966  3  22.088  0.281  0.132  0.145   5.141e+00   1.344e+00   6.457e-01   7.088e-01  32  sdss  6480  82S  6 
    0  54030.438624  4  21.973  0.623  0.370  0.317   4.643e+00   4.013e+00   2.399e+00   2.054e+00  32  sdss  6480  82S  6 
    0  54030.437795  0  22.137  0.318  0.205  0.165   5.351e+00   1.502e+00   9.959e-01   8.027e-01  23  sdss  6480  82S  6 
    0  54031.394777  1  22.481  0.142  0.026  0.074   3.597e+00   4.729e-01   8.797e-02   2.487e-01  31  sdss  6484  82N  6 
    0  54031.391460  2  22.255  0.192  0.048  0.114   4.489e+00   8.037e-01   2.036e-01   4.833e-01  32  sdss  6484  82N  6 
    0  54031.392289  3  21.810  0.213  0.125  0.125   6.683e+00   1.321e+00   7.857e-01   7.842e-01  32  sdss  6484  82N  6 
  128  54031.393948  4  21.177  0.348  0.191  0.213   1.159e+01   3.990e+00   2.247e+00   2.498e+00  32  sdss  6484  82N  6 
    0  54031.393119  0  22.341  0.375  0.267  0.219   4.413e+00   1.464e+00   1.078e+00   8.858e-01  23  sdss  6484  82N  6 
    0  54035.483544  1  22.317  0.174  0.231  0.162   4.192e+00   6.725e-01   9.007e-01   6.308e-01  31  sdss  6501  82S  6 
    0  54035.480226  2  22.122  0.236  0.220  0.192   5.084e+00   1.106e+00   1.047e+00   9.137e-01  32  sdss  6501  82S  6 
    0  54035.481055  3  22.154  0.380  0.246  0.314   4.828e+00   1.690e+00   1.132e+00   1.448e+00  32  sdss  6501  82S  6 
    0  54035.482714  4  21.373  0.655  0.423  0.424   9.471e+00   6.135e+00   4.225e+00   4.235e+00  32  sdss  6501  82S  6 
 1154  54035.481885  0  24.961  1.713  1.200  2.491  -2.898e-01   2.452e+00   1.204e+00   2.497e+00  23  sdss  6501  82S  6 
    0  54036.399303  1  22.740  0.210  0.161  0.175   2.822e+00   5.530e-01   4.294e-01   4.648e-01  31  sdss  6504  82N  6 
    0  54036.395985  2  22.471  0.287  0.141  0.236   3.663e+00   9.780e-01   4.912e-01   8.199e-01  32  sdss  6504  82N  6 
    0  54036.396815  3  23.015  0.786  0.800  0.666   2.037e+00   1.621e+00   1.777e+00   1.478e+00  32  sdss  6504  82N  6 
    0  54036.398473  4  21.656  0.647  0.148  0.475   6.927e+00   4.991e+00   1.187e+00   3.817e+00  32  sdss  6504  82N  6 
    0  54036.397644  0  22.509  0.547  0.618  0.497   3.760e+00   1.776e+00   2.150e+00   1.728e+00  23  sdss  6504  82N  6 
    0  54037.389144  1  22.896  0.205  0.048  0.102   2.434e+00   4.679e-01   1.108e-01   2.360e-01  31  sdss  6508  82S  6 
    0  54037.385827  2  22.246  0.176  0.080  0.095   4.527e+00   7.437e-01   3.411e-01   4.048e-01  32  sdss  6508  82S  6 
    0  54037.386657  3  21.588  0.161  0.075  0.104   8.224e+00   1.226e+00   5.757e-01   7.975e-01  32  sdss  6508  82S  6 
    0  54037.388315  4  22.324  0.647  0.379  0.386   2.572e+00   3.620e+00   2.053e+00   2.092e+00  32  sdss  6508  82S  6 
    0  54037.387486  0  24.104  1.078  0.385  0.548   5.691e-01   1.293e+00   4.204e-01   5.991e-01  23  sdss  6508  82S  6 
    0  54039.397704  1  23.034  0.241  0.078  0.135   2.133e+00   4.862e-01   1.604e-01   2.767e-01  31  sdss  6513  82N  6 
    0  54039.394387  2  22.191  0.189  0.091  0.117   4.767e+00   8.362e-01   4.066e-01   5.244e-01  32  sdss  6513  82N  6 
    0  54039.395216  3  21.616  0.183  0.155  0.113   8.012e+00   1.356e+00   1.160e+00   8.487e-01  32  sdss  6513  82N  6 
    0  54039.396875  4  21.082  0.322  0.250  0.189   1.276e+01   4.015e+00   3.187e+00   2.404e+00  32  sdss  6513  82N  6 
    0  54039.396045  0  22.756  0.710  0.270  0.377   2.963e+00   1.800e+00   7.563e-01   1.057e+00  23  sdss  6513  82N  6 
    0  54040.403560  1  23.011  0.224  0.108  0.099   2.181e+00   4.617e-01   2.259e-01   2.074e-01  31  sdss  6518  82S  6 
    0  54040.400243  2  22.234  0.202  0.123  0.119   4.578e+00   8.607e-01   5.306e-01   5.129e-01  32  sdss  6518  82S  6 
    0  54040.401072  3  22.422  0.399  0.208  0.197   3.730e+00   1.398e+00   7.578e-01   7.173e-01  32  sdss  6518  82S  6 
    0  54040.402731  4  21.402  0.631  0.087  0.227   9.185e+00   5.812e+00   8.487e-01   2.214e+00  32  sdss  6518  82S  6 
  128  54040.401901  0  24.143  1.172  0.860  0.718   5.264e-01   1.427e+00   9.249e-01   7.723e-01  23  sdss  6518  82S  6 
    1  54041.368463  1  22.649  0.322  0.084  0.076   3.075e+00   9.032e-01   2.408e-01   2.184e-01  31  sdss  6524  82N  6 
  129  54041.365145  2  22.006  0.225  0.077  0.082   5.666e+00   1.175e+00   4.055e-01   4.314e-01  32  sdss  6524  82N  6 
  128  54041.365975  3  21.614  0.200  0.124  0.086   8.027e+00   1.483e+00   9.314e-01   6.429e-01  32  sdss  6524  82N  6 
    0  54041.367633  4  22.170  0.709  0.638  0.416   3.435e+00   4.202e+00   3.707e+00   2.418e+00  32  sdss  6524  82N  6 
    1  54041.366804  0  23.478  1.727  0.716  0.468   1.394e+00   2.765e+00   1.126e+00   7.366e-01  23  sdss  6524  82N  6 
    0  54041.439065  1  22.996  0.226  0.059  0.098   2.213e+00   4.720e-01   1.239e-01   2.083e-01  31  sdss  6525  82S  6 
    0  54041.435748  2  22.495  0.253  0.143  0.153   3.580e+00   8.480e-01   4.858e-01   5.217e-01  32  sdss  6525  82S  6 
    0  54041.436577  3  22.448  0.391  0.183  0.222   3.637e+00   1.343e+00   6.521e-01   7.884e-01  32  sdss  6525  82S  6 
    0  54041.438236  4  22.191  0.810  0.300  0.400   3.314e+00   4.806e+00   1.726e+00   2.305e+00  32  sdss  6525  82S  6 
    0  54041.437407  0  25.784  1.125  0.150  0.663  -1.285e+00   1.614e+00   2.242e-01   9.932e-01  23  sdss  6525  82S  6 
  129  54047.434345  1  22.276  0.491  0.089  0.118   4.355e+00   1.865e+00   3.584e-01   4.766e-01  31  sdss  6530  82S  6 
    1  54047.431028  2  22.533  0.603  0.279  0.245   3.453e+00   1.819e+00   9.166e-01   8.040e-01  32  sdss  6530  82S  6 
    1  54047.431857  3  23.301  1.189  0.486  0.693   1.467e+00   2.070e+00   8.732e-01   1.246e+00  32  sdss  6530  82S  6 
    0  54047.433516  4  22.269  0.900  0.207  0.706   2.874e+00   5.284e+00   1.149e+00   3.917e+00  32  sdss  6530  82S  6 
  129  54047.432686  0  23.192  2.426  0.530  0.823   1.908e+00   5.180e+00   1.035e+00   1.608e+00  23  sdss  6530  82S  6 
    1  54048.419095  1  23.815  1.062  0.195  0.202   9.652e-01   1.028e+00   2.072e-01   2.154e-01  31  sdss  6534  82N  6 
    1  54048.415778  2  22.705  0.466  0.231  0.183   2.931e+00   1.249e+00   6.517e-01   5.168e-01  32  sdss  6534  82N  6 
    0  54048.416608  3  21.928  0.279  0.124  0.139   5.981e+00   1.542e+00   6.982e-01   7.837e-01  32  sdss  6534  82N  6 
    0  54048.418266  4  21.606  0.471  0.295  0.250   7.344e+00   3.822e+00   2.458e+00   2.087e+00  32  sdss  6534  82N  6 
    1  54048.417437  0  22.652  1.273  0.307  0.279   3.279e+00   3.027e+00   9.430e-01   8.568e-01  23  sdss  6534  82N  6 
    1  54049.430361  1  23.321  0.936  0.365  0.293   1.613e+00   1.282e+00   5.810e-01   4.663e-01  31  sdss  6537  82S  6 
    1  54049.427044  2  22.059  0.280  0.162  0.155   5.392e+00   1.384e+00   8.147e-01   7.833e-01  32  sdss  6537  82S  6 
    0  54049.427873  3  21.905  0.363  0.211  0.250   6.112e+00   2.019e+00   1.215e+00   1.440e+00  32  sdss  6537  82S  6 
    0  54049.429532  4  20.484  0.270  0.253  0.184   2.273e+01   5.708e+00   5.431e+00   3.967e+00  32  sdss  6537  82S  6 
  129  54049.428703  0  26.897  1.545  0.071  0.529  -4.039e+00   4.032e+00   2.640e-01   1.966e+00  23  sdss  6537  82S  6 
    3  54050.390288  1  22.377  0.356  0.276  0.219   3.964e+00   1.269e+00   1.019e+00   8.075e-01  31  sdss  6545  82S  6 
    0  54050.386971  2  22.477  0.413  0.291  0.299   3.642e+00   1.367e+00   1.006e+00   1.033e+00  32  sdss  6545  82S  6 
    0  54050.387800  3  22.233  0.521  0.454  0.403   4.478e+00   2.099e+00   1.951e+00   1.729e+00  32  sdss  6545  82S  6 
    0  54050.389458  4  23.647  0.991  0.650  0.778  -4.356e+00   6.364e+00   4.107e+00   4.912e+00  32  sdss  6545  82S  6 
  129  54050.388629  0  24.078  2.030  3.576  2.172   5.976e-01   3.375e+00   3.952e+00   2.399e+00  23  sdss  6545  82S  6 
    3  54052.396686  1  23.153  0.525  0.168  0.379   1.902e+00   9.108e-01   3.104e-01   6.985e-01  31  sdss  6552  82N  6 
    0  54052.395857  4  21.715  0.880  0.388  0.813   6.463e+00   6.452e+00   2.989e+00   6.262e+00  32  sdss  6552  82N  6 
    2  54052.395028  0  26.084  1.485  1.096  1.101  -1.801e+00   2.460e+00   2.051e+00   2.059e+00  23  sdss  6552  82N  6 
  138  54053.409837  1  23.107  0.464  1.258  0.366   1.988e+00   8.471e-01   2.413e+00   7.014e-01  31  sdss  6556  82S  6 
  138  54053.406520  2  22.459  0.479  1.235  0.516   3.705e+00   1.591e+00   4.337e+00   1.813e+00  32  sdss  6556  82S  6 
 1178  54053.407349  3  20.918  0.187  4.563  0.152   1.531e+01   2.620e+00   6.464e+01   2.157e+00  32  sdss  6556  82S  6 
 1176  54053.409007  4  25.104  0.414  4.392  0.326  -2.112e+01   7.964e+00   8.812e+01   6.545e+00  32  sdss  6556  82S  6 
  130  54053.408178  0  21.916  0.455  0.550  0.410   6.575e+00   2.553e+00   3.256e+00   2.429e+00  23  sdss  6556  82S  6 
    0  54055.408341  1  24.074  0.688  0.427  0.516   7.137e-01   5.889e-01   3.765e-01   4.551e-01  31  sdss  6565  82N  6 
    0  54055.405023  2  22.622  0.353  0.287  0.311   3.173e+00   1.039e+00   8.707e-01   9.441e-01  32  sdss  6565  82N  6 
    0  54055.405853  3  21.867  0.267  0.306  0.222   6.334e+00   1.563e+00   1.821e+00   1.325e+00  32  sdss  6565  82N  6 
    0  54055.407511  4  21.880  0.742  0.638  0.578   5.264e+00   5.004e+00   4.394e+00   3.974e+00  32  sdss  6565  82N  6 
    0  54055.406682  0  23.227  1.198  0.236  0.854   1.839e+00   2.004e+00   4.482e-01   1.621e+00  23  sdss  6565  82N  6 
    0  54056.396343  1  22.811  0.212  0.137  0.123   2.639e+00   5.238e-01   3.428e-01   3.077e-01  31  sdss  6568  82S  6 
    0  54056.393026  2  22.785  0.358  0.187  0.240   2.713e+00   9.135e-01   4.923e-01   6.324e-01  32  sdss  6568  82S  6 
  128  54056.393856  3  22.537  0.453  0.354  0.277   3.332e+00   1.428e+00   1.165e+00   9.130e-01  32  sdss  6568  82S  6 
    0  54056.395514  4  21.426  0.527  0.104  0.341   8.952e+00   4.842e+00   1.000e+00   3.271e+00  32  sdss  6568  82S  6 
    0  54056.394685  0  22.761  0.738  0.402  0.448   2.948e+00   1.850e+00   1.122e+00   1.250e+00  23  sdss  6568  82S  6 
    0  54058.391017  1  24.427  0.837  0.973  0.792   4.351e-01   6.118e-01   6.919e-01   5.636e-01  31  sdss  6577  82N  6 
    0  54058.387700  2  22.609  0.346  0.151  0.301   3.213e+00   1.032e+00   4.634e-01   9.244e-01  32  sdss  6577  82N  6 
    0  54058.388529  3  22.498  0.491  0.489  0.384   3.463e+00   1.586e+00   1.664e+00   1.307e+00  32  sdss  6577  82N  6 
    0  54058.390188  4  21.791  0.749  0.819  0.546   5.894e+00   5.297e+00   5.982e+00   3.983e+00  32  sdss  6577  82N  6 
  130  54058.389359  0  23.741  1.486  1.767  1.668   1.008e+00   2.114e+00   2.331e+00   2.201e+00  23  sdss  6577  82N  6 
    0  54059.390576  1  23.527  0.440  0.341  0.356   1.310e+00   5.677e-01   4.574e-01   4.763e-01  31  sdss  6580  82S  6 
    0  54059.387259  2  22.734  0.373  0.251  0.287   2.850e+00   9.915e-01   6.896e-01   7.883e-01  32  sdss  6580  82S  6 
    0  54059.388088  3  22.389  0.465  0.292  0.324   3.852e+00   1.657e+00   1.093e+00   1.212e+00  32  sdss  6580  82S  6 
    0  54059.389747  4  22.515  0.956  0.371  0.685   1.572e+00   5.408e+00   1.890e+00   3.488e+00  32  sdss  6580  82S  6 
 1152  54059.388917  0  23.056  0.897  0.479  0.584   2.198e+00   1.735e+00   1.044e+00   1.274e+00  23  sdss  6580  82S  6 
    0  54060.413082  1  23.355  0.341  0.146  0.186   1.559e+00   5.155e-01   2.261e-01   2.874e-01  31  sdss  6584  82N  6 
    0  54060.409765  2  22.468  0.242  0.142  0.127   3.673e+00   8.307e-01   4.941e-01   4.414e-01  32  sdss  6584  82N  6 
    0  54060.410594  3  22.498  0.398  0.202  0.199   3.463e+00   1.309e+00   6.878e-01   6.763e-01  32  sdss  6584  82N  6 
    0  54060.412253  4  21.055  0.339  0.181  0.185   1.310e+01   4.311e+00   2.356e+00   2.412e+00  32  sdss  6584  82N  6 
    0  54060.411423  0  25.003  1.425  1.072  1.217  -3.327e-01   1.834e+00   1.086e+00   1.233e+00  23  sdss  6584  82N  6 
    0  54061.401553  1  23.402  0.400  0.405  0.283   1.487e+00   5.762e-01   6.027e-01   4.202e-01  31  sdss  6592  82S  6 
    0  54061.398236  2  22.273  0.269  0.267  0.246   4.414e+00   1.098e+00   1.107e+00   1.022e+00  32  sdss  6592  82S  6 
  128  54061.399065  3  22.740  0.745  0.863  0.651   2.719e+00   1.881e+00   2.392e+00   1.805e+00  32  sdss  6592  82S  6 
    0  54061.400724  4  23.221  0.924  0.770  0.616  -1.932e+00   5.242e+00   3.996e+00   3.200e+00  32  sdss  6592  82S  6 
  128  54061.399894  0  23.874  1.485  1.542  1.377   8.369e-01   2.058e+00   1.883e+00   1.681e+00  23  sdss  6592  82S  6 
    0  54062.395396  1  23.579  0.387  0.101  0.169   1.242e+00   4.827e-01   1.299e-01   2.171e-01  31  sdss  6596  82S  6 
    0  54062.392078  2  23.098  0.449  0.294  0.236   1.994e+00   8.655e-01   5.902e-01   4.728e-01  32  sdss  6596  82S  6 
    0  54062.392908  3  22.945  0.627  0.246  0.271   2.196e+00   1.387e+00   5.778e-01   6.361e-01  32  sdss  6596  82S  6 
    0  54062.394566  4  22.201  0.742  0.485  0.317   3.257e+00   4.357e+00   2.779e+00   1.817e+00  32  sdss  6596  82S  6 
    0  54062.393737  0  24.301  1.269  0.142  0.724   3.594e-01   1.556e+00   1.448e-01   7.382e-01  23  sdss  6596  82S  6 
    0  54064.391872  1  23.931  0.577  0.474  0.349   8.467e-01   5.434e-01   4.621e-01   3.402e-01  31  sdss  6604  82S  6 
    0  54064.388555  2  22.753  0.369  0.241  0.240   2.798e+00   9.657e-01   6.513e-01   6.480e-01  32  sdss  6604  82S  6 
    0  54064.389385  3  22.634  0.562  0.254  0.329   3.027e+00   1.600e+00   7.693e-01   9.979e-01  32  sdss  6604  82S  6 
    0  54064.391043  4  21.383  0.556  0.273  0.283   9.372e+00   5.256e+00   2.705e+00   2.808e+00  32  sdss  6604  82S  6 
  128  54064.390214  0  22.574  0.639  0.265  0.396   3.536e+00   1.920e+00   8.720e-01   1.303e+00  23  sdss  6604  82S  6 
    0  54065.389437  1  25.176  0.844  0.481  0.688  -3.404e-02   5.491e-01   2.834e-01   4.055e-01  31  sdss  6609  82N  6 
    0  54065.386120  2  22.794  0.363  0.185  0.265   2.690e+00   9.172e-01   4.832e-01   6.909e-01  32  sdss  6609  82N  6 
    0  54065.386949  3  23.000  0.713  0.566  0.463   2.070e+00   1.498e+00   1.271e+00   1.040e+00  32  sdss  6609  82N  6 
    0  54065.388608  4  21.633  0.620  0.472  0.356   7.122e+00   4.870e+00   3.857e+00   2.912e+00  32  sdss  6609  82N  6 
    0  54065.387778  0  25.135  1.432  1.252  1.339  -4.687e-01   1.868e+00   1.320e+00   1.412e+00  23  sdss  6609  82N  6 
    0  54068.375906  1  23.658  0.553  0.645  0.506   1.143e+00   6.340e-01   7.760e-01   6.088e-01  31  sdss  6618  82S  6 
    0  54068.372589  2  23.085  0.553  0.390  0.493   2.021e+00   1.057e+00   7.923e-01   1.001e+00  32  sdss  6618  82S  6 
    0  54068.373418  3  22.152  0.382  0.241  0.329   4.837e+00   1.701e+00   1.113e+00   1.518e+00  32  sdss  6618  82S  6 
    0  54068.375077  4  22.289  1.094  0.928  0.971   2.763e+00   6.634e+00   5.106e+00   5.342e+00  32  sdss  6618  82S  6 
    2  54068.374248  0  21.699  0.369  0.603  0.401   8.047e+00   2.568e+00   4.354e+00   2.895e+00  23  sdss  6618  82S  6 
