# SDSS CID:   8110 IAU:          RA: 350.866516 DEC:   0.342418  (J2000)
# GALAXY_SB [ugriz] = [ 19.53 19.36 18.79 18.17 18.10 ] +/- [  0.01  0.00  0.00  0.00  0.00 ] (asinh mag/square arcsec)
# GALAXY_SB_FLUX [ugriz] = [  5.769E+01  6.407E+01  1.098E+02  1.922E+02  2.058E+02 ] +/- [  5.609E-01  1.850E-01  2.206E-01  2.927E-01  8.706E-01 ] (microJy per square arcsec)
#FLAG  MJD       FILT  MAG     MERR  MSKYERR MGALERR  FLUX       FLUXERR    SKYERR     GALERR    NPRE TELE   RUN  STRIP  IDCCD
   32  53616.290468  1  20.189  0.044  0.052  0.045   2.993e+01   1.208e+00   1.431e+00   1.254e+00  19  sdss  5566  82N  4 
   32  53616.287150  2  20.292  0.077  0.146  0.056   2.761e+01   1.953e+00   3.708e+00   1.426e+00  19  sdss  5566  82N  4 
   32  53616.287980  3  20.165  0.093  0.271  0.092   3.067e+01   2.627e+00   7.668e+00   2.603e+00  21  sdss  5566  82N  4 
 1188  53616.289638  4  19.699  0.193  0.200  0.087   4.733e+01   8.270e+00   8.655e+00   3.785e+00  21  sdss  5566  82N  4 
  164  53616.288809  0  20.214  0.172  0.141  0.207   3.173e+01   4.924e+00   4.050e+00   5.959e+00  16  sdss  5566  82N  4 
   32  53623.280371  1  20.480  0.051  0.053  0.044   2.290e+01   1.068e+00   1.117e+00   9.389e-01  19  sdss  5590  82N  4 
   32  53623.277054  2  20.496  0.083  0.209  0.084   2.288e+01   1.744e+00   4.417e+00   1.765e+00  19  sdss  5590  82N  4 
   32  53623.277883  3  20.556  0.125  0.345  0.119   2.138e+01   2.458e+00   6.796e+00   2.337e+00  21  sdss  5590  82N  4 
   32  53623.279542  4  20.659  0.375  0.480  0.248   1.924e+01   6.590e+00   8.716e+00   4.499e+00  21  sdss  5590  82N  4 
   36  53623.278712  0  20.233  0.105  0.038  0.143   3.119e+01   2.949e+00   1.078e+00   4.052e+00  16  sdss  5590  82N  4 
   33  53626.266747  1  20.670  0.065  0.062  0.048   1.922e+01   1.150e+00   1.108e+00   8.507e-01  19  sdss  5603  82N  4 
   32  53626.263430  2  20.670  0.104  0.148  0.055   1.949e+01   1.870e+00   2.653e+00   9.928e-01  19  sdss  5603  82N  4 
   32  53626.264259  3  20.341  0.092  0.155  0.055   2.607e+01   2.212e+00   3.728e+00   1.323e+00  21  sdss  5603  82N  4 
   32  53626.265918  4  20.438  0.274  0.285  0.141   2.374e+01   5.942e+00   6.301e+00   3.117e+00  21  sdss  5603  82N  4 
   33  53626.265089  0  20.650  0.153  0.066  0.142   2.123e+01   2.925e+00   1.267e+00   2.729e+00  16  sdss  5603  82N  4 
   33  53628.251730  1  20.680  0.090  0.094  0.062   1.905e+01   1.583e+00   1.650e+00   1.091e+00  19  sdss  5610  82N  4 
   33  53628.248413  2  20.915  0.129  0.255  0.084   1.554e+01   1.838e+00   3.665e+00   1.207e+00  19  sdss  5610  82N  4 
   33  53628.249242  3  20.263  0.091  0.200  0.060   2.801e+01   2.353e+00   5.153e+00   1.559e+00  21  sdss  5610  82N  4 
   32  53628.250901  4  20.092  0.219  0.257  0.124   3.285e+01   6.535e+00   7.768e+00   3.755e+00  21  sdss  5610  82N  4 
   33  53628.250072  0  20.472  0.190  0.058  0.180   2.502e+01   4.279e+00   1.324e+00   4.093e+00  16  sdss  5610  82N  4 
   35  53635.260046  1  21.146  0.164  0.347  0.265   1.239e+01   1.863e+00   3.974e+00   3.037e+00  19  sdss  5622  82N  4 
  161  53635.256729  2  21.306  0.226  0.772  0.296   1.084e+01   2.234e+00   7.735e+00   2.971e+00  19  sdss  5622  82N  4 
  160  53635.257558  3  20.562  0.147  0.541  0.191   2.126e+01   2.855e+00   1.061e+01   3.746e+00  21  sdss  5622  82N  4 
   32  53635.259217  4  20.410  0.380  0.719  0.443   2.437e+01   8.315e+00   1.632e+01   1.007e+01  21  sdss  5622  82N  4 
   33  53635.258387  0  20.628  0.230  0.157  0.430   2.167e+01   4.463e+00   3.096e+00   8.465e+00  16  sdss  5622  82N  4 
   33  53637.252954  1  21.549  0.166  0.271  0.235   8.543e+00   1.300e+00   2.144e+00   1.860e+00  19  sdss  5633  82N  4 
  160  53637.249637  2  21.056  0.145  0.333  0.141   1.365e+01   1.813e+00   4.200e+00   1.783e+00  19  sdss  5633  82N  4 
   32  53637.250466  3  21.016  0.191  0.496  0.175   1.398e+01   2.440e+00   6.414e+00   2.258e+00  21  sdss  5633  82N  4 
   32  53637.252125  4  20.720  0.520  0.892  0.464   1.815e+01   8.404e+00   1.536e+01   7.986e+00  21  sdss  5633  82N  4 
   33  53637.251295  0  21.250  0.323  0.241  0.590   1.220e+01   3.490e+00   2.679e+00   6.549e+00  16  sdss  5633  82N  4 
   32  53639.298667  1  22.938  0.435  0.373  0.321   2.338e+00   9.297e-01   8.350e-01   7.178e-01  19  sdss  5642  82N  4 
   32  53639.295350  2  21.749  0.217  0.370  0.150   7.192e+00   1.430e+00   2.472e+00   9.995e-01  19  sdss  5642  82N  4 
   32  53639.296179  3  21.289  0.211  0.377  0.147   1.086e+01   2.102e+00   3.793e+00   1.481e+00  21  sdss  5642  82N  4 
   32  53639.297838  4  21.646  0.714  0.524  0.345   7.009e+00   5.468e+00   4.208e+00   2.773e+00  21  sdss  5642  82N  4 
   32  53639.297009  0  21.920  0.444  0.116  0.449   6.552e+00   2.540e+00   6.992e-01   2.704e+00  16  sdss  5642  82N  4 
   32  53644.245442  1  22.370  0.250  0.225  0.213   3.991e+00   9.171e-01   8.396e-01   7.930e-01  19  sdss  5670  82N  4 
   32  53644.242125  2  22.014  0.256  0.296  0.139   5.621e+00   1.320e+00   1.551e+00   7.271e-01  19  sdss  5670  82N  4 
   32  53644.242954  3  22.377  0.531  0.601  0.257   3.896e+00   1.883e+00   2.269e+00   9.691e-01  21  sdss  5670  82N  4 
   32  53644.244612  4  20.915  0.363  0.245  0.173   1.503e+01   5.121e+00   3.565e+00   2.516e+00  21  sdss  5670  82N  4 
   32  53644.243783  0  21.787  0.381  0.120  0.377   7.416e+00   2.488e+00   8.171e-01   2.559e+00  16  sdss  5670  82N  4 
   32  53654.279803  1  20.949  0.070  0.055  0.054   1.486e+01   9.656e-01   7.533e-01   7.385e-01  19  sdss  5709  82N  4 
   32  53654.276486  2  20.876  0.098  0.119  0.045   1.611e+01   1.447e+00   1.769e+00   6.653e-01  19  sdss  5709  82N  4 
   32  53654.277316  3  21.202  0.182  0.207  0.078   1.177e+01   1.970e+00   2.253e+00   8.496e-01  21  sdss  5709  82N  4 
   32  53654.278974  4  21.390  0.655  0.506  0.302   9.294e+00   6.002e+00   4.937e+00   2.949e+00  21  sdss  5709  82N  4 
   32  53654.278145  0  20.844  0.167  0.048  0.150   1.776e+01   2.679e+00   7.758e-01   2.416e+00  16  sdss  5709  82N  4 
   35  53656.227015  1  20.819  0.145  0.252  0.185   1.675e+01   2.238e+00   3.903e+00   2.869e+00  19  sdss  5719  82N  4 
   33  53656.223698  2  21.191  0.219  0.696  0.248   1.205e+01   2.405e+00   7.749e+00   2.765e+00  19  sdss  5719  82N  4 
   33  53656.224528  3  20.704  0.167  0.557  0.180   1.865e+01   2.848e+00   9.593e+00   3.104e+00  21  sdss  5719  82N  4 
   32  53656.226186  4  21.353  1.003  1.806  1.126   9.666e+00   8.932e+00   1.816e+01   1.133e+01  21  sdss  5719  82N  4 
   35  53656.225357  0  20.691  0.287  0.121  0.485   2.044e+01   5.206e+00   2.240e+00   9.003e+00  16  sdss  5719  82N  4 
   33  53663.240241  1  20.801  0.074  0.046  0.036   1.703e+01   1.166e+00   7.316e-01   5.719e-01  19  sdss  5744  82N  4 
   33  53663.236924  2  20.839  0.089  0.084  0.033   1.667e+01   1.361e+00   1.287e+00   5.142e-01  19  sdss  5744  82N  4 
   32  53663.237753  3  21.436  0.216  0.178  0.077   9.471e+00   1.875e+00   1.565e+00   6.810e-01  21  sdss  5744  82N  4 
   32  53663.239411  4  20.743  0.321  0.229  0.124   1.775e+01   5.279e+00   3.875e+00   2.091e+00  21  sdss  5744  82N  4 
  161  53663.238582  0  20.605  0.161  0.038  0.104   2.213e+01   3.210e+00   7.619e-01   2.095e+00  16  sdss  5744  82N  4 
   32  53668.229408  1  20.817  0.069  0.088  0.087   1.678e+01   1.076e+00   1.357e+00   1.344e+00  19  sdss  5770  82N  4 
   32  53668.226091  2  21.123  0.138  0.300  0.131   1.283e+01   1.623e+00   3.558e+00   1.558e+00  19  sdss  5770  82N  4 
   32  53668.226920  3  20.933  0.164  0.344  0.145   1.509e+01   2.271e+00   4.793e+00   2.016e+00  21  sdss  5770  82N  4 
   32  53668.228579  4  20.218  0.285  0.470  0.259   2.919e+01   7.522e+00   1.271e+01   6.991e+00  21  sdss  5770  82N  4 
   32  53668.227749  0  20.574  0.147  0.072  0.278   2.277e+01   3.018e+00   1.487e+00   5.739e+00  16  sdss  5770  82N  4 
   32  53670.233906  1  20.953  0.070  0.057  0.058   1.481e+01   9.496e-01   7.856e-01   7.945e-01  19  sdss  5781  82N  4 
   32  53670.230589  2  20.929  0.105  0.172  0.076   1.534e+01   1.480e+00   2.431e+00   1.072e+00  19  sdss  5781  82N  4 
   32  53670.231419  3  20.935  0.146  0.219  0.087   1.506e+01   2.025e+00   3.043e+00   1.212e+00  21  sdss  5781  82N  4 
   32  53670.233077  4  21.723  0.800  0.793  0.411   6.407e+00   5.827e+00   6.025e+00   3.127e+00  21  sdss  5781  82N  4 
   32  53670.232248  0  20.579  0.131  0.042  0.148   2.266e+01   2.675e+00   8.554e-01   3.043e+00  16  sdss  5781  82N  4 
   32  53673.201811  1  20.802  0.064  0.077  0.074   1.702e+01   1.000e+00   1.205e+00   1.161e+00  19  sdss  5792  82N  4 
   32  53673.198495  2  21.072  0.119  0.224  0.098   1.345e+01   1.471e+00   2.782e+00   1.220e+00  19  sdss  5792  82N  4 
   32  53673.199324  3  21.123  0.175  0.292  0.115   1.266e+01   2.037e+00   3.424e+00   1.347e+00  21  sdss  5792  82N  4 
   32  53673.200982  4  20.776  0.383  0.475  0.269   1.720e+01   6.059e+00   7.778e+00   4.410e+00  21  sdss  5792  82N  4 
   32  53673.200153  0  20.895  0.179  0.075  0.267   1.693e+01   2.731e+00   1.160e+00   4.116e+00  16  sdss  5792  82N  4 
   32  53675.198439  1  20.710  0.063  0.109  0.102   1.853e+01   1.080e+00   1.862e+00   1.742e+00  19  sdss  5800  82N  4 
   32  53675.195122  2  21.078  0.137  0.360  0.157   1.338e+01   1.686e+00   4.442e+00   1.941e+00  19  sdss  5800  82N  4 
   32  53675.195951  3  20.990  0.191  0.648  0.234   1.432e+01   2.504e+00   8.578e+00   3.091e+00  21  sdss  5800  82N  4 
   32  53675.197610  4  21.796  1.051  2.123  0.982   5.860e+00   7.367e+00   1.534e+01   7.093e+00  21  sdss  5800  82N  4 
  162  53675.196781  0  20.653  0.164  0.101  0.427   2.117e+01   3.137e+00   1.940e+00   8.202e+00  16  sdss  5800  82N  4 
   32  53677.219459  1  20.688  0.055  0.050  0.047   1.891e+01   9.672e-01   8.812e-01   8.262e-01  19  sdss  5813  82N  4 
   32  53677.216142  2  20.832  0.090  0.117  0.053   1.678e+01   1.384e+00   1.817e+00   8.213e-01  19  sdss  5813  82N  4 
   32  53677.216972  3  20.699  0.115  0.167  0.067   1.874e+01   1.989e+00   2.890e+00   1.156e+00  21  sdss  5813  82N  4 
   32  53677.218630  4  20.870  0.379  0.406  0.217   1.570e+01   5.541e+00   6.132e+00   3.273e+00  21  sdss  5813  82N  4 
   32  53677.217801  0  20.551  0.128  0.039  0.154   2.326e+01   2.696e+00   8.156e-01   3.250e+00  16  sdss  5813  82N  4 
   32  53680.205727  1  21.043  0.081  0.098  0.096   1.363e+01   1.013e+00   1.231e+00   1.209e+00  19  sdss  5823  82N  4 
   32  53680.202411  2  21.387  0.165  0.314  0.136   1.006e+01   1.521e+00   2.924e+00   1.268e+00  19  sdss  5823  82N  4 
   32  53680.203240  3  21.511  0.260  0.483  0.193   8.834e+00   2.095e+00   3.971e+00   1.589e+00  21  sdss  5823  82N  4 
   32  53680.204898  4  20.611  0.315  0.354  0.207   2.014e+01   5.821e+00   6.723e+00   3.927e+00  21  sdss  5823  82N  4 
   32  53680.204069  0  20.866  0.174  0.053  0.261   1.739e+01   2.722e+00   8.412e-01   4.120e+00  16  sdss  5823  82N  4 
  129  53693.206858  1  29.221  0.110  0.110  0.078  -1.399e+01   1.423e+00   1.421e+00   1.004e+00  19  sdss  5878  82N  4 
    1  53693.203542  2  28.129  0.195  0.380  0.137  -9.269e+00   1.652e+00   3.263e+00   1.179e+00  19  sdss  5878  82N  4 
    0  53693.204371  3  27.396  0.222  0.416  0.138  -1.048e+01   2.130e+00   4.043e+00   1.342e+00  21  sdss  5878  82N  4 
    0  53693.206029  4  24.174  0.714  0.778  0.479  -8.337e+00   6.042e+00   7.013e+00   4.322e+00  21  sdss  5878  82N  4 
    1  53693.205200  0  28.124  0.350  0.099  0.341  -1.269e+01   3.910e+00   1.140e+00   3.939e+00  16  sdss  5878  82N  4 
 1188  53698.203790  1  21.591  5.138  3.315  0.174   8.218e+00   3.721e+01   2.522e+01   1.327e+00  19  sdss  5898  82N  4 
 1180  53698.200473  2  29.934  0.156  1.099  0.038  -4.897e+01   7.018e+00   4.966e+01   1.734e+00  19  sdss  5898  82N  4 
 1156  53698.201302  3  30.677  0.103  0.065  0.008  -2.159e+02   2.048e+01   1.296e+01   1.606e+00  21  sdss  5898  82N  4 
   28  53699.227192  1  30.009  0.068  0.363  0.036  -2.891e+01   1.820e+00   9.699e+00   9.671e-01  19  sdss  5902  82N  4 
   28  53699.223875  2  29.073  0.149  1.183  0.054  -2.215e+01   3.027e+00   2.418e+01   1.110e+00  19  sdss  5902  82N  4 
 1052  53699.224704  3  28.593  0.165  0.785  0.041  -3.165e+01   4.770e+00   2.288e+01   1.199e+00  21  sdss  5902  82N  4 
 1156  53699.226362  4  25.752  0.397  0.581  0.098  -3.877e+01   1.356e+01   2.069e+01   3.495e+00  21  sdss  5902  82N  4 
 1156  53699.225533  0  28.637  0.282  0.138  0.173  -2.038e+01   5.098e+00   2.546e+00   3.207e+00  16  sdss  5902  82N  4 
    2  53702.198846  3  27.082  0.532  3.913  1.167  -7.821e+00   3.610e+00   2.853e+01   8.513e+00  21  sdss  5909  82N  4 
    0  53704.189091  1  29.531  0.053  0.075  0.055  -1.861e+01   9.060e-01   1.287e+00   9.537e-01  19  sdss  5918  82N  4 
    0  53704.185774  2  28.716  0.095  0.171  0.069  -1.593e+01   1.392e+00   2.523e+00   1.010e+00  19  sdss  5918  82N  4 
    0  53704.186603  3  28.180  0.102  0.187  0.064  -2.163e+01   2.022e+00   3.725e+00   1.276e+00  21  sdss  5918  82N  4 
    0  53704.188262  4  25.181  0.283  0.316  0.169  -2.271e+01   5.882e+00   6.712e+00   3.583e+00  21  sdss  5918  82N  4 
    0  53704.187432  0  28.821  0.113  0.054  0.152  -2.415e+01   2.459e+00   1.183e+00   3.334e+00  16  sdss  5918  82N  4 
