# SDSS CID:  20381 IAU:          RA: 352.907745 DEC:  -0.518624  (J2000)
# GALAXY_SB [ugriz] = [ 21.72 21.42 20.81 20.57 20.14 ] +/- [  0.09  0.01  0.01  0.01  0.02 ] (asinh mag/square arcsec)
# GALAXY_SB_FLUX [ugriz] = [  7.643E+00  9.591E+00  1.720E+01  2.107E+01  3.131E+01 ] +/- [  6.542E-01  1.274E-01  1.266E-01  1.389E-01  5.432E-01 ] (microJy per square arcsec)
#FLAG  MJD       FILT  MAG     MERR  MSKYERR MGALERR  FLUX       FLUXERR    SKYERR     GALERR    NPRE TELE   RUN  STRIP  IDCCD
   33  54346.275247  1  24.170  1.520  0.742  1.422   6.323e-01   1.340e+00   6.151e-01   1.179e+00  18  sdss  6920  82N  2 
   32  54346.271930  2  23.447  0.988  0.461  0.739   1.386e+00   1.344e+00   6.929e-01   1.110e+00  19  sdss  6920  82N  2 
   32  54346.272759  3  23.822  1.110  0.764  0.801   6.665e-01   1.637e+00   1.017e+00   1.067e+00  19  sdss  6920  82N  2 
  160  54346.274418  4  21.896  0.828  0.626  0.633   5.161e+00   5.493e+00   4.211e+00   4.255e+00  20  sdss  6920  82N  2 
   37  54346.273588  0  23.829  1.896  1.234  5.288   8.927e-01   3.041e+00   1.562e+00   6.693e+00  8  sdss  6920  82N  2 
   32  54348.305727  1  23.544  0.585  0.238  0.627   1.288e+00   7.300e-01   3.156e-01   8.307e-01  18  sdss  6934  82N  2 
   32  54348.302409  2  22.858  0.423  0.112  0.297   2.526e+00   9.960e-01   2.752e-01   7.267e-01  19  sdss  6934  82N  2 
   32  54348.303239  3  22.094  0.290  0.143  0.156   5.112e+00   1.368e+00   6.907e-01   7.515e-01  19  sdss  6934  82N  2 
   32  54348.304897  4  22.523  0.795  0.601  0.517   1.531e+00   4.335e+00   3.047e+00   2.620e+00  20  sdss  6934  82N  2 
  172  54348.304068  0  22.932  1.034  0.595  2.225   2.491e+00   2.166e+00   1.470e+00   5.498e+00  8  sdss  6934  82N  2 
   32  54358.261616  1  23.509  0.601  0.076  0.875   1.335e+00   7.678e-01   1.035e-01   1.194e+00  18  sdss  6958  82N  2 
   32  54358.258299  2  23.124  0.578  0.263  0.484   1.943e+00   1.059e+00   5.125e-01   9.454e-01  19  sdss  6958  82N  2 
   32  54358.259128  3  23.102  0.725  0.299  0.447   1.850e+00   1.415e+00   6.175e-01   9.236e-01  19  sdss  6958  82N  2 
   32  54358.260787  4  22.093  0.881  0.772  0.791   3.891e+00   5.418e+00   4.630e+00   4.747e+00  20  sdss  6958  82N  2 
  164  54358.259957  0  23.287  1.552  0.438  4.868   1.724e+00   2.570e+00   8.089e-01   8.995e+00  8  sdss  6958  82N  2 
   36  54359.227760  1  22.587  0.577  0.188  0.454   3.258e+00   1.627e+00   5.743e-01   1.392e+00  18  sdss  6962  82N  2 
 1188  54359.224443  2  21.659  0.543  0.423  0.191   7.818e+00   3.627e+00   3.051e+00   1.380e+00  19  sdss  6962  82N  2 
    4  54359.225272  3  24.461  1.958  1.521  0.914  -1.172e-01   3.797e+00   1.809e+00   1.086e+00  19  sdss  6962  82N  2 
  164  54359.226931  4  20.769  1.044  0.642  0.267   1.732e+01   1.389e+01   1.045e+01   4.354e+00  20  sdss  6962  82N  2 
 1028  54359.226101  0  25.933  2.411  0.446  3.735  -1.527e+00   5.014e+00   7.570e-01   6.339e+00  8  sdss  6962  82N  2 
  161  54365.294716  1  23.132  0.693  0.303  0.630   1.940e+00   1.178e+00   5.707e-01   1.187e+00  18  sdss  6982  82N  2 
   32  54365.291399  2  22.913  0.674  0.106  0.491   2.394e+00   1.435e+00   2.465e-01   1.147e+00  19  sdss  6982  82N  2 
   32  54365.292228  3  24.304  1.339  0.678  1.346   6.897e-02   2.019e+00   8.043e-01   1.596e+00  19  sdss  6982  82N  2 
  160  54365.293887  4  21.379  0.939  0.528  0.512   9.411e+00   8.238e+00   5.152e+00   4.999e+00  20  sdss  6982  82N  2 
   39  54365.293058  0  23.625  2.120  1.249  8.482   1.169e+00   3.798e+00   1.799e+00   1.222e+01  8  sdss  6982  82N  2 
   35  54373.368515  1  22.291  0.667  0.322  0.461   4.297e+00   2.390e+00   1.290e+00   1.847e+00  18  sdss  7006  82N  2 
   33  54373.365198  2  22.317  0.488  0.110  0.257   4.233e+00   1.821e+00   4.373e-01   1.019e+00  19  sdss  7006  82N  2 
   33  54373.366027  3  24.285  1.273  0.767  0.881   9.167e-02   1.878e+00   9.103e-01   1.046e+00  19  sdss  7006  82N  2 
   32  54373.367686  4  21.730  0.836  0.328  0.658   6.355e+00   6.018e+00   2.464e+00   4.939e+00  20  sdss  7006  82N  2 
  165  54373.366857  0  21.655  1.108  0.394  1.116   8.386e+00   6.522e+00   3.036e+00   8.610e+00  8  sdss  7006  82N  2 
    0  54381.313655  1  25.494  0.901  0.147  1.076  -2.259e-01   6.132e-01   9.163e-02   6.723e-01  18  sdss  7034  82N  2 
   32  54381.310338  2  23.415  0.659  0.260  0.428   1.436e+00   9.549e-01   3.997e-01   6.595e-01  19  sdss  7034  82N  2 
   32  54381.311167  3  23.713  0.864  0.390  0.372   8.148e-01   1.254e+00   5.453e-01   5.208e-01  19  sdss  7034  82N  2 
   32  54381.312826  4  22.488  0.784  0.319  0.461   1.708e+00   4.289e+00   1.631e+00   2.358e+00  20  sdss  7034  82N  2 
   32  54381.311996  0  23.013  0.996  0.103  1.971   2.295e+00   1.984e+00   2.372e-01   4.549e+00  8  sdss  7034  82N  2 
   32  54386.305947  1  23.646  0.580  0.331  0.737   1.158e+00   6.694e-01   4.038e-01   8.992e-01  18  sdss  7054  82N  2 
   32  54386.302631  2  23.720  0.830  0.048  0.591   1.015e+00   9.768e-01   5.946e-02   7.247e-01  19  sdss  7054  82N  2 
   32  54386.303460  3  22.718  0.464  0.177  0.210   2.780e+00   1.249e+00   4.957e-01   5.891e-01  19  sdss  7054  82N  2 
   32  54386.305118  4  22.304  0.754  0.534  0.523   2.680e+00   4.280e+00   2.906e+00   2.846e+00  20  sdss  7054  82N  2 
   36  54386.304289  0  24.142  1.477  0.168  4.550   5.268e-01   1.968e+00   1.813e-01   4.921e+00  8  sdss  7054  82N  2 
   32  54388.309941  1  23.500  0.502  0.254  0.545   1.347e+00   6.583e-01   3.487e-01   7.490e-01  18  sdss  7060  82N  2 
   32  54388.306624  2  23.163  0.527  0.068  0.297   1.868e+00   9.454e-01   1.294e-01   5.603e-01  19  sdss  7060  82N  2 
   32  54388.307453  3  22.522  0.392  0.125  0.160   3.381e+00   1.257e+00   4.132e-01   5.310e-01  19  sdss  7060  82N  2 
    0  54388.309112  4  22.985  0.804  0.210  0.542  -7.432e-01   4.315e+00   1.033e+00   2.669e+00  20  sdss  7060  82N  2 
   36  54388.308282  0  22.881  0.933  0.163  1.807   2.621e+00   2.075e+00   4.204e-01   4.663e+00  8  sdss  7060  82N  2 
   32  54393.295543  1  23.098  0.330  0.113  0.258   2.005e+00   6.242e-01   2.184e-01   5.009e-01  18  sdss  7080  82N  2 
   32  54393.292226  2  22.523  0.274  0.089  0.119   3.485e+00   8.865e-01   2.916e-01   3.908e-01  19  sdss  7080  82N  2 
   32  54393.293055  3  22.339  0.298  0.064  0.077   4.043e+00   1.132e+00   2.493e-01   2.974e-01  19  sdss  7080  82N  2 
   32  54393.294713  4  21.545  0.422  0.050  0.189   7.862e+00   3.533e+00   4.283e-01   1.624e+00  20  sdss  7080  82N  2 
   32  54393.293884  0  23.049  0.927  0.165  1.204   2.214e+00   1.826e+00   3.688e-01   2.697e+00  8  sdss  7080  82N  2 
   33  54403.223117  1  23.465  0.891  0.339  0.493   1.395e+00   1.110e+00   4.802e-01   6.982e-01  18  sdss  7106  82N  2 
   33  54403.219800  2  22.787  0.512  0.128  0.216   2.706e+00   1.258e+00   3.350e-01   5.627e-01  19  sdss  7106  82N  2 
   32  54403.220629  3  23.164  0.781  0.308  0.269   1.724e+00   1.459e+00   6.082e-01   5.299e-01  19  sdss  7106  82N  2 
    0  54403.222287  4  23.465  0.773  0.338  0.409  -3.263e+00   4.535e+00   1.924e+00   2.329e+00  20  sdss  7106  82N  2 
  165  54403.221458  0  23.168  1.655  0.078  2.017   1.957e+00   2.898e+00   1.579e-01   4.097e+00  8  sdss  7106  82N  2 
   33  54405.278328  1  22.815  0.374  0.076  0.306   2.628e+00   8.995e-01   1.884e-01   7.641e-01  18  sdss  7117  82N  2 
   32  54405.275011  2  22.883  0.493  0.111  0.260   2.465e+00   1.120e+00   2.650e-01   6.228e-01  19  sdss  7117  82N  2 
   32  54405.275840  3  22.890  0.627  0.203  0.265   2.329e+00   1.437e+00   4.957e-01   6.457e-01  19  sdss  7117  82N  2 
   32  54405.277499  4  22.340  1.009  0.310  0.441   2.486e+00   5.927e+00   1.663e+00   2.367e+00  20  sdss  7117  82N  2 
 1184  54405.276670  0  24.392  1.703  1.078  4.367   2.675e-01   2.428e+00   1.077e+00   4.364e+00  8  sdss  7117  82N  2 
   40  54406.216634  1  23.059  0.342  0.212  0.434   2.082e+00   6.675e-01   4.262e-01   8.711e-01  18  sdss  7121  82N  2 
   56  54406.213318  2  22.558  0.342  0.574  0.215   3.370e+00   1.060e+00   1.831e+00   6.848e-01  19  sdss  7121  82N  2 
   32  54406.214147  3  21.982  0.265  0.142  0.124   5.684e+00   1.390e+00   7.546e-01   6.591e-01  19  sdss  7121  82N  2 
   32  54406.215805  4  22.190  0.951  0.414  0.477   3.320e+00   5.725e+00   2.367e+00   2.728e+00  20  sdss  7121  82N  2 
  164  54406.214976  0  22.093  0.411  0.183  0.923   5.575e+00   2.038e+00   9.482e-01   4.781e+00  8  sdss  7121  82N  2 
   32  54412.219219  1  22.390  0.198  0.081  0.196   3.919e+00   7.189e-01   2.965e-01   7.170e-01  18  sdss  7140  82N  2 
   32  54412.215903  2  22.530  0.291  0.128  0.182   3.462e+00   9.315e-01   4.203e-01   5.957e-01  19  sdss  7140  82N  2 
   32  54412.216732  3  22.025  0.261  0.098  0.137   5.458e+00   1.314e+00   5.053e-01   7.038e-01  19  sdss  7140  82N  2 
   32  54412.218390  4  21.761  0.621  0.439  0.381   6.119e+00   4.443e+00   3.224e+00   2.800e+00  20  sdss  7140  82N  2 
   12  54412.217561  0  25.844  1.733  0.856  3.168  -1.380e+00   2.790e+00   1.360e+00   5.032e+00  8  sdss  7140  82N  2 
   40  54416.214608  1  22.587  0.196  0.102  0.187   3.258e+00   5.925e-01   3.135e-01   5.741e-01  18  sdss  7155  82N  2 
   32  54416.211291  2  22.426  0.247  0.030  0.127   3.821e+00   8.728e-01   1.072e-01   4.562e-01  19  sdss  7155  82N  2 
   32  54416.212120  3  22.473  0.355  0.062  0.120   3.548e+00   1.191e+00   2.150e-01   4.159e-01  19  sdss  7155  82N  2 
   32  54416.213779  4  21.457  0.448  0.339  0.224   8.653e+00   3.985e+00   3.110e+00   2.050e+00  20  sdss  7155  82N  2 
   32  54416.212949  0  22.111  0.377  0.127  0.686   5.481e+00   1.852e+00   6.451e-01   3.494e+00  8  sdss  7155  82N  2 
   33  54421.219954  1  22.314  0.236  0.112  0.188   4.206e+00   9.105e-01   4.400e-01   7.378e-01  18  sdss  7170  82N  2 
   32  54421.216637  2  22.506  0.405  0.131  0.251   3.541e+00   1.299e+00   4.381e-01   8.377e-01  19  sdss  7170  82N  2 
   32  54421.217466  3  22.208  0.354  0.093  0.146   4.585e+00   1.495e+00   4.053e-01   6.344e-01  19  sdss  7170  82N  2 
   32  54421.219124  4  21.027  0.399  0.171  0.229   1.347e+01   5.032e+00   2.229e+00   2.989e+00  20  sdss  7170  82N  2 
   36  54421.218295  0  22.106  0.518  0.087  0.964   5.507e+00   2.477e+00   4.467e-01   4.932e+00  8  sdss  7170  82N  2 
   39  54431.223033  1  24.308  3.015  7.779  2.267   5.221e-01   5.145e+00   5.917e+00   1.724e+00  18  sdss  7195  82N  2 
   45  54431.219716  2  23.430  2.666  4.393  0.646   1.412e+00   5.205e+00   6.686e+00   9.832e-01  19  sdss  7195  82N  2 
   45  54431.220546  3  22.432  2.299  5.316  0.329   3.693e+00   6.358e+00   1.904e+01   1.179e+00  19  sdss  7195  82N  2 
    5  54431.222204  4  25.040  1.075  0.705  0.255  -1.986e+01   1.590e+01   1.303e+01   4.717e+00  20  sdss  7195  82N  2 
   39  54431.221375  0  21.767  3.339  0.924  1.372   7.557e+00   1.359e+01   6.439e+00   9.552e+00  8  sdss  7195  82N  2 
   35  54433.218257  1  22.481  0.486  0.287  0.487   3.599e+00   1.542e+00   9.675e-01   1.641e+00  18  sdss  7202  82N  2 
   33  54433.214941  2  23.306  0.980  0.479  0.636   1.611e+00   1.457e+00   8.053e-01   1.068e+00  19  sdss  7202  82N  2 
   32  54433.215770  3  22.867  0.776  0.425  0.464   2.386e+00   1.764e+00   1.056e+00   1.151e+00  19  sdss  7202  82N  2 
   32  54433.217428  4  22.062  1.002  0.850  0.848   4.084e+00   6.311e+00   5.188e+00   5.174e+00  20  sdss  7202  82N  2 
   11  54433.216599  0  26.109  2.179  2.692  5.809  -1.848e+00   4.230e+00   5.237e+00   1.130e+01  8  sdss  7202  82N  2 
