# SDSS CID:   7409 IAU:          RA:  12.692236 DEC:   0.427642  (J2000)
# GALAXY_SB [ugriz] = [ 23.62 23.56 23.20 22.71 21.84 ] +/- [  0.22  0.08  0.06  0.05  0.09 ] (asinh mag/square arcsec)
# GALAXY_SB_FLUX [ugriz] = [  1.133E+00  1.260E+00  1.790E+00  2.814E+00  5.475E+00 ] +/- [  3.158E-01  1.002E-01  1.100E-01  1.560E-01  6.154E-01 ] (microJy per square arcsec)
#FLAG  MJD       FILT  MAG     MERR  MSKYERR MGALERR  FLUX       FLUXERR    SKYERR     GALERR    NPRE TELE   RUN  STRIP  IDCCD
    0  53622.363366  1  25.800  0.946  1.231  1.475  -4.284e-01   6.981e-01   8.723e-01   1.045e+00  10  sdss  5582  82S  5 
   32  53622.360049  2  23.392  0.666  0.747  0.666   1.472e+00   9.831e-01   1.175e+00   1.048e+00  12  sdss  5582  82S  5 
   40  53622.360878  3  22.813  0.701  1.611  0.566   2.523e+00   1.684e+00   4.196e+00   1.473e+00  12  sdss  5582  82S  5 
    0  53622.362537  4  22.993  0.925  0.631  1.027  -7.831e-01   5.104e+00   3.110e+00   5.062e+00  11  sdss  5582  82S  5 
  128  53622.361707  0  24.963  1.462  1.496  3.641  -2.920e-01   1.902e+00   1.503e+00   3.658e+00  9  sdss  5582  82S  5 
  161  53627.320903  1  24.546  1.317  1.444  1.155   3.529e-01   1.024e+00   9.703e-01   7.765e-01  10  sdss  5607  82S  5 
   32  53627.317586  2  23.858  0.973  0.769  0.607   8.532e-01   1.075e+00   8.617e-01   6.797e-01  12  sdss  5607  82S  5 
   32  53627.318415  3  24.095  1.054  0.802  0.686   3.198e-01   1.472e+00   9.782e-01   8.373e-01  12  sdss  5607  82S  5 
    0  53627.320074  4  23.055  0.862  0.411  0.922  -1.090e+00   4.719e+00   2.045e+00   4.592e+00  11  sdss  5607  82S  5 
  161  53627.319244  0  23.563  1.503  1.256  1.667   1.261e+00   2.255e+00   1.886e+00   2.504e+00  9  sdss  5607  82S  5 
  129  53634.313216  1  26.487  1.460  0.510  0.606  -1.037e+00   1.458e+00   5.711e-01   6.789e-01  10  sdss  5619  82S  5 
   33  53634.309898  2  24.110  1.331  0.798  0.738   5.913e-01   1.440e+00   7.717e-01   7.136e-01  12  sdss  5619  82S  5 
  160  53634.310728  3  23.712  1.140  0.838  0.690   8.166e-01   1.734e+00   1.175e+00   9.673e-01  12  sdss  5619  82S  5 
  160  53634.312387  4  21.702  0.543  0.256  0.446   6.565e+00   4.100e+00   1.990e+00   3.465e+00  11  sdss  5619  82S  5 
   33  53638.354671  1  24.132  0.720  0.216  0.451   6.637e-01   5.962e-01   1.832e-01   3.820e-01  10  sdss  5637  82S  5 
    0  53638.351354  2  25.227  0.854  0.567  0.440  -3.483e-01   7.881e-01   4.883e-01   3.785e-01  12  sdss  5637  82S  5 
   32  53638.352183  3  24.209  0.910  0.358  0.424   1.820e-01   1.215e+00   4.275e-01   5.074e-01  12  sdss  5637  82S  5 
   32  53638.353842  4  22.540  0.691  0.204  0.431   1.445e+00   3.691e+00   1.034e+00   2.180e+00  11  sdss  5637  82S  5 
   33  53638.353013  0  24.162  1.295  0.423  1.472   5.061e-01   1.628e+00   4.535e-01   1.579e+00  9  sdss  5637  82S  5 
    0  53640.318676  1  26.277  0.672  0.736  0.820  -8.199e-01   6.171e-01   7.036e-01   7.846e-01  10  sdss  5646  82S  5 
    0  53640.315359  2  25.443  0.880  1.041  0.767  -5.425e-01   8.629e-01   9.813e-01   7.226e-01  12  sdss  5646  82S  5 
   32  53640.316188  3  24.190  0.975  0.730  0.740   2.048e-01   1.323e+00   8.753e-01   8.877e-01  12  sdss  5646  82S  5 
   32  53640.317846  4  22.392  0.672  0.205  0.482   2.209e+00   3.698e+00   1.083e+00   2.545e+00  11  sdss  5646  82S  5 
   32  53640.317017  0  24.376  1.379  0.381  2.270   2.842e-01   1.742e+00   3.817e-01   2.276e+00  9  sdss  5646  82S  5 
    1  53655.291048  1  26.054  0.970  0.559  0.786  -6.220e-01   7.865e-01   4.589e-01   6.448e-01  10  sdss  5713  82S  5 
   32  53655.287731  2  24.088  1.025  0.905  0.670   6.127e-01   1.048e+00   8.851e-01   6.554e-01  12  sdss  5713  82S  5 
   32  53655.288560  3  23.916  1.039  0.636  0.621   5.428e-01   1.483e+00   8.171e-01   7.976e-01  12  sdss  5713  82S  5 
   32  53655.290219  4  21.909  0.672  0.315  0.485   5.067e+00   4.472e+00   2.130e+00   3.276e+00  11  sdss  5713  82S  5 
  161  53655.289390  0  23.079  1.038  0.186  1.013   2.146e+00   1.959e+00   4.054e-01   2.209e+00  9  sdss  5713  82S  5 
  129  53664.315630  1  25.644  1.508  3.337  0.935  -3.217e-01   1.235e+00   2.198e+00   6.159e-01  10  sdss  5754  82S  5 
   61  53664.312313  2  23.790  1.832 10.210  0.548   9.311e-01   2.425e+00   1.196e+01   6.427e-01  12  sdss  5754  82S  5 
  185  53664.313143  3  22.236  0.671  5.053  0.192   4.465e+00   2.591e+00   2.158e+01   8.216e-01  12  sdss  5754  82S  5 
   56  53664.314801  4  22.763  0.895  3.575  0.608   3.410e-01   4.884e+00   1.747e+01   2.973e+00  11  sdss  5754  82S  5 
   32  53669.274970  1  23.151  0.263  0.084  0.175   1.905e+00   4.774e-01   1.547e-01   3.225e-01  10  sdss  5776  82S  5 
   32  53669.271653  2  22.953  0.334  0.147  0.161   2.303e+00   7.379e-01   3.322e-01   3.638e-01  12  sdss  5776  82S  5 
   32  53669.272482  3  23.176  0.610  0.249  0.213   1.701e+00   1.152e+00   4.886e-01   4.185e-01  12  sdss  5776  82S  5 
   32  53669.274141  4  22.507  0.624  0.207  0.340   1.613e+00   3.324e+00   1.057e+00   1.731e+00  11  sdss  5776  82S  5 
  160  53669.273312  0  23.612  0.880  0.257  0.838   1.190e+00   1.234e+00   3.742e-01   1.218e+00  9  sdss  5776  82S  5 
   32  53671.359586  1  23.016  0.303  0.243  0.259   2.170e+00   6.159e-01   5.054e-01   5.390e-01  10  sdss  5786  82S  5 
    0  53671.356269  2  22.684  0.308  0.198  0.141   2.990e+00   8.639e-01   5.678e-01   4.055e-01  12  sdss  5786  82S  5 
   32  53671.357098  3  23.124  0.702  0.374  0.328   1.804e+00   1.358e+00   7.628e-01   6.684e-01  12  sdss  5786  82S  5 
  128  53671.358756  4  23.190  0.730  0.365  0.492  -1.772e+00   3.974e+00   1.876e+00   2.531e+00  11  sdss  5786  82S  5 
 1184  53671.357927  0  23.893  1.370  0.807  1.401   8.130e-01   1.841e+00   9.847e-01   1.708e+00  9  sdss  5786  82S  5 
   32  53674.258801  1  23.999  0.657  0.636  0.818   7.820e-01   5.892e-01   5.913e-01   7.602e-01  10  sdss  5797  82S  5 
   32  53674.255484  2  23.503  0.615  0.521  0.452   1.304e+00   8.454e-01   7.507e-01   6.526e-01  12  sdss  5797  82S  5 
   32  53674.256314  3  23.150  0.686  0.487  0.445   1.752e+00   1.307e+00   9.735e-01   8.890e-01  12  sdss  5797  82S  5 
  128  53674.257972  4  23.428  0.658  0.407  0.622  -3.048e+00   3.786e+00   2.292e+00   3.500e+00  11  sdss  5797  82S  5 
    0  53674.257143  0  22.805  0.640  0.364  0.709   2.823e+00   1.617e+00   1.001e+00   1.948e+00  9  sdss  5797  82S  5 
  160  53676.348129  1  23.236  0.356  0.193  0.364   1.753e+00   5.932e-01   3.303e-01   6.252e-01  10  sdss  5807  82S  5 
   32  53676.344812  2  23.790  0.693  0.490  0.349   9.311e-01   7.907e-01   5.747e-01   4.086e-01  12  sdss  5807  82S  5 
   32  53676.345642  3  22.748  0.440  0.129  0.165   2.697e+00   1.164e+00   3.545e-01   4.527e-01  12  sdss  5807  82S  5 
  128  53676.347300  4  23.393  0.570  0.191  0.334  -2.852e+00   3.220e+00   1.060e+00   1.850e+00  11  sdss  5807  82S  5 
    0  53676.346471  0  23.011  0.786  0.427  0.730   2.300e+00   1.634e+00   9.862e-01   1.686e+00  9  sdss  5807  82S  5 
   32  53679.319805  1  22.765  0.248  0.184  0.327   2.756e+00   6.355e-01   4.777e-01   8.500e-01  10  sdss  5820  82S  5 
   32  53679.316488  2  23.173  0.551  0.377  0.374   1.849e+00   9.787e-01   7.088e-01   7.038e-01  12  sdss  5820  82S  5 
   32  53679.317317  3  24.359  1.100  1.061  0.845   3.346e-03   1.537e+00   1.256e+00   1.000e+00  12  sdss  5820  82S  5 
   32  53679.318976  4  22.566  0.846  0.574  0.747   1.314e+00   4.635e+00   2.883e+00   3.753e+00  11  sdss  5820  82S  5 
   32  53679.318146  0  24.014  1.422  0.496  2.605   6.696e-01   1.895e+00   5.684e-01   2.982e+00  9  sdss  5820  82S  5 
   32  53681.311167  1  23.321  0.384  0.504  0.261   1.612e+00   5.936e-01   8.034e-01   4.168e-01  10  sdss  5836  82S  5 
  184  53681.307850  2  23.466  0.658  1.783  0.354   1.359e+00   9.231e-01   2.645e+00   5.257e-01  12  sdss  5836  82S  5 
    0  53681.308679  3  25.615  0.696  0.529  0.326  -1.836e+00   1.361e+00   1.091e+00   6.721e-01  12  sdss  5836  82S  5 
    0  53681.310338  4  22.941  0.763  0.213  0.455  -5.277e-01   4.048e+00   1.042e+00   2.229e+00  11  sdss  5836  82S  5 
    0  53681.309509  0  22.233  0.422  0.097  0.367   4.888e+00   1.839e+00   4.426e-01   1.673e+00  9  sdss  5836  82S  5 
   33  53685.269918  1  23.402  1.697  1.220  0.564   1.487e+00   1.993e+00   1.817e+00   8.397e-01  10  sdss  5853  82S  5 
    1  53685.266601  2  22.469  0.585  0.253  0.210   3.669e+00   1.869e+00   8.790e-01   7.305e-01  12  sdss  5853  82S  5 
   33  53685.267430  3  22.653  0.818  0.555  0.322   2.970e+00   2.167e+00   1.650e+00   9.576e-01  12  sdss  5853  82S  5 
    0  53685.269089  4  24.009  0.715  0.432  0.525  -6.929e+00   5.480e+00   3.473e+00   4.216e+00  11  sdss  5853  82S  5 
    0  53697.267148  1  22.664  0.257  0.209  0.149   3.032e+00   7.199e-01   5.938e-01   4.237e-01  10  sdss  5895  82S  5 
   32  53697.263831  2  22.939  0.413  0.284  0.222   2.335e+00   9.132e-01   6.509e-01   5.098e-01  12  sdss  5895  82S  5 
   32  53697.264660  3  23.222  0.704  0.408  0.315   1.612e+00   1.281e+00   7.739e-01   5.970e-01  12  sdss  5895  82S  5 
   32  53697.266319  4  22.411  0.625  0.325  0.358   2.109e+00   3.402e+00   1.706e+00   1.879e+00  11  sdss  5895  82S  5 
    0  53697.265490  0  22.897  0.781  0.183  0.614   2.577e+00   1.773e+00   4.643e-01   1.560e+00  9  sdss  5895  82S  5 
   32  53700.265810  1  23.028  0.336  0.358  0.471   2.145e+00   6.729e-01   7.373e-01   9.691e-01  10  sdss  5905  82S  5 
   32  53700.262493  2  22.804  0.382  0.401  0.302   2.664e+00   9.533e-01   1.035e+00   7.780e-01  12  sdss  5905  82S  5 
   32  53700.263323  3  22.180  0.335  0.329  0.220   4.710e+00   1.462e+00   1.477e+00   9.856e-01  12  sdss  5905  82S  5 
    0  53700.264981  4  23.462  0.815  0.628  0.760  -3.241e+00   4.823e+00   3.592e+00   4.345e+00  11  sdss  5905  82S  5 
    0  53700.264152  0  22.661  0.753  0.229  1.045   3.249e+00   2.084e+00   7.131e-01   3.254e+00  9  sdss  5905  82S  5 
   32  53705.252274  1  22.940  0.256  0.189  0.240   2.335e+00   5.614e-01   4.194e-01   5.346e-01  10  sdss  5924  82S  5 
    0  53705.248957  2  22.483  0.242  0.231  0.160   3.621e+00   8.171e-01   7.905e-01   5.475e-01  12  sdss  5924  82S  5 
   32  53705.249786  3  22.728  0.453  0.273  0.252   2.753e+00   1.216e+00   7.621e-01   7.040e-01  12  sdss  5924  82S  5 
   32  53705.251445  4  21.688  0.462  0.235  0.350   6.674e+00   3.549e+00   1.846e+00   2.747e+00  11  sdss  5924  82S  5 
    0  53705.250616  0  22.699  0.592  0.123  0.652   3.132e+00   1.652e+00   3.714e-01   1.964e+00  9  sdss  5924  82S  5 
