# SDSS CID:   1821 IAU:          RA: 310.339691 DEC:   0.233500  (J2000)
# GALAXY_SB [ugriz] = [ 24.36 24.14 23.87 23.54 22.51 ] +/- [  0.53  0.11  0.11  0.11  0.13 ] (asinh mag/square arcsec)
# GALAXY_SB_FLUX [ugriz] = [  2.680E-01  6.541E-01  8.408E-01  1.069E+00  1.569E+00 ] +/- [  5.262E-01  9.369E-02  1.255E-01  1.627E-01  6.746E-01 ] (microJy per square arcsec)
#FLAG  MJD       FILT  MAG     MERR  MSKYERR MGALERR  FLUX       FLUXERR    SKYERR     GALERR    NPRE TELE   RUN  STRIP  IDCCD
    0  53623.167158  1  21.522  0.092  0.066  0.092   8.762e+00   7.372e-01   5.299e-01   7.402e-01  8  sdss  5590  82N  4 
    0  53623.163841  2  21.066  0.069  0.022  0.038   1.352e+01   8.654e-01   2.756e-01   4.747e-01  10  sdss  5590  82N  4 
    0  53623.164670  3  20.770  0.075  0.026  0.032   1.755e+01   1.208e+00   4.282e-01   5.098e-01  13  sdss  5590  82N  4 
    0  53623.166329  4  20.567  0.238  0.192  0.194   2.100e+01   4.690e+00   3.839e+00   3.865e+00  12  sdss  5590  82N  4 
   36  53623.165499  0  23.833  1.221  0.102  2.064   8.878e-01   1.605e+00   1.271e-01   2.579e+00  6  sdss  5590  82N  4 
    1  53626.152937  1  21.588  0.120  0.045  0.043   8.244e+00   9.016e-01   3.421e-01   3.242e-01  8  sdss  5603  82N  4 
    1  53626.149620  2  21.050  0.087  0.021  0.035   1.372e+01   1.100e+00   2.649e-01   4.463e-01  10  sdss  5603  82N  4 
    0  53626.150449  3  20.669  0.081  0.030  0.033   1.926e+01   1.434e+00   5.253e-01   5.910e-01  13  sdss  5603  82N  4 
    0  53626.152107  4  21.043  0.302  0.047  0.154   1.326e+01   3.898e+00   6.190e-01   2.023e+00  12  sdss  5603  82N  4 
    1  53626.151278  0  22.859  1.018  0.045  0.814   2.678e+00   2.211e+00   1.160e-01   2.091e+00  6  sdss  5603  82N  4 
    1  53628.137807  1  21.554  0.219  0.086  0.095   8.507e+00   1.684e+00   6.666e-01   7.384e-01  8  sdss  5610  82N  4 
    1  53628.134490  2  21.077  0.140  0.067  0.070   1.339e+01   1.720e+00   8.295e-01   8.682e-01  10  sdss  5610  82N  4 
    1  53628.135319  3  20.823  0.125  0.076  0.061   1.671e+01   1.910e+00   1.174e+00   9.436e-01  13  sdss  5610  82N  4 
    0  53628.136978  4  20.999  0.422  0.066  0.282   1.385e+01   5.547e+00   9.016e-01   3.849e+00  12  sdss  5610  82N  4 
 1185  53628.136148  0  24.348  2.118  0.457  4.119   3.120e-01   3.635e+00   4.602e-01   4.151e+00  6  sdss  5610  82N  4 
    0  53635.145729  1  21.996  0.115  0.073  0.071   5.651e+00   5.953e-01   3.772e-01   3.677e-01  8  sdss  5622  82N  4 
    0  53635.142412  2  21.147  0.066  0.027  0.028   1.255e+01   7.634e-01   3.091e-01   3.238e-01  10  sdss  5622  82N  4 
   24  53635.143241  3  20.903  0.080  0.115  0.029   1.552e+01   1.141e+00   1.651e+00   4.085e-01  13  sdss  5622  82N  4 
    4  53635.144899  4  20.918  0.268  0.094  0.127   1.499e+01   3.855e+00   1.381e+00   1.865e+00  12  sdss  5622  82N  4 
 1196  53635.144070  0  24.038  1.144  0.785  1.692   6.425e-01   1.411e+00   8.829e-01   1.903e+00  6  sdss  5622  82N  4 
    0  53637.138949  1  22.205  0.144  0.128  0.178   4.655e+00   6.132e-01   5.484e-01   7.646e-01  8  sdss  5633  82N  4 
    0  53637.135632  2  21.322  0.100  0.057  0.100   1.068e+01   9.814e-01   5.653e-01   9.865e-01  10  sdss  5633  82N  4 
    0  53637.136461  3  20.816  0.097  0.068  0.074   1.682e+01   1.505e+00   1.049e+00   1.146e+00  13  sdss  5633  82N  4 
    0  53637.138120  4  21.161  0.549  0.365  0.523   1.178e+01   6.161e+00   4.347e+00   6.225e+00  12  sdss  5633  82N  4 
   32  53637.137291  0  24.193  1.532  0.345  4.892   4.721e-01   2.068e+00   3.646e-01   5.165e+00  6  sdss  5633  82N  4 
    0  53644.130660  1  22.721  0.190  0.112  0.175   2.872e+00   5.066e-01   2.998e-01   4.711e-01  8  sdss  5670  82N  4 
    0  53644.127343  2  21.418  0.094  0.025  0.073   9.774e+00   8.481e-01   2.300e-01   6.551e-01  10  sdss  5670  82N  4 
    0  53644.128173  3  20.938  0.089  0.035  0.042   1.503e+01   1.230e+00   4.828e-01   5.827e-01  13  sdss  5670  82N  4 
    0  53644.129831  4  21.834  0.612  0.333  0.389   5.587e+00   4.245e+00   2.364e+00   2.757e+00  12  sdss  5670  82N  4 
    0  53644.129002  0  25.213  1.226  0.167  2.494  -5.527e-01   1.519e+00   1.819e-01   2.709e+00  6  sdss  5670  82N  4 
 1028  53649.124842  1  22.202  0.573  0.990  0.201   4.668e+00   2.266e+00   4.258e+00   8.624e-01  8  sdss  5702  82N  4 
 1028  53649.121525  2  21.303  0.508  0.391  0.089   1.087e+01   4.762e+00   3.922e+00   8.977e-01  10  sdss  5702  82N  4 
 1028  53649.122354  3  20.806  0.284  0.436  0.067   1.697e+01   4.341e+00   6.832e+00   1.050e+00  13  sdss  5702  82N  4 
 1028  53649.124013  4  20.063  0.603  0.534  0.154   3.373e+01   1.731e+01   1.681e+01   4.837e+00  12  sdss  5702  82N  4 
 1036  53649.123184  0  20.800  0.313  0.262  0.318   1.848e+01   5.006e+00   4.302e+00   5.241e+00  6  sdss  5702  82N  4 
    1  53654.164574  1  23.141  0.500  0.146  0.230   1.922e+00   8.748e-01   2.702e-01   4.248e-01  8  sdss  5709  82N  4 
   25  53654.161257  2  21.876  0.239  1.452  0.104   6.393e+00   1.397e+00   8.620e+00   6.165e-01  10  sdss  5709  82N  4 
 1049  53654.162087  3  21.063  0.141  1.735  0.047   1.338e+01   1.732e+00   2.145e+01   5.837e-01  13  sdss  5709  82N  4 
    0  53654.163745  4  20.991  0.353  0.188  0.172   1.396e+01   4.722e+00   2.583e+00   2.368e+00  12  sdss  5709  82N  4 
   33  53654.162916  0  22.882  1.087  0.294  1.212   2.617e+00   2.289e+00   7.416e-01   3.054e+00  6  sdss  5709  82N  4 
    1  53656.112133  1  26.414  1.773  0.892  1.077  -9.575e-01   1.803e+00   9.405e-01   1.135e+00  8  sdss  5719  82N  4 
    1  53656.108816  2  21.966  0.303  0.139  0.175   5.879e+00   1.614e+00   7.594e-01   9.556e-01  10  sdss  5719  82N  4 
    1  53656.109645  3  21.232  0.182  0.130  0.105   1.145e+01   1.906e+00   1.376e+00   1.114e+00  13  sdss  5719  82N  4 
    0  53656.111304  4  21.120  0.549  0.338  0.430   1.228e+01   6.370e+00   4.161e+00   5.293e+00  12  sdss  5719  82N  4 
 1185  53656.110475  0  22.858  2.016  0.211  2.220   2.680e+00   4.106e+00   5.429e-01   5.708e+00  6  sdss  5719  82N  4 
   34  53668.113699  1  22.908  0.347  0.407  0.756   2.406e+00   7.651e-01   9.256e-01   1.718e+00  8  sdss  5770  82N  4 
  128  53668.110382  2  21.899  0.193  0.201  0.227   6.258e+00   1.112e+00   1.167e+00   1.317e+00  10  sdss  5770  82N  4 
    0  53668.111211  3  21.597  0.238  0.171  0.216   8.152e+00   1.780e+00   1.301e+00   1.642e+00  13  sdss  5770  82N  4 
    0  53668.112869  4  20.554  0.365  0.220  0.306   2.126e+01   7.129e+00   4.437e+00   6.187e+00  12  sdss  5770  82N  4 
    2  53668.112040  0  27.217  0.518  0.351  1.771  -5.464e+00   2.399e+00   1.739e+00   8.772e+00  6  sdss  5770  82N  4 
    0  53670.118570  1  22.942  0.273  0.206  0.368   2.328e+00   5.905e-01   4.535e-01   8.120e-01  8  sdss  5781  82N  4 
    0  53670.115254  2  21.827  0.146  0.068  0.121   6.691e+00   9.033e-01   4.247e-01   7.511e-01  10  sdss  5781  82N  4 
    0  53670.116083  3  21.347  0.151  0.113  0.098   1.029e+01   1.433e+00   1.074e+00   9.360e-01  13  sdss  5781  82N  4 
    0  53670.117741  4  20.990  0.375  0.231  0.259   1.397e+01   5.005e+00   3.180e+00   3.567e+00  12  sdss  5781  82N  4 
   40  53670.116912  0  22.846  0.732  0.636  1.580   2.712e+00   1.717e+00   1.653e+00   4.104e+00  6  sdss  5781  82N  4 
    0  53673.085977  1  23.500  0.382  0.168  0.364   1.347e+00   5.057e-01   2.287e-01   4.965e-01  8  sdss  5792  82N  4 
    0  53673.082660  2  21.732  0.134  0.055  0.104   7.308e+00   9.032e-01   3.741e-01   7.037e-01  10  sdss  5792  82N  4 
    0  53673.083489  3  21.503  0.168  0.134  0.112   8.898e+00   1.378e+00   1.104e+00   9.256e-01  13  sdss  5792  82N  4 
    0  53673.085147  4  20.995  0.336  0.128  0.209   1.390e+01   4.494e+00   1.751e+00   2.866e+00  12  sdss  5792  82N  4 
   32  53673.084318  0  23.472  1.119  0.118  1.996   1.403e+00   1.660e+00   1.860e-01   3.153e+00  6  sdss  5792  82N  4 
    0  53675.082989  1  23.326  0.342  0.246  0.384   1.605e+00   5.263e-01   3.882e-01   6.056e-01  8  sdss  5800  82N  4 
    0  53675.079673  2  21.626  0.122  0.052  0.088   8.062e+00   9.042e-01   3.875e-01   6.571e-01  10  sdss  5800  82N  4 
    0  53675.080502  3  20.997  0.103  0.096  0.059   1.422e+01   1.343e+00   1.259e+00   7.800e-01  13  sdss  5800  82N  4 
    0  53675.082160  4  20.875  0.323  0.253  0.241   1.563e+01   4.794e+00   3.846e+00   3.667e+00  12  sdss  5800  82N  4 
   32  53675.081331  0  23.501  1.121  0.221  2.315   1.359e+00   1.642e+00   3.416e-01   3.583e+00  6  sdss  5800  82N  4 
    0  53677.103542  1  23.268  0.283  0.109  0.185   1.697e+00   4.609e-01   1.801e-01   3.059e-01  8  sdss  5813  82N  4 
    0  53677.100225  2  21.764  0.119  0.029  0.061   7.094e+00   7.818e-01   1.921e-01   3.983e-01  10  sdss  5813  82N  4 
    0  53677.101055  3  21.232  0.111  0.034  0.044   1.145e+01   1.172e+00   3.565e-01   4.647e-01  13  sdss  5813  82N  4 
    0  53677.102713  4  21.533  0.404  0.114  0.179   7.965e+00   3.483e+00   1.003e+00   1.581e+00  12  sdss  5813  82N  4 
  128  53677.101884  0  24.713  1.114  0.122  1.877  -4.551e-02   1.280e+00   1.183e-01   1.820e+00  6  sdss  5813  82N  4 
    0  53680.090189  1  23.859  0.481  0.143  0.275   9.195e-01   4.786e-01   1.467e-01   2.824e-01  8  sdss  5823  82N  4 
    0  53680.086872  2  21.884  0.125  0.032  0.054   6.346e+00   7.363e-01   1.871e-01   3.178e-01  10  sdss  5823  82N  4 
    0  53680.087701  3  21.475  0.129  0.032  0.041   9.133e+00   1.089e+00   2.737e-01   3.486e-01  13  sdss  5823  82N  4 
    0  53680.089359  4  21.566  0.392  0.041  0.171   7.678e+00   3.298e+00   3.499e-01   1.466e+00  12  sdss  5823  82N  4 
  128  53680.088530  0  24.670  1.145  0.094  1.650  -4.338e-03   1.326e+00   9.148e-02   1.599e+00  6  sdss  5823  82N  4 
   33  53686.145091  1  24.814  1.960  1.341  1.527   1.814e-01   1.899e+00   8.204e-01   9.342e-01  8  sdss  5864  82N  4 
    1  53686.141775  2  22.407  0.615  0.568  0.371   3.890e+00   2.059e+00   2.085e+00   1.361e+00  10  sdss  5864  82N  4 
    1  53686.142604  3  21.207  0.204  0.129  0.125   1.171e+01   2.188e+00   1.400e+00   1.358e+00  13  sdss  5864  82N  4 
    0  53686.144262  4  21.982  1.106  0.515  0.899   4.587e+00   7.285e+00   3.325e+00   5.799e+00  12  sdss  5864  82N  4 
   35  53686.143433  0  23.293  2.697  0.471  3.890   1.713e+00   6.468e+00   8.506e-01   7.020e+00  6  sdss  5864  82N  4 
    1  53693.090791  1  22.816  0.324  0.403  0.263   2.625e+00   7.782e-01   9.934e-01   6.494e-01  8  sdss  5878  82N  4 
    0  53693.087474  2  22.435  0.281  0.246  0.198   3.789e+00   9.835e-01   8.786e-01   7.069e-01  10  sdss  5878  82N  4 
    0  53693.088303  3  21.840  0.221  0.107  0.119   6.495e+00   1.331e+00   6.510e-01   7.269e-01  13  sdss  5878  82N  4 
    0  53693.089962  4  20.975  0.332  0.249  0.253   1.418e+01   4.521e+00   3.466e+00   3.529e+00  12  sdss  5878  82N  4 
   32  53693.089132  0  23.226  1.173  0.411  2.115   1.840e+00   1.966e+00   7.818e-01   4.021e+00  6  sdss  5878  82N  4 
   32  53698.087733  1  24.311  0.745  0.689  0.690   5.198e-01   5.642e-01   5.210e-01   5.215e-01  8  sdss  5898  82N  4 
    0  53698.084417  2  22.129  0.206  0.158  0.141   5.050e+00   9.624e-01   7.435e-01   6.639e-01  10  sdss  5898  82N  4 
    0  53698.085246  3  21.660  0.202  0.128  0.120   7.687e+00   1.434e+00   9.157e-01   8.608e-01  13  sdss  5898  82N  4 
    0  53698.086904  4  21.063  0.368  0.196  0.215   1.300e+01   4.625e+00   2.535e+00   2.780e+00  12  sdss  5898  82N  4 
    0  53698.086075  0  26.254  0.935  0.061  1.628  -2.149e+00   1.770e+00   1.314e-01   3.487e+00  6  sdss  5898  82N  4 
   32  53699.111141  1  24.660  0.896  0.758  1.099   2.779e-01   6.182e-01   4.859e-01   7.045e-01  8  sdss  5902  82N  4 
    0  53699.107824  2  21.955  0.173  0.099  0.125   5.940e+00   9.500e-01   5.483e-01   6.910e-01  10  sdss  5902  82N  4 
    0  53699.108653  3  21.655  0.201  0.085  0.120   7.723e+00   1.433e+00   6.114e-01   8.649e-01  13  sdss  5902  82N  4 
   32  53699.110312  4  22.465  0.924  0.620  0.648   1.828e+00   5.224e+00   3.198e+00   3.344e+00  12  sdss  5902  82N  4 
  128  53699.109483  0  22.681  0.673  0.148  1.212   3.186e+00   1.830e+00   4.429e-01   3.627e+00  6  sdss  5902  82N  4 
   34  53702.085735  1  23.708  0.911  0.662  1.945   1.084e+00   9.503e-01   7.618e-01   2.239e+00  8  sdss  5909  82N  4 
   34  53702.082419  2  22.817  0.606  0.707  0.872   2.630e+00   1.425e+00   1.802e+00   2.221e+00  10  sdss  5909  82N  4 
    2  53702.083248  3  21.520  0.267  0.327  0.318   8.759e+00   2.131e+00   2.665e+00   2.586e+00  13  sdss  5909  82N  4 
   34  53702.084906  4  22.300  1.167  1.260  1.732   2.704e+00   7.181e+00   6.902e+00   9.483e+00  12  sdss  5909  82N  4 
    2  53702.084077  0  21.857  0.516  0.417  2.083   6.951e+00   3.015e+00   2.608e+00   1.302e+01  6  sdss  5909  82N  4 
    2  53703.094604  1  26.872  0.532  0.646  0.843  -1.544e+00   7.679e-01   9.863e-01   1.288e+00  8  sdss  5915  82N  4 
    0  53703.091288  2  22.352  0.310  0.282  0.373   4.097e+00   1.166e+00   1.086e+00   1.437e+00  10  sdss  5915  82N  4 
    0  53703.092117  3  21.822  0.278  0.272  0.284   6.605e+00   1.685e+00   1.684e+00   1.759e+00  13  sdss  5915  82N  4 
    0  53703.093775  4  20.389  0.311  0.247  0.422   2.485e+01   7.105e+00   5.778e+00   9.888e+00  12  sdss  5915  82N  4 
   10  53703.092946  0  22.473  0.806  0.836  2.041   3.894e+00   2.519e+00   3.006e+00   7.335e+00  6  sdss  5915  82N  4 
   32  53704.073086  1  24.004  0.665  0.671  0.705   7.773e-01   5.915e-01   6.183e-01   6.501e-01  8  sdss  5918  82N  4 
    0  53704.069769  2  22.410  0.284  0.193  0.281   3.879e+00   1.016e+00   7.073e-01   1.029e+00  10  sdss  5918  82N  4 
    0  53704.070598  3  21.797  0.224  0.107  0.163   6.762e+00   1.397e+00   6.743e-01   1.030e+00  13  sdss  5918  82N  4 
    0  53704.072257  4  21.899  0.734  0.271  0.660   5.136e+00   4.901e+00   1.840e+00   4.487e+00  12  sdss  5918  82N  4 
  128  53704.071428  0  25.826  1.236  0.159  2.574  -1.351e+00   1.816e+00   2.453e-01   3.971e+00  6  sdss  5918  82N  4 
