# SDSS CID:   3322 IAU:          RA:  30.496630 DEC:   0.812193  (J2000)
# GALAXY_SB [ugriz] = [ 24.38 23.68 23.10 22.37 21.68 ] +/- [  0.29  0.06  0.04  0.03  0.05 ] (asinh mag/square arcsec)
# GALAXY_SB_FLUX [ugriz] = [  2.534E-01  1.115E+00  1.981E+00  3.937E+00  6.724E+00 ] +/- [  2.896E-01  7.495E-02  8.537E-02  1.170E-01  4.012E-01 ] (microJy per square arcsec)
#FLAG  MJD       FILT  MAG     MERR  MSKYERR MGALERR  FLUX       FLUXERR    SKYERR     GALERR    NPRE TELE   RUN  STRIP  IDCCD
   32  53616.398103  1  22.680  0.248  0.109  0.310   2.984e+00   6.762e-01   3.036e-01   8.595e-01  19  sdss  5566  82N  5 
   32  53616.394786  2  22.645  0.330  0.152  0.272   3.104e+00   9.522e-01   4.496e-01   8.058e-01  24  sdss  5566  82N  5 
   32  53616.395615  3  22.425  0.421  0.259  0.238   3.721e+00   1.462e+00   9.350e-01   8.601e-01  24  sdss  5566  82N  5 
   32  53616.397273  4  22.392  0.873  0.175  0.668   2.209e+00   4.955e+00   9.260e-01   3.529e+00  25  sdss  5566  82N  5 
    0  53616.396444  0  21.998  0.386  0.199  0.622   6.094e+00   2.022e+00   1.087e+00   3.389e+00  12  sdss  5566  82N  5 
 1196  53626.375350  1  23.045  0.556  0.927  0.314   2.110e+00   1.040e+00   1.861e+00   6.291e-01  19  sdss  5603  82N  5 
   34  53626.372033  2  24.158  1.263  1.424  1.488   5.451e-01   1.330e+00   1.343e+00   1.403e+00  24  sdss  5603  82N  5 
  168  53626.372862  3  24.131  0.991  1.159  0.750   2.752e-01   1.359e+00   1.403e+00   9.080e-01  24  sdss  5603  82N  5 
    0  53626.374521  4  23.567  0.699  0.262  0.544  -3.857e+00   4.254e+00   1.581e+00   3.284e+00  25  sdss  5603  82N  5 
    0  53626.373691  0  21.984  0.349  0.071  0.611   6.175e+00   1.868e+00   3.907e-01   3.373e+00  12  sdss  5603  82N  5 
   33  53628.360041  1  22.943  0.558  0.166  0.230   2.327e+00   1.139e+00   3.637e-01   5.043e-01  19  sdss  5610  82N  5 
   33  53628.356724  2  23.524  0.939  0.412  0.446   1.274e+00   1.227e+00   5.841e-01   6.319e-01  24  sdss  5610  82N  5 
   32  53628.357553  3  23.038  0.784  0.255  0.291   1.986e+00   1.587e+00   5.550e-01   6.336e-01  24  sdss  5610  82N  5 
   32  53628.359212  4  22.575  0.795  0.280  0.379   1.269e+00   4.308e+00   1.405e+00   1.901e+00  25  sdss  5610  82N  5 
    1  53628.358382  0  25.272  1.715  0.284  1.869  -6.189e-01   2.504e+00   3.154e-01   2.078e+00  12  sdss  5610  82N  5 
    1  53635.368775  1  23.178  0.611  0.118  0.140   1.855e+00   1.007e+00   2.100e-01   2.498e-01  19  sdss  5622  82N  5 
    1  53635.365458  2  22.328  0.266  0.110  0.056   4.192e+00   1.030e+00   4.341e-01   2.217e-01  24  sdss  5622  82N  5 
    1  53635.366287  3  22.374  0.361  0.061  0.069   3.910e+00   1.323e+00   2.313e-01   2.621e-01  24  sdss  5622  82N  5 
   32  53635.367946  4  22.794  0.654  0.231  0.233   1.898e-01   3.388e+00   1.128e+00   1.137e+00  25  sdss  5622  82N  5 
    1  53635.367116  0  23.946  1.578  0.471  0.801   7.495e-01   2.222e+00   5.523e-01   9.387e-01  12  sdss  5622  82N  5 
   33  53637.362219  1  22.375  0.307  0.182  0.186   3.972e+00   1.094e+00   6.638e-01   6.813e-01  19  sdss  5633  82N  5 
    0  53637.358902  2  22.552  0.344  0.079  0.149   3.392e+00   1.076e+00   2.553e-01   4.800e-01  24  sdss  5633  82N  5 
   32  53637.359731  3  23.223  0.889  0.249  0.340   1.610e+00   1.596e+00   4.711e-01   6.433e-01  24  sdss  5633  82N  5 
   32  53637.361389  4  22.237  1.026  0.247  0.404   3.054e+00   6.205e+00   1.388e+00   2.275e+00  25  sdss  5633  82N  5 
    1  53637.360560  0  22.963  1.307  0.547  1.003   2.414e+00   2.501e+00   1.277e+00   2.342e+00  12  sdss  5633  82N  5 
   32  53639.407641  1  23.204  0.338  0.078  0.173   1.809e+00   5.759e-01   1.369e-01   3.018e-01  19  sdss  5642  82N  5 
   32  53639.404324  2  23.183  0.429  0.146  0.166   1.830e+00   7.710e-01   2.714e-01   3.094e-01  24  sdss  5642  82N  5 
   32  53639.405153  3  22.441  0.338  0.065  0.103   3.663e+00   1.175e+00   2.315e-01   3.675e-01  24  sdss  5642  82N  5 
   32  53639.406812  4  22.445  0.599  0.049  0.231   1.931e+00   3.220e+00   2.548e-01   1.202e+00  25  sdss  5642  82N  5 
    8  53639.405983  0  22.868  0.628  0.216  0.435   2.652e+00   1.470e+00   5.455e-01   1.100e+00  12  sdss  5642  82N  5 
    0  53641.406892  1  22.652  0.205  0.072  0.140   3.064e+00   5.782e-01   2.044e-01   3.980e-01  19  sdss  5658  82N  5 
    0  53641.403575  2  22.509  0.231  0.107  0.099   3.534e+00   7.622e-01   3.565e-01   3.303e-01  24  sdss  5658  82N  5 
   32  53641.404404  3  22.954  0.531  0.165  0.182   2.176e+00   1.180e+00   3.839e-01   4.216e-01  24  sdss  5658  82N  5 
   32  53641.406063  4  22.697  0.636  0.289  0.283   6.643e-01   3.299e+00   1.422e+00   1.393e+00  25  sdss  5658  82N  5 
    8  53641.405234  0  22.123  0.328  0.175  0.324   5.420e+00   1.555e+00   8.532e-01   1.577e+00  12  sdss  5658  82N  5 
    8  53644.355134  1  22.665  0.184  0.111  0.137   3.027e+00   5.117e-01   3.135e-01   3.855e-01  19  sdss  5670  82N  5 
    8  53644.351816  2  22.431  0.226  0.167  0.149   3.805e+00   8.013e-01   5.982e-01   5.361e-01  24  sdss  5670  82N  5 
   40  53644.352646  3  22.419  0.338  0.255  0.134   3.743e+00   1.196e+00   9.257e-01   4.875e-01  24  sdss  5670  82N  5 
   32  53644.354304  4  21.833  0.469  0.096  0.249   5.594e+00   3.281e+00   6.841e-01   1.766e+00  25  sdss  5670  82N  5 
    0  53644.353475  0  22.443  0.433  0.070  0.460   4.008e+00   1.514e+00   2.569e-01   1.681e+00  12  sdss  5670  82N  5 
   33  53657.366134  1  22.712  0.720  0.390  0.330   2.896e+00   1.721e+00   1.053e+00   8.906e-01  19  sdss  5731  82N  5 
   33  53657.362817  2  23.077  0.959  0.437  0.442   2.037e+00   1.682e+00   8.895e-01   8.995e-01  24  sdss  5731  82N  5 
   32  53657.363646  3  22.112  0.467  0.238  0.233   5.023e+00   2.108e+00   1.135e+00   1.111e+00  24  sdss  5731  82N  5 
    0  53657.365304  4  20.684  0.347  0.147  0.215   1.879e+01   6.062e+00   2.642e+00   3.876e+00  25  sdss  5731  82N  5 
    3  53657.364475  0  22.072  0.904  0.358  0.821   5.686e+00   3.835e+00   1.827e+00   4.188e+00  12  sdss  5731  82N  5 
    1  53663.350683  1  22.815  0.496  0.090  0.120   2.629e+00   1.149e+00   2.223e-01   2.964e-01  19  sdss  5744  82N  5 
    1  53663.347366  2  22.587  0.360  0.074  0.078   3.281e+00   1.089e+00   2.296e-01   2.441e-01  24  sdss  5744  82N  5 
   33  53663.348196  3  23.034  0.686  0.135  0.152   1.995e+00   1.411e+00   2.943e-01   3.304e-01  24  sdss  5744  82N  5 
   32  53663.349854  4  21.904  0.578  0.093  0.178   5.102e+00   3.858e+00   6.276e-01   1.207e+00  25  sdss  5744  82N  5 
    1  53663.349025  0  25.414  1.742  0.213  0.881  -7.836e-01   2.604e+00   2.538e-01   1.048e+00  12  sdss  5744  82N  5 
    1  53666.420804  1  22.649  0.326  0.110  0.116   3.073e+00   9.054e-01   3.147e-01   3.298e-01  19  sdss  5765  82N  5 
    1  53666.417487  2  22.359  0.277  0.068  0.083   4.072e+00   1.038e+00   2.590e-01   3.187e-01  24  sdss  5765  82N  5 
    0  53666.418316  3  21.816  0.226  0.040  0.067   6.643e+00   1.386e+00   2.460e-01   4.153e-01  24  sdss  5765  82N  5 
   32  53666.419974  4  21.982  0.576  0.146  0.181   4.586e+00   3.690e+00   9.449e-01   1.170e+00  25  sdss  5765  82N  5 
    1  53666.419145  0  21.967  0.473  0.128  0.234   6.274e+00   2.504e+00   7.168e-01   1.310e+00  12  sdss  5765  82N  5 
   32  53668.340561  1  22.528  0.242  0.025  0.182   3.442e+00   7.584e-01   8.055e-02   5.794e-01  19  sdss  5770  82N  5 
   32  53668.337244  2  22.283  0.260  0.048  0.169   4.373e+00   1.048e+00   1.988e-01   6.919e-01  24  sdss  5770  82N  5 
   32  53668.338073  3  23.289  0.882  0.279  0.494   1.487e+00   1.531e+00   5.043e-01   8.929e-01  24  sdss  5770  82N  5 
    0  53668.339732  4  23.246  0.806  0.120  0.594  -2.063e+00   4.496e+00   6.286e-01   3.110e+00  25  sdss  5770  82N  5 
    0  53668.338903  0  22.828  1.022  0.196  1.369   2.760e+00   2.252e+00   5.117e-01   3.582e+00  12  sdss  5770  82N  5 
    1  53669.428201  1  22.309  0.234  0.156  0.149   4.225e+00   8.955e-01   6.052e-01   5.788e-01  19  sdss  5777  82N  5 
   32  53669.424883  2  22.562  0.365  0.093  0.186   3.360e+00   1.127e+00   2.967e-01   5.948e-01  24  sdss  5777  82N  5 
   32  53669.425713  3  22.121  0.343  0.165  0.154   4.981e+00   1.572e+00   7.771e-01   7.270e-01  24  sdss  5777  82N  5 
   32  53669.427371  4  22.151  0.791  0.169  0.401   3.547e+00   4.754e+00   9.918e-01   2.352e+00  25  sdss  5777  82N  5 
    9  53669.426542  0  22.307  0.880  0.555  0.780   4.556e+00   3.068e+00   2.288e+00   3.219e+00  12  sdss  5777  82N  5 
    0  53670.345180  1  22.690  0.223  0.126  0.194   2.957e+00   6.059e-01   3.477e-01   5.322e-01  19  sdss  5781  82N  5 
   32  53670.341863  2  22.467  0.263  0.153  0.196   3.677e+00   8.994e-01   5.324e-01   6.816e-01  24  sdss  5781  82N  5 
   32  53670.342692  3  22.593  0.455  0.221  0.212   3.154e+00   1.364e+00   6.903e-01   6.622e-01  24  sdss  5781  82N  5 
   32  53670.344351  4  22.293  0.690  0.300  0.401   2.742e+00   3.913e+00   1.645e+00   2.203e+00  25  sdss  5781  82N  5 
    0  53670.343522  0  23.937  1.336  0.457  2.171   7.606e-01   1.757e+00   5.384e-01   2.557e+00  12  sdss  5781  82N  5 
    0  53673.313250  1  22.570  0.161  0.041  0.085   3.309e+00   4.896e-01   1.269e-01   2.595e-01  19  sdss  5792  82N  5 
    0  53673.309933  2  22.269  0.180  0.073  0.065   4.431e+00   7.403e-01   3.050e-01   2.703e-01  24  sdss  5792  82N  5 
   32  53673.310762  3  23.406  0.692  0.145  0.206   1.284e+00   1.133e+00   2.423e-01   3.447e-01  24  sdss  5792  82N  5 
    0  53673.312421  4  21.549  0.362  0.123  0.120   7.824e+00   3.094e+00   1.068e+00   1.042e+00  25  sdss  5792  82N  5 
    0  53673.311592  0  22.931  0.632  0.031  0.382   2.493e+00   1.406e+00   7.337e-02   9.169e-01  12  sdss  5792  82N  5 
   32  53675.309991  1  22.914  0.234  0.032  0.168   2.393e+00   5.197e-01   7.203e-02   3.783e-01  19  sdss  5800  82N  5 
    0  53675.306674  2  22.423  0.230  0.109  0.107   3.834e+00   8.188e-01   3.943e-01   3.864e-01  24  sdss  5800  82N  5 
   32  53675.307503  3  22.824  0.562  0.203  0.203   2.495e+00   1.371e+00   5.236e-01   5.237e-01  24  sdss  5800  82N  5 
   32  53675.309161  4  21.674  0.482  0.164  0.204   6.785e+00   3.732e+00   1.298e+00   1.619e+00  25  sdss  5800  82N  5 
    0  53675.308332  0  22.459  0.440  0.028  0.468   3.946e+00   1.515e+00   1.016e-01   1.688e+00  12  sdss  5800  82N  5 
    0  53677.331119  1  22.802  0.204  0.054  0.117   2.660e+00   5.022e-01   1.344e-01   2.909e-01  19  sdss  5813  82N  5 
    0  53677.327801  2  22.209  0.171  0.055  0.068   4.688e+00   7.461e-01   2.421e-01   2.990e-01  24  sdss  5813  82N  5 
   32  53677.328631  3  22.727  0.421  0.079  0.133   2.757e+00   1.137e+00   2.195e-01   3.726e-01  24  sdss  5813  82N  5 
   32  53677.330289  4  22.722  0.604  0.234  0.250   5.417e-01   3.113e+00   1.145e+00   1.223e+00  25  sdss  5813  82N  5 
    8  53677.329460  0  23.003  0.677  0.362  0.588   2.317e+00   1.411e+00   8.167e-01   1.328e+00  12  sdss  5813  82N  5 
   32  53680.317548  1  22.818  0.219  0.051  0.156   2.622e+00   5.321e-01   1.258e-01   3.817e-01  19  sdss  5823  82N  5 
    0  53680.314231  2  22.325  0.206  0.076  0.093   4.204e+00   8.033e-01   3.000e-01   3.657e-01  24  sdss  5823  82N  5 
   32  53680.315060  3  22.700  0.429  0.087  0.140   2.833e+00   1.182e+00   2.485e-01   4.012e-01  24  sdss  5823  82N  5 
   32  53680.316719  4  21.791  0.469  0.153  0.191   5.895e+00   3.364e+00   1.116e+00   1.395e+00  25  sdss  5823  82N  5 
    0  53680.315889  0  22.135  0.317  0.040  0.280   5.360e+00   1.488e+00   1.951e-01   1.350e+00  12  sdss  5823  82N  5 
    8  53683.376141  1  22.609  0.202  0.175  0.160   3.191e+00   5.911e-01   5.192e-01   4.743e-01  19  sdss  5842  82N  5 
   32  53683.372824  2  22.655  0.377  0.199  0.216   3.075e+00   1.070e+00   5.841e-01   6.348e-01  24  sdss  5842  82N  5 
   32  53683.373654  3  23.079  0.843  0.493  0.264   1.899e+00   1.652e+00   1.039e+00   5.553e-01  24  sdss  5842  82N  5 
    1  53683.375312  4  21.011  0.404  0.111  0.116   1.367e+01   5.268e+00   1.498e+00   1.565e+00  25  sdss  5842  82N  5 
    8  53683.374483  0  23.018  0.871  0.532  0.779   2.285e+00   1.729e+00   1.187e+00   1.739e+00  12  sdss  5842  82N  5 
    1  53686.316840  1  22.189  0.476  0.202  0.207   4.723e+00   1.944e+00   8.744e-01   8.958e-01  19  sdss  5866  82N  5 
    1  53686.313523  2  22.082  0.359  0.147  0.161   5.279e+00   1.707e+00   7.218e-01   7.915e-01  24  sdss  5866  82N  5 
    1  53686.314352  3  25.482  1.150  0.609  0.535  -1.575e+00   2.045e+00   1.138e+00   9.992e-01  24  sdss  5866  82N  5 
    0  53686.316011  4  23.930  0.729  0.330  0.433  -6.313e+00   5.326e+00   2.502e+00   3.290e+00  25  sdss  5866  82N  5 
    1  53686.315182  0  22.407  1.538  0.398  0.811   4.144e+00   4.069e+00   1.502e+00   3.062e+00  12  sdss  5866  82N  5 
   35  53687.371011  2  22.432  2.170  1.110  0.605   3.801e+00   4.821e+00   3.979e+00   2.169e+00  24  sdss  5872  82N  5 
   35  53687.371840  3  23.769  2.138  3.154  1.656   7.373e-01   4.571e+00   4.303e+00   2.259e+00  24  sdss  5872  82N  5 
    9  53687.373498  4  19.941  0.704  1.185  0.324   3.778e+01   2.188e+01   4.165e+01   1.138e+01  25  sdss  5872  82N  5 
    1  53693.318876  1  22.589  0.546  0.162  0.204   3.252e+00   1.528e+00   4.887e-01   6.134e-01  19  sdss  5878  82N  5 
   33  53693.315559  2  24.611  1.416  0.437  1.008   1.536e-01   1.486e+00   3.547e-01   8.181e-01  24  sdss  5878  82N  5 
   32  53693.316388  3  22.826  0.833  0.334  0.358   2.490e+00   1.934e+00   8.596e-01   9.221e-01  24  sdss  5878  82N  5 
    0  53693.318046  4  22.977  0.863  0.578  0.511  -7.045e-01   4.689e+00   2.844e+00   2.512e+00  25  sdss  5878  82N  5 
    1  53693.317217  0  23.847  2.228  1.712  2.306   8.703e-01   4.105e+00   2.115e+00   2.849e+00  12  sdss  5878  82N  5 
   32  53698.316013  1  23.256  0.402  0.049  0.271   1.719e+00   6.481e-01   8.215e-02   4.521e-01  19  sdss  5898  82N  5 
    4  53698.312696  2  22.501  0.350  0.214  0.116   3.561e+00   1.145e+00   7.221e-01   3.899e-01  24  sdss  5898  82N  5 
   40  53698.313525  3  22.576  0.460  0.476  0.153   3.207e+00   1.397e+00   1.510e+00   4.864e-01  24  sdss  5898  82N  5 
   32  53698.315184  4  22.499  0.753  0.314  0.296   1.653e+00   4.098e+00   1.605e+00   1.515e+00  25  sdss  5898  82N  5 
    8  53698.314354  0  23.464  1.211  0.589  1.096   1.417e+00   1.800e+00   9.298e-01   1.731e+00  12  sdss  5898  82N  5 
   32  53704.301532  1  23.338  0.373  0.193  0.326   1.585e+00   5.635e-01   3.008e-01   5.065e-01  19  sdss  5918  82N  5 
   32  53704.298215  2  22.877  0.375  0.284  0.273   2.482e+00   8.774e-01   6.860e-01   6.590e-01  24  sdss  5918  82N  5 
   32  53704.299044  3  22.443  0.399  0.183  0.193   3.656e+00   1.368e+00   6.493e-01   6.858e-01  24  sdss  5918  82N  5 
   32  53704.300703  4  21.749  0.564  0.334  0.260   6.206e+00   4.127e+00   2.510e+00   1.953e+00  25  sdss  5918  82N  5 
    8  53704.299873  0  22.561  0.539  0.437  0.663   3.579e+00   1.662e+00   1.439e+00   2.186e+00  12  sdss  5918  82N  5 
