# SDSS CID:  18734 IAU: 2007lx   RA:   2.913532 DEC:  -0.473447  (J2000)
# GALAXY_SB [ugriz] = [ 22.19 21.59 21.30 20.95 20.86 ] +/- [  0.10  0.02  0.01  0.01  0.03 ] (asinh mag/square arcsec)
# GALAXY_SB_FLUX [ugriz] = [  4.956E+00  8.232E+00  1.087E+01  1.484E+01  1.574E+01 ] +/- [  4.543E-01  1.333E-01  1.177E-01  1.276E-01  5.044E-01 ] (microJy per square arcsec)
#FLAG  MJD       FILT  MAG     MERR  MSKYERR MGALERR  FLUX       FLUXERR    SKYERR     GALERR    NPRE TELE   RUN  STRIP  IDCCD
   33  54346.302757  1  22.135  0.272  0.141  0.256   4.965e+00   1.224e+00   6.446e-01   1.174e+00  16  sdss  6920  82N  2 
   32  54346.299440  2  23.082  0.699  0.406  0.405   2.025e+00   1.287e+00   8.194e-01   8.163e-01  19  sdss  6920  82N  2 
   32  54346.300269  3  22.139  0.367  0.323  0.207   4.896e+00   1.650e+00   1.501e+00   9.612e-01  19  sdss  6920  82N  2 
  160  54346.301928  4  21.493  0.621  0.161  0.449   8.321e+00   5.274e+00   1.439e+00   4.009e+00  20  sdss  6920  82N  2 
    5  54346.301098  0  27.118  0.863  0.391  1.205  -4.981e+00   3.336e+00   1.786e+00   5.500e+00  16  sdss  6920  82N  2 
   32  54348.333267  1  22.679  0.271  0.081  0.271   2.989e+00   7.451e-01   2.270e-01   7.592e-01  16  sdss  6934  82N  2 
   32  54348.329950  2  22.470  0.295  0.115  0.189   3.666e+00   9.952e-01   3.958e-01   6.504e-01  19  sdss  6934  82N  2 
   32  54348.330779  3  22.494  0.413  0.251  0.202   3.475e+00   1.353e+00   8.550e-01   6.881e-01  19  sdss  6934  82N  2 
    0  54348.332438  4  23.834  0.624  0.468  0.379  -5.608e+00   4.291e+00   3.287e+00   2.662e+00  20  sdss  6934  82N  2 
    4  54348.331609  0  25.028  1.532  1.583  3.146  -3.582e-01   2.051e+00   1.616e+00   3.211e+00  16  sdss  6934  82N  2 
 1196  54358.289312  1  22.374  0.338  0.424  0.361   3.975e+00   1.208e+00   1.562e+00   1.332e+00  16  sdss  6958  82N  2 
   32  54358.285995  2  23.081  0.626  0.239  0.549   2.027e+00   1.172e+00   4.818e-01   1.108e+00  19  sdss  6958  82N  2 
   32  54358.286824  3  22.008  0.316  0.199  0.208   5.545e+00   1.607e+00   1.040e+00   1.085e+00  19  sdss  6958  82N  2 
 1156  54358.288482  4  24.268  1.174  0.934  0.416  -9.224e+00   9.942e+00   8.988e+00   4.000e+00  20  sdss  6958  82N  2 
 1190  54358.287653  0  22.261  0.784  0.817  1.556   4.762e+00   2.982e+00   3.574e+00   6.807e+00  16  sdss  6958  82N  2 
   36  54359.283267  1  22.377  0.376  0.335  0.351   3.964e+00   1.333e+00   1.231e+00   1.291e+00  16  sdss  6963  82N  2 
   36  54359.279950  2  22.180  0.432  0.295  0.211   4.817e+00   1.843e+00   1.317e+00   9.433e-01  19  sdss  6963  82N  2 
   36  54359.280780  3  21.899  0.466  0.321  0.175   6.145e+00   2.544e+00   1.853e+00   1.011e+00  19  sdss  6963  82N  2 
   36  54359.282438  4  22.156  1.495  1.356  0.588   3.520e+00   1.028e+01   7.886e+00   3.421e+00  20  sdss  6963  82N  2 
   36  54359.281609  0  21.645  0.563  0.111  0.643   8.461e+00   3.961e+00   8.491e-01   4.918e+00  16  sdss  6963  82N  2 
   33  54365.322522  1  23.373  0.512  0.161  0.331   1.531e+00   7.380e-01   2.446e-01   5.030e-01  16  sdss  6982  82N  2 
   32  54365.319205  2  23.081  0.462  0.142  0.174   2.027e+00   8.930e-01   2.866e-01   3.515e-01  19  sdss  6982  82N  2 
   32  54365.320035  3  22.224  0.291  0.096  0.089   4.515e+00   1.230e+00   4.150e-01   3.825e-01  19  sdss  6982  82N  2 
    8  54365.321693  4  22.879  0.686  0.617  0.310  -2.251e-01   3.575e+00   3.012e+00   1.512e+00  20  sdss  6982  82N  2 
   32  54365.320864  0  22.970  0.903  0.287  0.859   2.398e+00   1.867e+00   6.751e-01   2.025e+00  16  sdss  6982  82N  2 
    0  54381.341712  1  20.222  0.033  0.006  0.040   2.904e+01   8.892e-01   1.694e-01   1.073e+00  16  sdss  7034  82N  2 
    0  54381.338395  2  20.316  0.044  0.012  0.026   2.701e+01   1.090e+00   3.040e-01   6.342e-01  19  sdss  7034  82N  2 
    0  54381.339224  3  20.156  0.048  0.031  0.017   3.093e+01   1.353e+00   8.789e-01   4.919e-01  19  sdss  7034  82N  2 
   32  54381.340882  4  20.370  0.212  0.183  0.125   2.531e+01   4.881e+00   4.258e+00   2.914e+00  20  sdss  7034  82N  2 
    0  54381.340053  0  20.478  0.097  0.030  0.149   2.488e+01   2.150e+00   6.627e-01   3.320e+00  16  sdss  7034  82N  2 
    0  54386.334077  1  20.273  0.032  0.015  0.037   2.770e+01   8.078e-01   3.793e-01   9.444e-01  16  sdss  7054  82N  2 
    0  54386.330760  2  20.304  0.049  0.032  0.022   2.730e+01   1.211e+00   7.955e-01   5.592e-01  19  sdss  7054  82N  2 
    0  54386.331590  3  20.145  0.049  0.026  0.019   3.124e+01   1.406e+00   7.335e-01   5.399e-01  19  sdss  7054  82N  2 
   32  54386.333248  4  20.421  0.196  0.103  0.110   2.412e+01   4.309e+00   2.293e+00   2.457e+00  20  sdss  7054  82N  2 
    4  54386.332419  0  20.690  0.118  0.030  0.180   2.046e+01   2.154e+00   5.564e-01   3.307e+00  16  sdss  7054  82N  2 
    0  54388.338101  1  20.384  0.034  0.013  0.029   2.500e+01   7.844e-01   3.045e-01   6.622e-01  16  sdss  7060  82N  2 
    0  54388.334784  2  20.354  0.041  0.011  0.017   2.607e+01   9.782e-01   2.548e-01   4.010e-01  19  sdss  7060  82N  2 
    0  54388.335613  3  20.031  0.041  0.018  0.013   3.470e+01   1.304e+00   5.832e-01   4.145e-01  19  sdss  7060  82N  2 
   32  54388.337271  4  20.231  0.156  0.065  0.077   2.884e+01   4.086e+00   1.703e+00   2.031e+00  20  sdss  7060  82N  2 
    4  54388.336442  0  20.801  0.129  0.056  0.163   1.847e+01   2.133e+00   9.310e-01   2.709e+00  16  sdss  7060  82N  2 
    0  54393.323773  1  20.490  0.035  0.004  0.027   2.268e+01   7.252e-01   8.616e-02   5.651e-01  16  sdss  7080  82N  2 
    0  54393.320456  2  20.290  0.037  0.007  0.013   2.766e+01   9.355e-01   1.885e-01   3.307e-01  19  sdss  7080  82N  2 
    0  54393.321285  3  20.050  0.038  0.009  0.008   3.410e+01   1.200e+00   2.958e-01   2.640e-01  19  sdss  7080  82N  2 
   32  54393.322944  4  20.316  0.150  0.022  0.061   2.663e+01   3.635e+00   5.274e-01   1.481e+00  20  sdss  7080  82N  2 
    0  54393.322115  0  21.793  0.274  0.127  0.288   7.374e+00   1.792e+00   8.460e-01   1.922e+00  16  sdss  7080  82N  2 
   33  54403.251053  1  20.754  0.076  0.032  0.048   1.778e+01   1.236e+00   5.200e-01   7.744e-01  16  sdss  7106  82N  2 
   13  54403.247736  2  20.248  0.070  0.102  0.022   2.875e+01   1.834e+00   2.689e+00   5.701e-01  19  sdss  7106  82N  2 
   25  54403.248565  3  19.925  0.057  0.238  0.016   3.826e+01   2.016e+00   8.360e+00   5.668e-01  19  sdss  7106  82N  2 
   32  54403.250224  4  20.312  0.216  0.088  0.104   2.673e+01   5.244e+00   2.162e+00   2.558e+00  20  sdss  7106  82N  2 
  165  54403.249395  0  23.063  1.959  0.859  1.595   2.181e+00   3.701e+00   1.874e+00   3.480e+00  16  sdss  7106  82N  2 
    1  54404.308764  1  20.709  0.063  0.015  0.040   1.854e+01   1.072e+00   2.543e-01   6.792e-01  16  sdss  7112  82N  2 
    1  54404.305447  2  20.342  0.047  0.012  0.017   2.636e+01   1.134e+00   2.818e-01   4.151e-01  19  sdss  7112  82N  2 
    0  54404.306276  3  20.024  0.042  0.013  0.013   3.492e+01   1.358e+00   4.307e-01   4.045e-01  19  sdss  7112  82N  2 
   32  54404.307935  4  20.272  0.164  0.061  0.073   2.776e+01   4.149e+00   1.554e+00   1.864e+00  20  sdss  7112  82N  2 
    1  54404.307105  0  21.967  0.549  0.242  0.458   6.270e+00   2.898e+00   1.378e+00   2.609e+00  16  sdss  7112  82N  2 
    1  54405.306712  1  20.866  0.060  0.007  0.036   1.604e+01   8.744e-01   1.019e-01   5.229e-01  16  sdss  7117  82N  2 
    0  54405.303395  2  20.345  0.046  0.014  0.018   2.629e+01   1.110e+00   3.436e-01   4.309e-01  19  sdss  7117  82N  2 
    0  54405.304225  3  20.020  0.042  0.014  0.012   3.505e+01   1.361e+00   4.518e-01   3.992e-01  19  sdss  7117  82N  2 
    0  54405.305883  4  20.215  0.158  0.072  0.064   2.928e+01   4.205e+00   1.938e+00   1.725e+00  20  sdss  7117  82N  2 
    1  54405.305054  0  21.882  0.438  0.040  0.450   6.787e+00   2.567e+00   2.486e-01   2.773e+00  16  sdss  7117  82N  2 
    0  54406.245029  1  20.843  0.045  0.007  0.038   1.638e+01   6.737e-01   1.092e-01   5.702e-01  16  sdss  7121  82N  2 
    0  54406.241712  2  20.356  0.039  0.004  0.014   2.603e+01   9.367e-01   1.035e-01   3.356e-01  19  sdss  7121  82N  2 
    0  54406.242542  3  20.042  0.039  0.014  0.012   3.435e+01   1.227e+00   4.289e-01   3.702e-01  19  sdss  7121  82N  2 
   32  54406.244200  4  20.346  0.154  0.025  0.072   2.589e+01   3.644e+00   6.004e-01   1.708e+00  20  sdss  7121  82N  2 
   32  54406.243371  0  22.460  0.492  0.188  0.602   3.941e+00   1.701e+00   6.883e-01   2.205e+00  16  sdss  7121  82N  2 
   32  54412.247257  1  20.836  0.062  0.028  0.058   1.649e+01   9.377e-01   4.159e-01   8.708e-01  16  sdss  7140  82N  2 
    8  54412.243940  2  20.344  0.059  0.057  0.034   2.631e+01   1.418e+00   1.375e+00   8.199e-01  19  sdss  7140  82N  2 
    0  54412.244769  3  19.978  0.051  0.028  0.022   3.644e+01   1.701e+00   9.371e-01   7.288e-01  19  sdss  7140  82N  2 
   36  54412.246428  4  20.059  0.204  0.098  0.098   3.388e+01   6.237e+00   3.025e+00   3.025e+00  20  sdss  7140  82N  2 
   36  54412.245599  0  21.860  0.478  0.089  0.739   6.928e+00   2.831e+00   5.617e-01   4.645e+00  16  sdss  7140  82N  2 
    0  54416.243110  1  21.012  0.051  0.021  0.044   1.402e+01   6.563e-01   2.740e-01   5.634e-01  16  sdss  7155  82N  2 
    0  54416.239793  2  20.375  0.039  0.005  0.016   2.557e+01   9.059e-01   1.102e-01   3.850e-01  19  sdss  7155  82N  2 
    0  54416.240623  3  20.075  0.040  0.015  0.012   3.332e+01   1.230e+00   4.650e-01   3.588e-01  19  sdss  7155  82N  2 
   32  54416.242281  4  20.394  0.167  0.056  0.074   2.475e+01   3.786e+00   1.286e+00   1.684e+00  20  sdss  7155  82N  2 
   32  54416.241452  0  22.783  0.680  0.370  0.827   2.887e+00   1.712e+00   1.023e+00   2.285e+00  16  sdss  7155  82N  2 
   32  54421.248502  1  20.906  0.071  0.064  0.101   1.546e+01   1.006e+00   9.010e-01   1.428e+00  16  sdss  7170  82N  2 
    0  54421.245185  2  20.458  0.055  0.022  0.029   2.369e+01   1.197e+00   4.728e-01   6.278e-01  19  sdss  7170  82N  2 
    0  54421.246014  3  20.129  0.052  0.032  0.021   3.170e+01   1.514e+00   9.221e-01   6.185e-01  19  sdss  7170  82N  2 
   32  54421.247672  4  20.380  0.236  0.086  0.148   2.507e+01   5.360e+00   1.986e+00   3.422e+00  20  sdss  7170  82N  2 
   44  54421.246843  0  22.037  0.503  0.525  0.817   5.872e+00   2.523e+00   2.809e+00   4.372e+00  16  sdss  7170  82N  2 
   33  54423.224897  1  21.005  0.099  0.033  0.061   1.411e+01   1.273e+00   4.315e-01   7.923e-01  16  sdss  7177  82N  2 
    1  54423.221580  2  20.423  0.060  0.014  0.025   2.446e+01   1.332e+00   3.099e-01   5.598e-01  19  sdss  7177  82N  2 
    0  54423.222409  3  20.115  0.054  0.022  0.022   3.211e+01   1.602e+00   6.518e-01   6.459e-01  19  sdss  7177  82N  2 
   32  54423.224067  4  20.313  0.174  0.078  0.095   2.671e+01   4.225e+00   1.911e+00   2.332e+00  20  sdss  7177  82N  2 
   33  54423.223238  0  22.589  1.574  0.270  1.425   3.483e+00   3.701e+00   8.810e-01   4.656e+00  16  sdss  7177  82N  2 
   33  54431.251655  1  20.864  0.222  0.119  0.095   1.607e+01   3.227e+00   1.744e+00   1.406e+00  16  sdss  7195  82N  2 
   57  54431.248338  2  20.462  0.132  0.484  0.041   2.360e+01   2.830e+00   1.045e+01   8.785e-01  19  sdss  7195  82N  2 
   41  54431.249167  3  20.111  0.105  0.280  0.031   3.223e+01   3.108e+00   8.303e+00   9.246e-01  19  sdss  7195  82N  2 
   33  54431.250826  4  20.072  0.291  0.248  0.119   3.347e+01   8.678e+00   7.574e+00   3.630e+00  20  sdss  7195  82N  2 
   37  54431.249996  0  22.261  2.802  0.330  1.199   4.762e+00   8.289e+00   1.442e+00   5.246e+00  16  sdss  7195  82N  2 
   33  54433.246891  1  20.930  0.121  0.044  0.102   1.512e+01   1.669e+00   6.038e-01   1.408e+00  16  sdss  7202  82N  2 
   33  54433.243574  2  20.272  0.066  0.034  0.042   2.811e+01   1.698e+00   8.747e-01   1.072e+00  19  sdss  7202  82N  2 
   32  54433.244403  3  20.008  0.059  0.033  0.031   3.544e+01   1.924e+00   1.069e+00   1.002e+00  19  sdss  7202  82N  2 
   32  54433.246062  4  20.115  0.215  0.126  0.132   3.215e+01   6.234e+00   3.707e+00   3.865e+00  20  sdss  7202  82N  2 
   47  54433.245232  0  22.168  1.466  1.579  1.324   5.198e+00   4.808e+00   7.514e+00   6.298e+00  16  sdss  7202  82N  2 
