# SDSS CID:  13073 IAU:          RA: 336.025116 DEC:   0.142114  (J2000)
# GALAXY_SB [ugriz] = [ 24.50 24.90 24.73 24.10 22.88 ] +/- [  0.38  0.12  0.13  0.11  0.11 ] (asinh mag/square arcsec)
# GALAXY_SB_FLUX [ugriz] = [  1.333E-01  1.246E-01  5.878E-02  3.188E-01 -2.391E-01 ] +/- [  3.693E-01  7.337E-02  1.036E-01  1.338E-01  5.593E-01 ] (microJy per square arcsec)
#FLAG  MJD       FILT  MAG     MERR  MSKYERR MGALERR  FLUX       FLUXERR    SKYERR     GALERR    NPRE TELE   RUN  STRIP  IDCCD
    0  53975.238196  1  22.405  0.138  0.037  0.096   3.863e+00   4.924e-01   1.333e-01   3.433e-01  11  sdss  6287  82S  4 
    0  53975.234879  2  22.109  0.157  0.056  0.080   5.144e+00   7.472e-01   2.688e-01   3.820e-01  10  sdss  6287  82S  4 
    0  53975.235709  3  21.935  0.219  0.071  0.086   5.943e+00   1.203e+00   3.925e-01   4.767e-01  11  sdss  6287  82S  4 
    0  53975.237367  4  21.814  0.600  0.231  0.263   5.732e+00   4.190e+00   1.650e+00   1.876e+00  11  sdss  6287  82S  4 
    0  53975.236538  0  25.931  0.978  0.076  1.029  -1.523e+00   1.515e+00   1.277e-01   1.722e+00  4  sdss  6287  82S  4 
    0  53993.305895  1  22.592  0.179  0.068  0.086   3.243e+00   5.370e-01   2.055e-01   2.617e-01  11  sdss  6348  82S  4 
    0  53993.302578  2  21.956  0.144  0.075  0.075   5.933e+00   7.875e-01   4.149e-01   4.105e-01  10  sdss  6348  82S  4 
    0  53993.303407  3  22.110  0.242  0.055  0.090   5.036e+00   1.132e+00   2.612e-01   4.281e-01  11  sdss  6348  82S  4 
    0  53993.305066  4  21.292  0.368  0.186  0.157   1.030e+01   3.793e+00   1.961e+00   1.656e+00  11  sdss  6348  82S  4 
    0  53993.304236  0  24.685  1.345  0.171  1.598  -1.925e-02   1.662e+00   1.656e-01   1.549e+00  4  sdss  6348  82S  4 
    0  53996.244696  1  23.191  0.292  0.117  0.247   1.832e+00   5.099e-01   2.078e-01   4.383e-01  11  sdss  6367  82S  4 
    0  53996.241379  2  21.909  0.129  0.039  0.068   6.198e+00   7.347e-01   2.221e-01   3.899e-01  10  sdss  6367  82S  4 
    0  53996.242208  3  22.014  0.221  0.064  0.110   5.516e+00   1.128e+00   3.317e-01   5.702e-01  11  sdss  6367  82S  4 
    0  53996.243866  4  21.579  0.447  0.223  0.279   7.571e+00   3.677e+00   1.883e+00   2.354e+00  11  sdss  6367  82S  4 
  128  53996.243037  0  25.910  0.935  0.059  1.079  -1.488e+00   1.436e+00   9.745e-02   1.779e+00  4  sdss  6367  82S  4 
    0  53998.213537  1  23.070  0.247  0.124  0.167   2.059e+00   4.804e-01   2.453e-01   3.303e-01  11  sdss  6377  82S  4 
    0  53998.210220  2  22.061  0.149  0.052  0.082   5.380e+00   7.395e-01   2.603e-01   4.081e-01  10  sdss  6377  82S  4 
    0  53998.211049  3  22.104  0.235  0.080  0.094   5.065e+00   1.106e+00   3.800e-01   4.508e-01  11  sdss  6377  82S  4 
    0  53998.212707  4  21.189  0.317  0.127  0.152   1.145e+01   3.570e+00   1.460e+00   1.743e+00  11  sdss  6377  82S  4 
    0  53998.211878  0  25.455  1.171  0.115  1.343  -8.346e-01   1.512e+00   1.408e-01   1.644e+00  4  sdss  6377  82S  4 
    0  54005.243223  1  23.328  0.301  0.079  0.182   1.600e+00   4.669e-01   1.246e-01   2.870e-01  11  sdss  6402  82S  4 
    0  54005.239906  2  22.872  0.303  0.124  0.153   2.491e+00   7.172e-01   3.003e-01   3.712e-01  10  sdss  6402  82S  4 
    0  54005.240735  3  22.287  0.280  0.087  0.114   4.252e+00   1.116e+00   3.540e-01   4.632e-01  11  sdss  6402  82S  4 
    0  54005.242394  4  21.503  0.420  0.195  0.211   8.231e+00   3.653e+00   1.736e+00   1.881e+00  11  sdss  6402  82S  4 
    0  54005.241564  0  25.897  1.023  0.095  1.095  -1.466e+00   1.554e+00   1.555e-01   1.787e+00  4  sdss  6402  82S  4 
    0  54008.203656  1  23.551  0.538  0.300  0.378   1.279e+00   6.697e-01   3.932e-01   4.958e-01  11  sdss  6417  82S  4 
    0  54008.200339  2  22.825  0.426  0.295  0.222   2.608e+00   1.031e+00   7.445e-01   5.596e-01  10  sdss  6417  82S  4 
    0  54008.201168  3  22.368  0.424  0.323  0.199   3.931e+00   1.538e+00   1.220e+00   7.502e-01  11  sdss  6417  82S  4 
    0  54008.202827  4  21.051  0.360  0.133  0.216   1.315e+01   4.524e+00   1.722e+00   2.786e+00  11  sdss  6417  82S  4 
 1164  54008.201998  0  21.872  0.412  0.175  0.452   6.851e+00   2.449e+00   1.085e+00   2.810e+00  4  sdss  6417  82S  4 
    1  54010.198368  1  24.173  1.026  0.323  0.368   6.297e-01   8.375e-01   2.664e-01   3.032e-01  11  sdss  6425  82S  4 
    1  54010.195051  2  22.663  0.308  0.088  0.102   3.049e+00   8.743e-01   2.547e-01   2.966e-01  10  sdss  6425  82S  4 
    0  54010.195880  3  21.922  0.221  0.052  0.071   6.017e+00   1.226e+00   2.908e-01   3.998e-01  11  sdss  6425  82S  4 
    0  54010.197538  4  21.869  0.532  0.088  0.245   5.342e+00   3.606e+00   6.086e-01   1.685e+00  11  sdss  6425  82S  4 
    9  54010.196709  0  25.532  1.418  0.352  1.119  -9.310e-01   1.961e+00   4.497e-01   1.431e+00  4  sdss  6425  82S  4 
    1  54012.190992  1  26.480  1.324  0.250  0.175  -1.028e+00   1.308e+00   2.778e-01   1.946e-01  11  sdss  6433  82S  4 
    1  54012.187675  2  22.920  0.610  0.092  0.092   2.378e+00   1.311e+00   2.128e-01   2.128e-01  10  sdss  6433  82S  4 
    1  54012.188505  3  22.793  0.611  0.108  0.101   2.574e+00   1.508e+00   2.856e-01   2.658e-01  11  sdss  6433  82S  4 
    0  54012.190163  4  21.382  0.433  0.020  0.119   9.379e+00   4.119e+00   1.959e-01   1.171e+00  11  sdss  6433  82S  4 
  129  54012.189334  0  25.759  1.932  0.400  0.824  -1.247e+00   3.239e+00   5.917e-01   1.219e+00  4  sdss  6433  82S  4 
    1  54020.196582  1  24.254  0.718  0.287  0.392   5.642e-01   5.586e-01   2.252e-01   3.070e-01  11  sdss  6447  82S  4 
    0  54020.193266  2  23.361  0.530  0.220  0.247   1.521e+00   8.148e-01   3.539e-01   3.965e-01  10  sdss  6447  82S  4 
    0  54020.194095  3  22.545  0.400  0.202  0.144   3.306e+00   1.254e+00   6.553e-01   4.657e-01  11  sdss  6447  82S  4 
    0  54020.195753  4  21.568  0.534  0.227  0.231   7.657e+00   4.384e+00   1.931e+00   1.963e+00  11  sdss  6447  82S  4 
   32  54020.194924  0  23.390  1.159  0.155  1.181   1.540e+00   1.792e+00   2.608e-01   1.992e+00  4  sdss  6447  82S  4 
   32  54022.245850  1  24.900  0.698  0.320  0.417   1.296e-01   4.459e-01   1.924e-01   2.503e-01  11  sdss  6453  82S  4 
    0  54022.242534  2  23.292  0.441  0.075  0.209   1.635e+00   7.241e-01   1.278e-01   3.548e-01  10  sdss  6453  82S  4 
    0  54022.243363  3  22.755  0.423  0.132  0.154   2.677e+00   1.111e+00   3.586e-01   4.180e-01  11  sdss  6453  82S  4 
    0  54022.245021  4  21.486  0.399  0.033  0.179   8.385e+00   3.526e+00   2.979e-01   1.622e+00  11  sdss  6453  82S  4 
  128  54022.244192  0  26.549  0.534  0.043  0.581  -2.888e+00   1.388e+00   1.197e-01   1.606e+00  4  sdss  6453  82S  4 
    0  54028.186361  1  25.468  0.737  0.285  0.548  -2.099e-01   4.838e-01   1.763e-01   3.391e-01  11  sdss  6468  82S  4 
    0  54028.183044  2  23.402  0.558  0.202  0.288   1.456e+00   8.281e-01   3.146e-01   4.473e-01  10  sdss  6468  82S  4 
    0  54028.183873  3  24.073  0.930  0.526  0.452   3.467e-01   1.263e+00   6.446e-01   5.539e-01  11  sdss  6468  82S  4 
    0  54028.185532  4  21.285  0.454  0.083  0.235   1.037e+01   4.639e+00   8.852e-01   2.494e+00  11  sdss  6468  82S  4 
    8  54028.184703  0  25.009  1.269  0.912  1.805  -3.383e-01   1.553e+00   9.261e-01   1.833e+00  4  sdss  6468  82S  4 
    0  54030.189304  1  24.761  0.688  0.273  0.385   2.141e-01   4.487e-01   1.693e-01   2.388e-01  11  sdss  6479  82S  4 
    0  54030.185987  2  23.671  0.589  0.192  0.249   1.076e+00   7.248e-01   2.439e-01   3.155e-01  10  sdss  6479  82S  4 
    0  54030.186817  3  23.136  0.566  0.169  0.182   1.780e+00   1.097e+00   3.392e-01   3.651e-01  11  sdss  6479  82S  4 
    0  54030.188475  4  21.929  0.534  0.129  0.221   4.937e+00   3.502e+00   8.573e-01   1.466e+00  11  sdss  6479  82S  4 
    0  54030.187646  0  26.014  0.924  0.039  0.793  -1.670e+00   1.508e+00   6.879e-02   1.413e+00  4  sdss  6479  82S  4 
    2  54035.264628  1  23.615  0.624  0.604  0.808   1.196e+00   7.290e-01   7.519e-01   1.006e+00  11  sdss  6501  82S  4 
    0  54035.261311  2  22.446  0.364  0.309  0.336   3.748e+00   1.243e+00   1.091e+00   1.185e+00  10  sdss  6501  82S  4 
  128  54035.262140  3  25.016  1.237  1.008  1.321  -8.228e-01   1.921e+00   1.413e+00   1.852e+00  11  sdss  6501  82S  4 
    0  54035.263799  4  22.410  1.137  1.665  1.263   2.113e+00   6.812e+00   8.726e+00   6.617e+00  11  sdss  6501  82S  4 
  130  54035.262970  0  25.992  1.942  0.201  4.665  -1.630e+00   3.405e+00   3.530e-01   8.174e+00  4  sdss  6501  82S  4 
    1  54037.170022  1  25.517  0.868  0.437  0.463  -2.401e-01   5.892e-01   2.745e-01   2.909e-01  11  sdss  6508  82S  4 
   24  54037.166706  2  25.320  0.941  2.171  0.459  -4.298e-01   9.002e-01   1.935e+00   4.090e-01  10  sdss  6508  82S  4 
    0  54037.167535  3  22.864  0.544  0.242  0.184   2.393e+00   1.286e+00   6.014e-01   4.563e-01  11  sdss  6508  82S  4 
    0  54037.169193  4  21.555  0.508  0.331  0.225   7.770e+00   4.218e+00   2.837e+00   1.933e+00  11  sdss  6508  82S  4 
   44  54037.168364  0  23.866  1.253  0.661  1.331   8.463e-01   1.647e+00   8.130e-01   1.638e+00  4  sdss  6508  82S  4 
    1  54040.184107  1  24.172  1.764  1.147  0.479   6.305e-01   1.664e+00   9.458e-01   3.950e-01  11  sdss  6518  82S  4 
    1  54040.180790  2  22.330  0.519  0.353  0.134   4.182e+00   1.899e+00   1.382e+00   5.250e-01  10  sdss  6518  82S  4 
    9  54040.181619  3  23.530  1.409  1.735  0.497   1.085e+00   2.366e+00   2.678e+00   7.677e-01  11  sdss  6518  82S  4 
    1  54040.183277  4  20.993  0.410  0.190  0.144   1.393e+01   5.360e+00   2.578e+00   1.952e+00  11  sdss  6518  82S  4 
  137  54040.182448  0  25.362  2.153  1.208  1.917  -7.217e-01   3.809e+00   1.408e+00   2.233e+00  4  sdss  6518  82S  4 
    2  54050.168214  1  24.456  0.936  1.183  1.518   4.148e-01   6.851e-01   8.293e-01   1.064e+00  11  sdss  6542  82S  4 
    2  54050.164897  2  24.077  1.172  1.149  1.563   6.231e-01   1.231e+00   1.129e+00   1.535e+00  10  sdss  6542  82S  4 
    2  54050.165726  3  23.137  1.028  0.682  0.961   1.778e+00   1.917e+00   1.370e+00   1.930e+00  11  sdss  6542  82S  4 
    0  54050.167385  4  23.455  1.136  1.375  1.236  -3.201e+00   7.054e+00   7.811e+00   7.021e+00  11  sdss  6542  82S  4 
    0  54050.166555  0  26.280  2.253  0.406  4.584  -2.207e+00   4.617e+00   8.930e-01   1.010e+01  4  sdss  6542  82S  4 
    0  54053.173991  1  24.497  0.792  0.437  0.874   3.861e-01   5.622e-01   3.005e-01   6.006e-01  11  sdss  6555  82S  4 
    0  54053.170674  2  24.937  1.032  0.663  1.102  -1.078e-01   9.576e-01   5.338e-01   8.870e-01  10  sdss  6555  82S  4 
    0  54053.171503  3  23.008  0.677  0.262  0.410   2.052e+00   1.413e+00   5.796e-01   9.077e-01  11  sdss  6555  82S  4 
    0  54053.173162  4  21.247  0.464  0.345  0.305   1.079e+01   4.884e+00   3.778e+00   3.338e+00  11  sdss  6555  82S  4 
    0  54053.172333  0  25.141  1.453  0.104  3.390  -4.756e-01   1.910e+00   1.099e-01   3.588e+00  4  sdss  6555  82S  4 
    2  54056.175307  1  25.680  1.149  0.977  2.182  -3.461e-01   8.542e-01   6.535e-01   1.459e+00  11  sdss  6568  82S  4 
  128  54056.171990  2  24.303  1.125  1.088  1.175   4.130e-01   1.115e+00   9.621e-01   1.039e+00  10  sdss  6568  82S  4 
    0  54056.172819  3  23.871  1.210  1.077  1.278   6.014e-01   1.812e+00   1.406e+00   1.668e+00  11  sdss  6568  82S  4 
    0  54056.174477  4  21.285  0.829  0.883  0.774   1.037e+01   7.942e+00   9.370e+00   8.213e+00  11  sdss  6568  82S  4 
    6  54056.173648  0  26.583  1.716  0.225  3.697  -2.987e+00   3.620e+00   6.398e-01   1.052e+01  4  sdss  6568  82S  4 
    0  54057.143878  1  24.735  0.744  0.478  0.581   2.304e-01   4.922e-01   2.991e-01   3.636e-01  11  sdss  6571  82S  4 
    0  54057.140561  2  23.401  0.547  0.178  0.297   1.458e+00   8.139e-01   2.765e-01   4.622e-01  10  sdss  6571  82S  4 
    0  54057.141390  3  23.684  0.870  0.319  0.385   8.564e-01   1.276e+00   4.521e-01   5.466e-01  11  sdss  6571  82S  4 
    0  54057.143049  4  21.962  0.715  0.358  0.365   4.718e+00   4.607e+00   2.325e+00   2.368e+00  11  sdss  6571  82S  4 
   40  54057.142219  0  23.829  1.230  1.086  1.904   8.937e-01   1.624e+00   1.365e+00   2.393e+00  4  sdss  6571  82S  4 
    0  54059.169271  1  24.851  0.877  0.810  1.057   1.586e-01   5.837e-01   4.915e-01   6.411e-01  11  sdss  6580  82S  4 
    0  54059.165955  2  24.818  1.033  0.753  1.014  -1.281e-02   9.558e-01   6.018e-01   8.105e-01  10  sdss  6580  82S  4 
    0  54059.166784  3  23.384  0.852  0.431  0.560   1.321e+00   1.407e+00   7.278e-01   9.460e-01  11  sdss  6580  82S  4 
    0  54059.168442  4  21.794  0.643  0.315  0.385   5.878e+00   4.530e+00   2.281e+00   2.782e+00  11  sdss  6580  82S  4 
    8  54059.167613  0  26.000  1.180  1.289  1.878  -1.644e+00   1.879e+00   2.273e+00   3.311e+00  4  sdss  6580  82S  4 
    0  54061.180050  1  23.929  0.595  0.315  0.548   8.486e-01   5.597e-01   3.073e-01   5.345e-01  11  sdss  6590  82S  4 
   32  54061.176734  2  24.685  1.045  0.840  0.937   9.411e-02   9.727e-01   6.748e-01   7.533e-01  10  sdss  6590  82S  4 
    0  54061.177563  3  23.012  0.711  0.496  0.384   2.043e+00   1.473e+00   1.095e+00   8.489e-01  11  sdss  6590  82S  4 
    0  54061.179221  4  20.843  0.354  0.288  0.214   1.613e+01   5.305e+00   4.454e+00   3.300e+00  11  sdss  6590  82S  4 
    8  54061.178392  0  25.182  1.431  2.348  3.195  -5.195e-01   1.876e+00   2.524e+00   3.434e+00  4  sdss  6590  82S  4 
    0  54062.173837  1  25.257  0.947  0.680  1.277  -8.226e-02   6.332e-01   4.035e-01   7.578e-01  11  sdss  6596  82S  4 
    0  54062.170521  2  23.697  0.836  0.458  0.653   1.043e+00   9.959e-01   5.711e-01   8.135e-01  10  sdss  6596  82S  4 
    0  54062.171350  3  23.619  0.987  0.474  0.639   9.495e-01   1.498e+00   6.960e-01   9.375e-01  11  sdss  6596  82S  4 
    0  54062.173008  4  21.333  0.616  0.386  0.418   9.877e+00   5.923e+00   3.943e+00   4.265e+00  11  sdss  6596  82S  4 
   32  54062.172179  0  23.978  1.643  0.443  4.378   7.113e-01   2.358e+00   5.143e-01   5.077e+00  4  sdss  6596  82S  4 
    3  54068.163292  1  28.171  0.496  0.599  0.247  -5.302e+00   2.276e+00   2.931e+00   1.209e+00  11  sdss  6615  82S  4 
    1  54068.159975  2  22.201  0.545  0.431  0.292   4.720e+00   2.224e+00   1.895e+00   1.286e+00  10  sdss  6615  82S  4 
    1  54068.160804  3  22.592  0.955  0.721  0.498   3.155e+00   2.553e+00   2.247e+00   1.549e+00  11  sdss  6615  82S  4 
    2  54068.162463  4  21.864  1.261  0.407  1.102   5.376e+00   8.783e+00   2.808e+00   7.606e+00  11  sdss  6615  82S  4 
   11  54068.161634  0  25.814  2.571  3.085  4.364  -1.332e+00   5.707e+00   4.745e+00   6.710e+00  4  sdss  6615  82S  4 
