# SDSS CID:   2621 IAU:          RA:  15.343814 DEC:  -1.129215  (J2000)
# GALAXY_SB [ugriz] = [ 24.10 24.83 24.10 23.76 22.51 ] +/- [  0.39  0.17  0.11  0.11  0.12 ] (asinh mag/square arcsec)
# GALAXY_SB_FLUX [ugriz] = [  5.380E-01  1.688E-01  6.003E-01  7.515E-01  1.592E+00 ] +/- [  4.273E-01  1.041E-01  1.034E-01  1.482E-01  6.110E-01 ] (microJy per square arcsec)
#FLAG  MJD       FILT  MAG     MERR  MSKYERR MGALERR  FLUX       FLUXERR    SKYERR     GALERR    NPRE TELE   RUN  STRIP  IDCCD
    0  53622.370725  1  21.827  0.116  0.076  0.205   6.608e+00   7.008e-01   4.599e-01   1.240e+00  11  sdss  5582  82S  1 
    0  53622.367407  2  21.646  0.141  0.121  0.152   7.912e+00   1.029e+00   8.844e-01   1.109e+00  12  sdss  5582  82S  1 
    0  53622.368237  3  21.517  0.180  0.076  0.132   8.788e+00   1.457e+00   6.214e-01   1.075e+00  12  sdss  5582  82S  1 
   32  53622.369895  4  22.445  0.828  0.570  0.740   1.930e+00   4.610e+00   2.956e+00   3.840e+00  12  sdss  5582  82S  1 
   32  53622.369066  0  22.868  0.888  0.211  2.052   2.653e+00   1.956e+00   5.320e-01   5.180e+00  11  sdss  5582  82S  1 
    1  53627.327867  1  22.086  0.170  0.070  0.109   5.199e+00   8.064e-01   3.338e-01   5.205e-01  11  sdss  5607  82S  1 
    0  53627.324550  2  21.606  0.145  0.068  0.088   8.211e+00   1.091e+00   5.183e-01   6.662e-01  12  sdss  5607  82S  1 
  128  53627.325379  3  22.438  0.445  0.217  0.290   3.673e+00   1.522e+00   7.768e-01   1.035e+00  12  sdss  5607  82S  1 
    0  53627.327038  4  22.213  0.688  0.367  0.570   3.187e+00   4.000e+00   2.086e+00   3.241e+00  12  sdss  5607  82S  1 
    1  53627.326208  0  26.384  0.900  0.098  1.286  -2.453e+00   1.865e+00   2.323e-01   3.037e+00  11  sdss  5607  82S  1 
    1  53634.320609  1  25.378  1.781  0.743  1.454  -1.543e-01   1.593e+00   4.496e-01   8.801e-01  11  sdss  5619  82S  1 
    1  53634.317292  2  21.462  0.179  0.046  0.087   9.382e+00   1.535e+00   3.990e-01   7.565e-01  12  sdss  5619  82S  1 
    1  53634.318121  3  21.514  0.232  0.125  0.146   8.813e+00   1.873e+00   1.023e+00   1.194e+00  12  sdss  5619  82S  1 
    0  53634.319780  4  21.567  0.557  0.184  0.485   7.670e+00   4.591e+00   1.574e+00   4.149e+00  12  sdss  5619  82S  1 
  161  53634.318950  0  23.173  2.245  0.751  2.283   1.947e+00   4.471e+00   1.475e+00   4.487e+00  11  sdss  5619  82S  1 
    1  53638.362076  1  22.506  0.198  0.072  0.153   3.515e+00   6.374e-01   2.348e-01   4.985e-01  11  sdss  5637  82S  1 
    0  53638.358759  2  21.999  0.161  0.052  0.080   5.700e+00   8.494e-01   2.750e-01   4.259e-01  12  sdss  5637  82S  1 
    0  53638.359589  3  21.744  0.192  0.042  0.091   7.111e+00   1.260e+00   2.772e-01   6.041e-01  12  sdss  5637  82S  1 
    0  53638.361247  4  21.661  0.493  0.224  0.312   6.890e+00   3.835e+00   1.791e+00   2.487e+00  12  sdss  5637  82S  1 
   33  53638.360418  0  23.759  1.296  0.076  2.136   9.839e-01   1.758e+00   9.873e-02   2.774e+00  11  sdss  5637  82S  1 
    0  53640.326087  1  22.671  0.221  0.092  0.285   3.010e+00   6.117e-01   2.569e-01   7.996e-01  11  sdss  5646  82S  1 
    0  53640.322770  2  22.372  0.222  0.098  0.150   4.020e+00   8.270e-01   3.690e-01   5.663e-01  12  sdss  5646  82S  1 
    0  53640.323599  3  21.880  0.219  0.075  0.130   6.259e+00   1.267e+00   4.396e-01   7.609e-01  12  sdss  5646  82S  1 
    0  53640.325258  4  22.217  0.705  0.509  0.633   3.165e+00   4.100e+00   2.888e+00   3.592e+00  12  sdss  5646  82S  1 
   32  53640.324428  0  23.230  0.992  0.238  1.771   1.832e+00   1.676e+00   4.474e-01   3.327e+00  11  sdss  5646  82S  1 
    1  53655.298091  1  23.375  0.527  0.361  0.472   1.528e+00   7.529e-01   5.452e-01   7.121e-01  11  sdss  5713  82S  1 
    0  53655.294774  2  23.124  0.542  0.223  0.294   1.941e+00   1.002e+00   4.366e-01   5.747e-01  12  sdss  5713  82S  1 
    0  53655.295603  3  21.986  0.282  0.127  0.153   5.663e+00   1.471e+00   6.793e-01   8.150e-01  12  sdss  5713  82S  1 
   32  53655.297262  4  22.707  0.992  0.640  0.797   6.132e-01   5.559e+00   3.143e+00   3.912e+00  12  sdss  5713  82S  1 
   33  53655.296433  0  24.354  1.428  0.881  3.423   3.062e-01   1.835e+00   8.855e-01   3.441e+00  11  sdss  5713  82S  1 
    9  53664.323118  1  25.954  1.414  1.660  0.918  -5.423e-01   1.183e+00   1.275e+00   7.051e-01  11  sdss  5754  82S  1 
    1  53664.319801  2  23.135  0.660  0.234  0.282   1.920e+00   1.182e+00   4.532e-01   5.473e-01  12  sdss  5754  82S  1 
   24  53664.320630  3  22.269  0.405  1.086  0.203   4.326e+00   1.615e+00   4.500e+00   8.406e-01  12  sdss  5754  82S  1 
    0  53664.322289  4  21.798  0.709  0.388  0.486   5.843e+00   4.992e+00   2.808e+00   3.523e+00  12  sdss  5754  82S  1 
    1  53664.321459  0  21.412  0.383  0.087  0.454   1.051e+01   3.412e+00   8.111e-01   4.211e+00  11  sdss  5754  82S  1 
    0  53669.282054  1  24.389  0.679  0.303  0.797   4.621e-01   4.962e-01   2.190e-01   5.770e-01  11  sdss  5776  82S  1 
    0  53669.278737  2  23.748  0.596  0.223  0.247   9.814e-01   6.999e-01   2.686e-01   2.982e-01  12  sdss  5776  82S  1 
    0  53669.279567  3  22.418  0.317  0.104  0.125   3.745e+00   1.127e+00   3.764e-01   4.549e-01  12  sdss  5776  82S  1 
    0  53669.281225  4  22.530  0.680  0.366  0.461   1.498e+00   3.636e+00   1.857e+00   2.333e+00  12  sdss  5776  82S  1 
   32  53669.280396  0  24.639  1.128  0.100  2.141   2.609e-02   1.300e+00   9.715e-02   2.075e+00  11  sdss  5776  82S  1 
    0  53671.366676  1  25.453  0.860  0.473  0.779  -2.000e-01   5.759e-01   2.915e-01   4.800e-01  11  sdss  5786  82S  1 
   32  53671.363359  2  23.807  0.791  0.338  0.389   9.115e-01   8.925e-01   3.918e-01   4.509e-01  12  sdss  5786  82S  1 
    0  53671.364188  3  23.060  0.664  0.186  0.289   1.938e+00   1.345e+00   3.975e-01   6.179e-01  12  sdss  5786  82S  1 
    0  53671.365847  4  23.029  0.806  0.358  0.465  -9.606e-01   4.343e+00   1.776e+00   2.305e+00  12  sdss  5786  82S  1 
    8  53671.365017  0  26.357  0.971  0.557  1.193  -2.387e+00   1.946e+00   1.286e+00   2.756e+00  11  sdss  5786  82S  1 
    0  53674.266320  1  24.698  0.842  0.918  1.400   2.536e-01   5.710e-01   5.807e-01   8.851e-01  11  sdss  5797  82S  1 
    0  53674.263003  2  23.271  0.525  0.324  0.398   1.670e+00   8.661e-01   5.602e-01   6.890e-01  12  sdss  5797  82S  1 
   32  53674.263832  3  23.423  0.796  0.329  0.568   1.256e+00   1.293e+00   5.446e-01   9.384e-01  12  sdss  5797  82S  1 
   32  53674.265490  4  22.776  0.812  0.903  0.971   2.789e-01   4.344e+00   4.408e+00   4.744e+00  12  sdss  5797  82S  1 
    8  53674.264661  0  25.351  1.317  0.943  4.123  -7.095e-01   1.709e+00   1.086e+00   4.749e+00  11  sdss  5797  82S  1 
   32  53676.355654  1  25.004  0.842  0.425  1.014   6.709e-02   5.491e-01   2.513e-01   6.003e-01  11  sdss  5807  82S  1 
   32  53676.352337  2  23.660  0.649  0.269  0.279   1.091e+00   8.019e-01   3.451e-01   3.572e-01  12  sdss  5807  82S  1 
    0  53676.353167  3  22.736  0.444  0.170  0.179   2.730e+00   1.184e+00   4.711e-01   4.957e-01  12  sdss  5807  82S  1 
    0  53676.354825  4  22.158  0.613  0.215  0.360   3.505e+00   3.620e+00   1.256e+00   2.104e+00  12  sdss  5807  82S  1 
   32  53676.353996  0  24.611  1.391  0.569  2.692   5.253e-02   1.748e+00   5.519e-01   2.611e+00  11  sdss  5807  82S  1 
    0  53679.327339  1  25.662  0.868  0.367  1.444  -3.335e-01   6.077e-01   2.431e-01   9.569e-01  11  sdss  5820  82S  1 
    0  53679.324022  2  25.759  0.908  0.295  0.669  -8.678e-01   1.006e+00   3.332e-01   7.553e-01  12  sdss  5820  82S  1 
    0  53679.324851  3  22.393  0.423  0.216  0.270   3.837e+00   1.508e+00   8.018e-01   1.005e+00  12  sdss  5820  82S  1 
    0  53679.326509  4  21.671  0.664  0.545  0.569   6.809e+00   5.049e+00   4.322e+00   4.509e+00  12  sdss  5820  82S  1 
    0  53679.325680  0  26.952  0.504  0.063  1.216  -4.257e+00   1.829e+00   2.429e-01   4.695e+00  11  sdss  5820  82S  1 
    4  53681.318707  1  26.675  0.666  0.378  0.317  -1.265e+00   8.008e-01   4.883e-01   4.094e-01  11  sdss  5836  82S  1 
   44  53681.315390  2  24.650  1.301  1.652  0.384   1.221e-01   1.311e+00   1.333e+00   3.098e-01  12  sdss  5836  82S  1 
   36  53681.316219  3  23.554  1.012  0.386  0.254   1.047e+00   1.577e+00   5.893e-01   3.881e-01  12  sdss  5836  82S  1 
    4  53681.317878  4  22.472  1.007  0.655  0.387   1.791e+00   5.794e+00   3.369e+00   1.992e+00  12  sdss  5836  82S  1 
   36  53681.317048  0  23.668  1.487  0.115  1.470   1.109e+00   2.147e+00   1.580e-01   2.019e+00  11  sdss  5836  82S  1 
    1  53685.277469  1  23.934  1.630  0.923  0.619   8.443e-01   1.559e+00   8.943e-01   5.997e-01  11  sdss  5853  82S  1 
    1  53685.274152  2  23.026  1.034  0.423  0.334   2.142e+00   1.851e+00   9.000e-01   7.094e-01  12  sdss  5853  82S  1 
    1  53685.274982  3  22.898  0.855  0.356  0.317   2.308e+00   1.882e+00   8.635e-01   7.699e-01  12  sdss  5853  82S  1 
    0  53685.276640  4  23.962  0.611  0.300  0.390  -6.559e+00   4.579e+00   2.322e+00   3.020e+00  12  sdss  5853  82S  1 
    1  53685.275811  0  26.034  1.895  0.583  1.690  -1.705e+00   3.298e+00   1.040e+00   3.014e+00  11  sdss  5853  82S  1 
    1  53697.274731  1  26.546  0.625  0.254  0.431  -1.105e+00   6.875e-01   2.957e-01   5.022e-01  11  sdss  5895  82S  1 
   32  53697.271414  2  23.664  0.719  0.132  0.283   1.086e+00   8.806e-01   1.692e-01   3.619e-01  12  sdss  5895  82S  1 
   32  53697.272243  3  23.339  0.737  0.342  0.295   1.399e+00   1.250e+00   5.971e-01   5.159e-01  12  sdss  5895  82S  1 
    0  53697.273901  4  23.298  0.748  0.445  0.467  -2.338e+00   4.181e+00   2.369e+00   2.490e+00  12  sdss  5895  82S  1 
   32  53697.273072  0  23.346  1.183  0.086  1.502   1.617e+00   1.853e+00   1.484e-01   2.583e+00  11  sdss  5895  82S  1 
    0  53700.273400  1  25.403  0.977  0.553  1.923  -1.697e-01   6.675e-01   3.364e-01   1.171e+00  11  sdss  5905  82S  1 
    0  53700.270084  2  25.260  1.128  1.043  1.339  -3.767e-01   1.111e+00   9.079e-01   1.165e+00  12  sdss  5905  82S  1 
   32  53700.270913  3  24.066  1.177  0.761  1.383   3.545e-01   1.707e+00   9.350e-01   1.699e+00  12  sdss  5905  82S  1 
    0  53700.272571  4  23.589  0.870  0.763  0.886  -3.992e+00   5.406e+00   4.655e+00   5.406e+00  12  sdss  5905  82S  1 
   34  53700.271742  0  24.515  1.555  0.756  6.317   1.464e-01   2.080e+00   7.390e-01   6.174e+00  11  sdss  5905  82S  1 
    0  53705.259874  1  25.537  0.817  0.377  1.077  -2.531e-01   5.511e-01   2.386e-01   6.808e-01  11  sdss  5924  82S  1 
   32  53705.256558  2  24.358  0.872  0.386  0.640   3.646e-01   8.110e-01   3.341e-01   5.542e-01  12  sdss  5924  82S  1 
   32  53705.257387  3  23.695  0.813  0.390  0.497   8.401e-01   1.182e+00   5.511e-01   7.019e-01  12  sdss  5924  82S  1 
    0  53705.259045  4  23.153  0.708  0.554  0.666  -1.586e+00   3.811e+00   2.820e+00   3.390e+00  12  sdss  5924  82S  1 
   40  53705.258216  0  22.912  0.745  0.752  1.531   2.539e+00   1.639e+00   1.829e+00   3.722e+00  11  sdss  5924  82S  1 
