# SDSS CID:  21330 IAU:          RA: 359.677155 DEC:  -1.135602  (J2000)
# GALAXY_SB [ugriz] = [ 24.15 23.13 21.80 21.24 20.75 ] +/- [  0.47  0.05  0.02  0.02  0.04 ] (asinh mag/square arcsec)
# GALAXY_SB_FLUX [ugriz] = [  4.804E-01  1.936E+00  6.875E+00  1.140E+01  1.759E+01 ] +/- [  5.005E-01  9.429E-02  1.262E-01  1.849E-01  7.597E-01 ] (microJy per square arcsec)
#FLAG  MJD       FILT  MAG     MERR  MSKYERR MGALERR  FLUX       FLUXERR    SKYERR     GALERR    NPRE TELE   RUN  STRIP  IDCCD
   32  54357.282634  1  23.553  0.439  0.084  0.450   1.276e+00   5.507e-01   1.092e-01   5.849e-01  11  sdss  6955  82S  1 
   32  54357.279317  2  22.517  0.272  0.153  0.238   3.506e+00   8.858e-01   5.085e-01   7.912e-01  12  sdss  6955  82S  1 
   32  54357.280146  3  23.231  0.726  0.388  0.528   1.595e+00   1.310e+00   7.307e-01   9.933e-01  12  sdss  6955  82S  1 
    0  54357.281805  4  23.161  0.803  0.248  1.065  -1.627e+00   4.404e+00   1.266e+00   5.431e+00  11  sdss  6955  82S  1 
    8  54357.280975  0  23.068  0.806  0.562  1.678   2.170e+00   1.558e+00   1.199e+00   3.584e+00  9  sdss  6955  82S  1 
   32  54362.332804  1  23.976  0.613  0.208  0.550   8.032e-01   5.556e-01   1.950e-01   5.155e-01  11  sdss  6976  82S  1 
  172  54362.329487  2  22.304  0.433  0.553  0.264   4.287e+00   1.661e+00   2.223e+00   1.063e+00  12  sdss  6976  82S  1 
  172  54362.331975  4  22.205  0.970  1.597  0.827   3.235e+00   5.858e+00   9.116e+00   4.719e+00  11  sdss  6976  82S  1 
 1164  54362.331146  0  21.573  0.577  0.372  0.711   9.049e+00   4.234e+00   2.969e+00   5.679e+00  9  sdss  6976  82S  1 
   32  54379.322747  1  22.777  0.227  0.153  0.224   2.725e+00   5.708e-01   3.903e-01   5.695e-01  11  sdss  7024  82S  1 
   32  54379.319430  2  22.412  0.267  0.178  0.254   3.872e+00   9.575e-01   6.499e-01   9.248e-01  12  sdss  7024  82S  1 
   32  54379.320259  3  22.482  0.419  0.148  0.309   3.516e+00   1.386e+00   5.093e-01   1.062e+00  12  sdss  7024  82S  1 
   32  54379.321918  4  21.767  0.611  0.260  0.589   6.074e+00   4.403e+00   1.923e+00   4.359e+00  11  sdss  7024  82S  1 
    0  54379.321088  0  22.259  0.487  0.081  1.072   4.770e+00   1.973e+00   3.459e-01   4.601e+00  9  sdss  7024  82S  1 
    0  54382.312400  1  22.253  0.162  0.060  0.252   4.450e+00   6.587e-01   2.468e-01   1.029e+00  11  sdss  7038  82S  1 
   32  54382.309083  2  22.832  0.444  0.148  0.539   2.591e+00   1.067e+00   3.712e-01   1.355e+00  12  sdss  7038  82S  1 
   32  54382.309912  3  23.954  1.093  0.722  1.436   4.950e-01   1.570e+00   9.160e-01   1.821e+00  12  sdss  7038  82S  1 
   32  54382.311571  4  21.543  0.669  0.310  0.840   7.873e+00   5.527e+00   2.701e+00   7.313e+00  11  sdss  7038  82S  1 
   34  54382.310741  0  24.616  1.634  0.211  7.749   4.854e-02   2.252e+00   2.042e-01   7.515e+00  9  sdss  7038  82S  1 
    0  54385.330276  1  22.497  0.167  0.031  0.144   3.544e+00   5.432e-01   1.028e-01   4.707e-01  11  sdss  7051  82S  1 
   32  54385.326959  2  22.531  0.284  0.148  0.224   3.459e+00   9.109e-01   4.861e-01   7.355e-01  12  sdss  7051  82S  1 
   32  54385.327789  3  22.495  0.376  0.121  0.197   3.472e+00   1.237e+00   4.128e-01   6.693e-01  12  sdss  7051  82S  1 
    0  54385.329447  4  23.335  0.707  0.056  0.675  -2.538e+00   3.968e+00   3.001e-01   3.649e+00  11  sdss  7051  82S  1 
    0  54385.328618  0  22.374  0.525  0.032  0.905   4.276e+00   1.904e+00   1.237e-01   3.504e+00  9  sdss  7051  82S  1 
   32  54387.330611  1  23.004  0.327  0.106  0.459   2.195e+00   6.620e-01   2.203e-01   9.537e-01  11  sdss  7057  82S  1 
   32  54387.327294  2  22.524  0.310  0.067  0.262   3.482e+00   9.984e-01   2.214e-01   8.656e-01  12  sdss  7057  82S  1 
   32  54387.328123  3  22.787  0.588  0.381  0.479   2.593e+00   1.471e+00   1.011e+00   1.274e+00  12  sdss  7057  82S  1 
   32  54387.329782  4  22.000  0.832  0.666  1.114   4.469e+00   5.306e+00   4.243e+00   7.097e+00  11  sdss  7057  82S  1 
   10  54387.328953  0  21.536  0.270  0.241  0.810   9.365e+00   2.189e+00   1.995e+00   6.697e+00  9  sdss  7057  82S  1 
   32  54392.325049  1  22.785  0.263  0.116  0.381   2.705e+00   6.526e-01   2.923e-01   9.637e-01  11  sdss  7076  82S  1 
   32  54392.321732  2  22.309  0.264  0.166  0.251   4.267e+00   1.039e+00   6.658e-01   1.003e+00  12  sdss  7076  82S  1 
   32  54392.322561  3  22.572  0.521  0.202  0.533   3.218e+00   1.568e+00   6.435e-01   1.694e+00  12  sdss  7076  82S  1 
    0  54392.324220  4  22.891  0.884  0.183  1.191  -2.848e-01   4.809e+00   8.923e-01   5.819e+00  11  sdss  7076  82S  1 
    2  54392.323390  0  22.525  0.702  0.070  2.047   3.706e+00   2.136e+00   2.389e-01   6.941e+00  9  sdss  7076  82S  1 
   33  54394.313333  1  22.768  0.486  0.348  0.364   2.749e+00   1.177e+00   8.918e-01   9.353e-01  11  sdss  7084  82S  1 
   33  54394.310016  2  22.601  0.467  0.229  0.309   3.237e+00   1.365e+00   7.052e-01   9.526e-01  12  sdss  7084  82S  1 
   32  54394.310845  3  23.717  1.208  0.612  1.100   8.094e-01   1.861e+00   8.557e-01   1.537e+00  12  sdss  7084  82S  1 
    0  54394.312504  4  23.034  0.953  0.624  1.076  -9.861e-01   5.316e+00   3.095e+00   5.336e+00  11  sdss  7084  82S  1 
    1  54394.311674  0  22.453  0.941  0.181  1.599   3.966e+00   2.837e+00   6.552e-01   5.773e+00  9  sdss  7084  82S  1 
    1  54402.323180  1  22.398  0.491  0.138  0.216   3.888e+00   1.653e+00   4.944e-01   7.748e-01  11  sdss  7101  82S  1 
   33  54402.319863  2  23.357  0.960  0.259  0.382   1.527e+00   1.387e+00   4.182e-01   6.169e-01  12  sdss  7101  82S  1 
   33  54402.320692  3  23.827  1.323  0.624  0.824   6.591e-01   2.059e+00   8.300e-01   1.096e+00  12  sdss  7101  82S  1 
    0  54402.322351  4  23.363  0.939  0.257  0.904  -2.691e+00   5.501e+00   1.402e+00   4.939e+00  11  sdss  7101  82S  1 
    1  54402.321521  0  22.700  2.282  0.725  1.581   3.128e+00   5.130e+00   2.110e+00   4.599e+00  9  sdss  7101  82S  1 
    0  54408.236832  1  22.371  0.146  0.078  0.120   3.987e+00   5.321e-01   2.868e-01   4.411e-01  11  sdss  7127  82S  1 
   32  54408.233516  2  22.405  0.245  0.103  0.145   3.898e+00   8.854e-01   3.773e-01   5.327e-01  12  sdss  7127  82S  1 
   32  54408.234345  3  22.414  0.368  0.121  0.178   3.758e+00   1.302e+00   4.418e-01   6.498e-01  12  sdss  7127  82S  1 
   32  54408.236003  4  22.045  0.655  0.263  0.505   4.190e+00   4.070e+00   1.630e+00   3.137e+00  11  sdss  7127  82S  1 
    0  54408.235174  0  23.278  0.894  0.066  1.458   1.741e+00   1.481e+00   1.198e-01   2.636e+00  9  sdss  7127  82S  1 
    0  54411.194649  1  22.178  0.130  0.026  0.076   4.772e+00   5.641e-01   1.117e-01   3.310e-01  11  sdss  7136  82S  1 
   32  54411.191333  2  22.188  0.178  0.041  0.083   4.780e+00   7.902e-01   1.825e-01   3.705e-01  12  sdss  7136  82S  1 
   32  54411.192162  3  22.318  0.319  0.096  0.137   4.124e+00   1.236e+00   3.818e-01   5.442e-01  12  sdss  7136  82S  1 
   32  54411.193820  4  21.762  0.533  0.271  0.355   6.112e+00   3.871e+00   2.011e+00   2.634e+00  11  sdss  7136  82S  1 
    8  54411.192991  0  22.089  0.297  0.062  0.415   5.593e+00   1.452e+00   3.093e-01   2.077e+00  9  sdss  7136  82S  1 
    0  54413.235447  1  22.071  0.134  0.137  0.196   5.270e+00   6.432e-01   6.631e-01   9.469e-01  11  sdss  7145  82S  1 
   32  54413.232131  2  22.106  0.250  0.147  0.345   5.161e+00   1.184e+00   7.088e-01   1.657e+00  12  sdss  7145  82S  1 
   32  54413.232960  3  22.391  0.540  0.221  0.606   3.843e+00   1.884e+00   8.210e-01   2.256e+00  12  sdss  7145  82S  1 
   32  54413.234618  4  21.436  0.603  0.229  0.776   8.850e+00   5.417e+00   2.163e+00   7.347e+00  11  sdss  7145  82S  1 
    2  54413.233789  0  21.859  0.355  0.084  1.183   6.935e+00   2.115e+00   5.192e-01   7.283e+00  9  sdss  7145  82S  1 
    0  54417.236818  1  22.183  0.131  0.107  0.144   4.749e+00   5.695e-01   4.674e-01   6.264e-01  11  sdss  7158  82S  1 
   32  54417.233501  2  22.291  0.223  0.054  0.179   4.339e+00   8.962e-01   2.199e-01   7.296e-01  12  sdss  7158  82S  1 
   32  54417.234331  3  22.460  0.433  0.262  0.318   3.593e+00   1.456e+00   9.196e-01   1.115e+00  12  sdss  7158  82S  1 
   32  54417.235989  4  22.114  0.764  0.509  0.716   3.768e+00   4.639e+00   3.044e+00   4.277e+00  11  sdss  7158  82S  1 
   32  54417.235160  0  23.808  1.287  0.091  3.638   9.197e-01   1.720e+00   1.149e-01   4.586e+00  9  sdss  7158  82S  1 
    0  54418.235141  1  22.545  0.176  0.055  0.171   3.388e+00   5.461e-01   1.734e-01   5.349e-01  11  sdss  7161  82S  1 
   32  54418.231825  2  22.315  0.221  0.094  0.153   4.243e+00   8.703e-01   3.734e-01   6.094e-01  12  sdss  7161  82S  1 
   32  54418.232654  3  22.642  0.464  0.192  0.263   3.001e+00   1.333e+00   5.761e-01   7.892e-01  12  sdss  7161  82S  1 
   32  54418.234312  4  21.852  0.662  0.353  0.599   5.460e+00   4.531e+00   2.468e+00   4.189e+00  11  sdss  7161  82S  1 
    0  54418.233483  0  21.966  0.316  0.057  0.805   6.275e+00   1.722e+00   3.213e-01   4.501e+00  9  sdss  7161  82S  1 
    1  54422.239251  1  22.246  0.250  0.104  0.178   4.479e+00   1.011e+00   4.294e-01   7.309e-01  11  sdss  7173  82S  1 
   33  54422.235934  2  22.245  0.269  0.107  0.169   4.532e+00   1.120e+00   4.547e-01   7.169e-01  12  sdss  7173  82S  1 
   32  54422.236763  3  22.077  0.323  0.144  0.200   5.194e+00   1.543e+00   7.053e-01   9.800e-01  12  sdss  7173  82S  1 
   32  54422.238422  4  21.155  0.406  0.056  0.388   1.185e+01   4.678e+00   6.666e-01   4.619e+00  11  sdss  7173  82S  1 
    9  54422.237592  0  22.210  0.630  0.555  1.101   4.996e+00   2.568e+00   2.490e+00   4.940e+00  9  sdss  7173  82S  1 
