# SDSS CID:  10990 IAU:          RA:  49.820995 DEC:  -0.969925  (J2000)
# GALAXY_SB [ugriz] = [ 20.63 19.76 19.47 19.18 19.12 ] +/- [  0.02  0.00  0.00  0.00  0.01 ] (asinh mag/square arcsec)
# GALAXY_SB_FLUX [ugriz] = [  2.093E+01  4.434E+01  5.897E+01  7.616E+01  8.042E+01 ] +/- [  4.211E-01  1.626E-01  1.613E-01  1.890E-01  6.856E-01 ] (microJy per square arcsec)
#FLAG  MJD       FILT  MAG     MERR  MSKYERR MGALERR  FLUX       FLUXERR    SKYERR     GALERR    NPRE TELE   RUN  STRIP  IDCCD
   32  53616.449986  1  22.069  0.237  0.104  0.272   5.280e+00   1.131e+00   5.029e-01   1.318e+00  20  sdss  5566  82N  1 
   32  53616.446669  2  23.786  1.264  0.495  1.146   9.351e-01   1.472e+00   5.815e-01   1.346e+00  20  sdss  5566  82N  1 
   32  53616.447498  3  22.078  0.428  0.253  0.289   5.189e+00   2.021e+00   1.251e+00   1.428e+00  25  sdss  5566  82N  1 
   32  53616.449157  4  20.775  0.353  0.279  0.289   1.722e+01   5.646e+00   4.594e+00   4.754e+00  22  sdss  5566  82N  1 
   32  53616.448328  0  22.875  1.254  0.428  2.055   2.635e+00   2.542e+00   1.069e+00   5.135e+00  19  sdss  5566  82N  1 
 1188  53626.427398  1  20.534  0.132  0.061  0.070   2.178e+01   2.603e+00   1.213e+00   1.394e+00  20  sdss  5603  82N  1 
   32  53626.424081  2  21.191  0.128  0.053  0.096   1.205e+01   1.421e+00   5.880e-01   1.068e+00  20  sdss  5603  82N  1 
   32  53626.424910  3  21.152  0.187  0.187  0.141   1.232e+01   2.126e+00   2.148e+00   1.620e+00  25  sdss  5603  82N  1 
  172  53626.426569  4  20.393  0.275  0.349  0.163   2.478e+01   6.250e+00   8.068e+00   3.764e+00  22  sdss  5603  82N  1 
   32  53626.425740  0  22.591  0.940  0.094  1.240   3.476e+00   2.524e+00   3.011e-01   3.952e+00  19  sdss  5603  82N  1 
   32  53628.412532  1  21.854  0.240  0.206  0.382   6.445e+00   1.392e+00   1.213e+00   2.254e+00  20  sdss  5610  82N  1 
   32  53628.409215  2  21.249  0.141  0.077  0.108   1.142e+01   1.475e+00   8.100e-01   1.136e+00  20  sdss  5610  82N  1 
   32  53628.410044  3  21.399  0.243  0.243  0.171   9.802e+00   2.184e+00   2.225e+00   1.562e+00  25  sdss  5610  82N  1 
   32  53628.411703  4  21.467  0.759  0.544  0.684   8.564e+00   6.507e+00   5.016e+00   6.307e+00  22  sdss  5610  82N  1 
   32  53628.410874  0  22.878  1.189  0.679  1.988   2.628e+00   2.432e+00   1.691e+00   4.954e+00  19  sdss  5610  82N  1 
   33  53635.421415  1  22.270  0.312  0.055  0.126   4.381e+00   1.228e+00   2.232e-01   5.095e-01  20  sdss  5622  82N  1 
   33  53635.418098  2  21.509  0.175  0.067  0.055   8.987e+00   1.442e+00   5.552e-01   4.565e-01  20  sdss  5622  82N  1 
   33  53635.418927  3  21.631  0.229  0.121  0.065   7.898e+00   1.669e+00   8.928e-01   4.836e-01  25  sdss  5622  82N  1 
   32  53635.420586  4  20.894  0.290  0.065  0.133   1.534e+01   4.224e+00   9.582e-01   1.973e+00  22  sdss  5622  82N  1 
   33  53635.419757  0  22.661  1.111  0.183  0.610   3.251e+00   2.699e+00   5.500e-01   1.829e+00  19  sdss  5622  82N  1 
   32  53639.459971  1  21.810  0.179  0.024  0.164   6.713e+00   1.090e+00   1.459e-01   1.007e+00  20  sdss  5642  82N  1 
   32  53639.456653  2  21.927  0.229  0.061  0.145   6.099e+00   1.281e+00   3.465e-01   8.203e-01  20  sdss  5642  82N  1 
   32  53639.457483  3  22.164  0.391  0.347  0.196   4.781e+00   1.722e+00   1.587e+00   8.972e-01  25  sdss  5642  82N  1 
   32  53639.459141  4  21.749  0.675  0.403  0.511   6.211e+00   4.888e+00   3.013e+00   3.818e+00  22  sdss  5642  82N  1 
   32  53639.458312  0  22.844  1.041  0.476  1.163   2.719e+00   2.248e+00   1.222e+00   2.984e+00  19  sdss  5642  82N  1 
   32  53641.459270  1  22.143  0.270  0.139  0.322   4.930e+00   1.198e+00   6.290e-01   1.460e+00  20  sdss  5658  82N  1 
   32  53641.455953  2  21.793  0.251  0.087  0.238   6.908e+00   1.586e+00   5.552e-01   1.526e+00  20  sdss  5658  82N  1 
   32  53641.456782  3  21.436  0.254  0.393  0.219   9.470e+00   2.203e+00   3.473e+00   1.939e+00  25  sdss  5658  82N  1 
    0  53641.458441  4  24.546  0.480  0.393  0.484  -1.228e+01   5.606e+00   4.805e+00   5.918e+00  22  sdss  5658  82N  1 
   32  53641.457612  0  22.581  0.980  0.350  1.462   3.509e+00   2.622e+00   1.124e+00   4.703e+00  19  sdss  5658  82N  1 
   32  53644.407582  1  22.198  0.218  0.055  0.183   4.684e+00   9.279e-01   2.359e-01   7.892e-01  20  sdss  5670  82N  1 
   32  53644.404264  2  21.579  0.146  0.038  0.077   8.423e+00   1.129e+00   2.967e-01   5.979e-01  20  sdss  5670  82N  1 
   32  53644.405094  3  22.274  0.358  0.242  0.132   4.303e+00   1.441e+00   1.007e+00   5.474e-01  25  sdss  5670  82N  1 
   32  53644.406753  4  20.829  0.263  0.095  0.167   1.635e+01   4.071e+00   1.497e+00   2.624e+00  22  sdss  5670  82N  1 
   32  53644.405923  0  22.611  0.645  0.207  0.655   3.409e+00   1.846e+00   6.469e-01   2.053e+00  19  sdss  5670  82N  1 
   32  53657.418939  1  21.760  0.218  0.159  0.344   7.030e+00   1.386e+00   1.023e+00   2.215e+00  20  sdss  5731  82N  1 
   32  53657.415621  2  22.455  0.564  0.357  0.595   3.719e+00   1.838e+00   1.257e+00   2.094e+00  20  sdss  5731  82N  1 
   32  53657.416451  3  21.848  0.427  0.589  0.369   6.446e+00   2.478e+00   3.578e+00   2.240e+00  25  sdss  5731  82N  1 
   32  53657.418109  4  20.803  0.430  0.346  0.423   1.677e+01   6.625e+00   5.553e+00   6.793e+00  22  sdss  5731  82N  1 
 1186  53657.417280  0  22.610  1.197  0.679  2.409   3.412e+00   2.951e+00   2.130e+00   7.554e+00  19  sdss  5731  82N  1 
   33  53663.403664  1  21.833  0.322  0.090  0.196   6.571e+00   1.883e+00   5.413e-01   1.182e+00  20  sdss  5744  82N  1 
   33  53663.400347  2  21.877  0.269  0.074  0.113   6.389e+00   1.565e+00   4.420e-01   6.706e-01  20  sdss  5744  82N  1 
   33  53663.401176  3  21.972  0.348  0.285  0.132   5.737e+00   1.835e+00   1.549e+00   7.149e-01  25  sdss  5744  82N  1 
   32  53663.402835  4  20.972  0.401  0.169  0.250   1.421e+01   5.362e+00   2.345e+00   3.466e+00  22  sdss  5744  82N  1 
    1  53663.402005  0  25.659  2.073  0.561  1.995  -1.103e+00   3.614e+00   7.668e-01   2.726e+00  19  sdss  5744  82N  1 
   33  53666.473876  1  22.458  0.375  0.088  0.225   3.676e+00   1.230e+00   2.977e-01   7.637e-01  20  sdss  5765  82N  1 
   33  53666.470559  2  21.948  0.233  0.087  0.096   5.981e+00   1.281e+00   4.847e-01   5.362e-01  20  sdss  5765  82N  1 
   32  53666.471388  3  21.036  0.134  0.099  0.046   1.372e+01   1.694e+00   1.265e+00   5.906e-01  25  sdss  5765  82N  1 
   32  53666.473047  4  21.573  0.611  0.275  0.308   7.618e+00   4.969e+00   2.339e+00   2.621e+00  22  sdss  5765  82N  1 
    1  53666.472218  0  25.379  1.982  1.085  2.504  -7.424e-01   3.248e+00   1.266e+00   2.920e+00  19  sdss  5765  82N  1 
   35  53668.393689  1  21.100  0.131  0.063  0.206   1.293e+01   1.535e+00   7.480e-01   2.425e+00  20  sdss  5770  82N  1 
   32  53668.390372  2  21.754  0.257  0.137  0.253   7.162e+00   1.675e+00   9.137e-01   1.685e+00  20  sdss  5770  82N  1 
   32  53668.391201  3  21.958  0.420  0.580  0.338   5.812e+00   2.212e+00   3.193e+00   1.860e+00  25  sdss  5770  82N  1 
   32  53668.392860  4  21.955  1.028  0.617  1.278   4.766e+00   6.767e+00   4.036e+00   8.353e+00  22  sdss  5770  82N  1 
   35  53668.392030  0  22.030  0.671  0.272  1.345   5.915e+00   3.161e+00   1.431e+00   7.074e+00  19  sdss  5770  82N  1 
   33  53669.481361  1  22.984  0.793  0.286  0.792   2.238e+00   1.471e+00   6.080e-01   1.681e+00  20  sdss  5777  82N  1 
   32  53669.478044  2  22.464  0.502  0.281  0.347   3.687e+00   1.648e+00   9.802e-01   1.212e+00  20  sdss  5777  82N  1 
   32  53669.478873  3  21.151  0.212  0.317  0.152   1.233e+01   2.404e+00   3.636e+00   1.739e+00  25  sdss  5777  82N  1 
   32  53669.480532  4  21.242  0.731  0.396  0.602   1.084e+01   7.387e+00   4.365e+00   6.643e+00  22  sdss  5777  82N  1 
    3  53669.479703  0  26.873  1.524  0.791  1.693  -3.949e+00   3.882e+00   2.834e+00   6.068e+00  19  sdss  5777  82N  1 
   32  53670.398372  1  22.185  0.339  0.235  0.418   4.742e+00   1.434e+00   1.026e+00   1.822e+00  20  sdss  5781  82N  1 
  128  53670.395054  2  25.779  1.520  1.910  1.227  -8.898e-01   1.831e+00   2.186e+00   1.404e+00  20  sdss  5781  82N  1 
   32  53670.395884  3  23.064  1.174  1.426  0.704   1.931e+00   2.275e+00   3.054e+00   1.509e+00  25  sdss  5781  82N  1 
   32  53670.397542  4  21.335  0.666  0.587  0.574   9.858e+00   6.365e+00   6.011e+00   5.871e+00  22  sdss  5781  82N  1 
    2  53670.396713  0  26.326  1.662  0.896  2.601  -2.313e+00   3.059e+00   2.007e+00   5.829e+00  19  sdss  5781  82N  1 
   32  53673.366532  1  21.773  0.137  0.032  0.092   6.946e+00   8.676e-01   2.027e-01   5.878e-01  20  sdss  5792  82N  1 
   32  53673.363215  2  21.334  0.113  0.036  0.048   1.056e+01   1.102e+00   3.507e-01   4.689e-01  20  sdss  5792  82N  1 
   32  53673.364044  3  21.536  0.187  0.098  0.067   8.630e+00   1.493e+00   7.893e-01   5.365e-01  25  sdss  5792  82N  1 
   32  53673.365703  4  21.405  0.442  0.188  0.246   9.154e+00   4.141e+00   1.818e+00   2.380e+00  22  sdss  5792  82N  1 
   32  53673.364873  0  22.601  0.667  0.073  0.673   3.443e+00   1.916e+00   2.297e-01   2.127e+00  19  sdss  5792  82N  1 
   32  53675.363335  1  21.897  0.177  0.051  0.170   6.193e+00   9.938e-01   2.906e-01   9.635e-01  20  sdss  5800  82N  1 
   32  53675.360018  2  22.606  0.446  0.228  0.293   3.222e+00   1.306e+00   7.015e-01   9.000e-01  20  sdss  5800  82N  1 
   32  53675.360847  3  21.690  0.268  0.318  0.153   7.475e+00   1.843e+00   2.228e+00   1.074e+00  25  sdss  5800  82N  1 
   32  53675.362506  4  21.666  0.686  0.397  0.542   6.847e+00   5.215e+00   3.147e+00   4.299e+00  22  sdss  5800  82N  1 
   32  53675.361676  0  21.787  0.341  0.157  0.495   7.415e+00   2.166e+00   1.026e+00   3.240e+00  19  sdss  5800  82N  1 
   36  53676.483227  1  24.980  2.063  3.533  1.579   8.139e-02   2.091e+00   2.097e+00   9.369e-01  20  sdss  5808  82N  1 
   45  53676.479910  2  21.957  0.706  1.289  0.220   5.931e+00   3.446e+00   7.117e+00   1.214e+00  20  sdss  5808  82N  1 
   36  53676.480739  3  22.366  1.691  1.726  0.363   3.938e+00   4.647e+00   6.607e+00   1.390e+00  25  sdss  5808  82N  1 
   36  53676.482398  4  21.996  1.626  1.061  0.438   4.499e+00   1.194e+01   6.766e+00   2.791e+00  22  sdss  5808  82N  1 
   36  53676.481568  0  23.594  2.735  1.119  2.975   1.215e+00   6.590e+00   1.608e+00   4.275e+00  19  sdss  5808  82N  1 
   32  53680.371048  1  22.183  0.208  0.054  0.156   4.750e+00   8.984e-01   2.376e-01   6.794e-01  20  sdss  5823  82N  1 
   32  53680.367731  2  21.708  0.170  0.076  0.085   7.474e+00   1.171e+00   5.252e-01   5.868e-01  20  sdss  5823  82N  1 
   32  53680.368560  3  21.596  0.205  0.167  0.078   8.160e+00   1.546e+00   1.276e+00   5.951e-01  25  sdss  5823  82N  1 
   32  53680.370219  4  21.539  0.502  0.243  0.288   7.913e+00   4.234e+00   2.117e+00   2.509e+00  22  sdss  5823  82N  1 
   32  53680.369390  0  22.707  0.747  0.297  0.746   3.109e+00   1.926e+00   8.577e-01   2.150e+00  19  sdss  5823  82N  1 
   44  53683.429735  1  23.186  1.009  0.732  0.424   1.842e+00   1.496e+00   1.300e+00   7.543e-01  20  sdss  5842  82N  1 
   44  53683.426418  2  22.019  0.512  0.803  0.145   5.598e+00   2.496e+00   4.193e+00   7.581e-01  20  sdss  5842  82N  1 
   36  53683.427248  3  20.626  0.155  0.165  0.034   2.004e+01   2.859e+00   3.057e+00   6.248e-01  25  sdss  5842  82N  1 
   37  53683.428906  4  22.696  1.473  0.626  0.483   6.704e-01   9.621e+00   3.078e+00   2.374e+00  22  sdss  5842  82N  1 
   36  53683.428077  0  23.140  2.007  0.827  1.390   2.013e+00   3.730e+00   1.662e+00   2.793e+00  19  sdss  5842  82N  1 
   33  53686.370525  1  23.174  1.015  0.418  0.615   1.863e+00   1.516e+00   7.508e-01   1.105e+00  20  sdss  5866  82N  1 
   33  53686.367208  2  21.806  0.256  0.134  0.140   6.825e+00   1.593e+00   8.512e-01   8.887e-01  20  sdss  5866  82N  1 
   32  53686.368038  3  21.307  0.195  0.195  0.090   1.068e+01   1.919e+00   1.942e+00   8.906e-01  25  sdss  5866  82N  1 
   32  53686.369696  4  21.167  0.437  0.266  0.293   1.170e+01   4.941e+00   3.130e+00   3.447e+00  22  sdss  5866  82N  1 
    1  53686.368867  0  26.358  1.635  0.680  1.387  -2.390e+00   3.050e+00   1.565e+00   3.192e+00  19  sdss  5866  82N  1 
   35  53687.428044  1  23.255  2.685  5.550  2.476   1.720e+00   4.119e+00   9.291e+00   4.147e+00  20  sdss  5872  82N  1 
   35  53687.424727  2  22.443  1.727  1.465  0.999   3.761e+00   4.020e+00   5.212e+00   3.553e+00  20  sdss  5872  82N  1 
    3  53687.425556  3  25.260  2.081  6.248  2.313  -1.189e+00   4.428e+00   1.010e+01   3.737e+00  25  sdss  5872  82N  1 
   34  53687.427215  4  21.391  1.451  1.548  1.592   9.292e+00   1.234e+01   1.515e+01   1.558e+01  22  sdss  5872  82N  1 
  163  53687.426385  0  21.824  2.789  1.558  2.318   7.164e+00   9.577e+00   9.862e+00   1.468e+01  19  sdss  5872  82N  1 
   35  53693.372777  1  23.437  2.043  1.264  1.566   1.435e+00   2.457e+00   1.813e+00   2.247e+00  20  sdss  5878  82N  1 
   33  53693.369460  2  22.831  0.923  0.646  0.490   2.595e+00   1.976e+00   1.629e+00   1.235e+00  20  sdss  5878  82N  1 
    1  53693.370289  3  25.470  1.412  2.774  0.955  -1.552e+00   2.565e+00   5.161e+00   1.776e+00  25  sdss  5878  82N  1 
   32  53693.371948  4  21.114  0.614  0.392  0.561   1.235e+01   7.016e+00   4.816e+00   6.888e+00  22  sdss  5878  82N  1 
   35  53693.371118  0  20.816  0.373  0.171  0.407   1.822e+01   5.721e+00   2.735e+00   6.485e+00  19  sdss  5878  82N  1 
   32  53699.393534  1  22.999  0.588  0.280  0.462   2.207e+00   1.139e+00   5.857e-01   9.669e-01  20  sdss  5902  82N  1 
   32  53699.390217  2  22.270  0.316  0.213  0.170   4.427e+00   1.279e+00   8.866e-01   7.052e-01  20  sdss  5902  82N  1 
   48  53699.391046  3  21.552  0.222  0.298  0.105   8.502e+00   1.740e+00   2.367e+00   8.328e-01  25  sdss  5902  82N  1 
   32  53699.392705  4  20.598  0.253  0.165  0.165   2.041e+01   4.800e+00   3.176e+00   3.173e+00  22  sdss  5902  82N  1 
    0  53699.391875  0  25.575  1.767  1.220  2.619  -9.872e-01   2.716e+00   1.582e+00   3.397e+00  19  sdss  5902  82N  1 
   32  53704.356175  1  22.036  0.225  0.165  0.253   5.444e+00   1.110e+00   8.258e-01   1.265e+00  20  sdss  5918  82N  1 
   40  53704.352858  2  21.854  0.260  0.383  0.243   6.527e+00   1.549e+00   2.321e+00   1.473e+00  20  sdss  5918  82N  1 
   48  53704.353687  3  21.519  0.277  0.687  0.224   8.767e+00   2.225e+00   5.625e+00   1.838e+00  25  sdss  5918  82N  1 
   32  53704.355346  4  21.152  0.520  0.394  0.433   1.188e+01   5.867e+00   4.680e+00   5.150e+00  22  sdss  5918  82N  1 
   32  53704.354516  0  22.157  0.581  0.432  0.971   5.250e+00   2.506e+00   2.023e+00   4.553e+00  19  sdss  5918  82N  1 
