# SDSS CID:  11914 IAU:          RA: 342.457062 DEC:   1.189651  (J2000)
# GALAXY_SB [ugriz] = [ 23.96 22.19 21.13 20.60 20.24 ] +/- [  0.31  0.03  0.02  0.02  0.03 ] (asinh mag/square arcsec)
# GALAXY_SB_FLUX [ugriz] = [  6.990E-01  4.700E+00  1.275E+01  2.048E+01  2.844E+01 ] +/- [  3.583E-01  1.163E-01  1.928E-01  3.061E-01  9.059E-01 ] (microJy per square arcsec)
#FLAG  MJD       FILT  MAG     MERR  MSKYERR MGALERR  FLUX       FLUXERR    SKYERR     GALERR    NPRE TELE   RUN  STRIP  IDCCD
   32  53616.266881  1  24.821  1.126  0.961  1.879   1.770e-01   8.006e-01   5.871e-01   1.148e+00  12  sdss  5566  82N  6 
    0  53616.263564  2  26.601  0.569  0.256  0.638  -2.191e+00   1.164e+00   5.599e-01   1.395e+00  14  sdss  5566  82N  6 
    0  53616.264393  3  24.726  1.208  0.528  1.594  -4.395e-01   1.781e+00   6.618e-01   1.996e+00  15  sdss  5566  82N  6 
    0  53616.266052  4  23.846  0.839  0.329  0.903  -5.694e+00   5.828e+00   2.355e+00   6.468e+00  14  sdss  5566  82N  6 
   40  53616.265223  0  23.229  1.183  1.391  1.674   1.835e+00   1.982e+00   2.644e+00   3.182e+00  9  sdss  5566  82N  6 
  160  53623.257109  1  23.061  0.547  0.155  0.531   2.078e+00   1.027e+00   3.110e-01   1.069e+00  12  sdss  5590  82N  6 
   44  53623.253792  2  23.257  1.237  0.779  0.572   1.695e+00   1.850e+00   1.377e+00   1.011e+00  14  sdss  5590  82N  6 
 1156  53623.254621  3  29.854  0.114  0.047  0.020  -1.012e+02   1.065e+01   4.414e+00   1.842e+00  15  sdss  5590  82N  6 
 1188  53623.256280  4  19.689  2.691  1.682  0.212   4.776e+01   5.654e+01   7.435e+01   9.393e+00  14  sdss  5590  82N  6 
 1164  53623.255451  0  20.453  4.095  1.977  0.116   2.545e+01   3.357e+01   4.489e+01   2.629e+00  9  sdss  5590  82N  6 
   33  53626.243447  1  24.509  1.231  0.603  0.815   3.775e-01   9.421e-01   4.127e-01   5.579e-01  12  sdss  5603  82N  6 
    1  53626.240130  2  25.927  1.101  0.469  0.855  -1.069e+00   1.328e+00   5.978e-01   1.090e+00  14  sdss  5603  82N  6 
   40  53626.240959  3  22.176  0.444  0.691  0.346   4.730e+00   1.926e+00   3.143e+00   1.572e+00  15  sdss  5603  82N  6 
   32  53626.242618  4  22.234  0.985  0.268  0.740   3.068e+00   5.920e+00   1.510e+00   4.173e+00  14  sdss  5603  82N  6 
   33  53626.241788  0  23.390  1.341  0.674  1.077   1.541e+00   2.079e+00   1.132e+00   1.811e+00  9  sdss  5603  82N  6 
   33  53628.228406  1  24.260  1.512  0.365  0.715   5.594e-01   1.305e+00   2.858e-01   5.605e-01  12  sdss  5610  82N  6 
   33  53628.225089  2  22.723  0.618  0.179  0.384   2.880e+00   1.586e+00   4.991e-01   1.073e+00  14  sdss  5610  82N  6 
   33  53628.225918  3  21.696  0.284  0.063  0.210   7.437e+00   1.947e+00   4.403e-01   1.474e+00  15  sdss  5610  82N  6 
   32  53628.227576  4  21.814  0.790  0.116  0.654   5.728e+00   5.505e+00   8.322e-01   4.695e+00  14  sdss  5610  82N  6 
  129  53628.226747  0  25.609  1.945  0.548  1.622  -1.033e+00   3.210e+00   7.326e-01   2.168e+00  9  sdss  5610  82N  6 
    1  53635.236634  1  25.172  1.216  0.405  0.854  -3.201e-02   8.754e-01   2.385e-01   5.036e-01  12  sdss  5622  82N  6 
   32  53635.233317  2  24.383  1.224  0.229  1.181   3.434e-01   1.231e+00   1.971e-01   1.016e+00  14  sdss  5622  82N  6 
    0  53635.234147  3  25.024  1.084  0.351  0.990  -8.339e-01   1.638e+00   4.961e-01   1.401e+00  15  sdss  5622  82N  6 
   32  53635.235805  4  22.810  0.845  0.459  0.830   1.119e-01   4.548e+00   2.239e+00   4.051e+00  14  sdss  5622  82N  6 
    1  53635.234976  0  27.219  0.443  0.089  0.364  -5.473e+00   2.095e+00   4.441e-01   1.812e+00  9  sdss  5622  82N  6 
   33  53637.229517  1  24.592  1.335  1.323  2.200   3.220e-01   1.036e+00   8.726e-01   1.452e+00  12  sdss  5633  82N  6 
    0  53637.226200  2  26.258  1.012  0.319  1.271  -1.545e+00   1.472e+00   5.248e-01   2.090e+00  14  sdss  5633  82N  6 
  128  53637.227029  3  24.740  1.400  0.861  2.603  -4.570e-01   2.193e+00   1.082e+00   3.275e+00  15  sdss  5633  82N  6 
   32  53637.228687  4  22.489  1.192  1.101  1.833   1.707e+00   7.190e+00   5.642e+00   9.394e+00  14  sdss  5633  82N  6 
  168  53637.227858  0  23.735  1.679  2.204  3.645   1.016e+00   2.523e+00   2.923e+00   4.834e+00  9  sdss  5633  82N  6 
   32  53644.221923  1  23.792  0.525  0.179  0.354   9.898e-01   5.503e-01   1.947e-01   3.851e-01  12  sdss  5670  82N  6 
   32  53644.218606  2  22.165  0.202  0.052  0.135   4.882e+00   9.200e-01   2.389e-01   6.215e-01  14  sdss  5670  82N  6 
   32  53644.219435  3  22.322  0.365  0.091  0.262   4.112e+00   1.412e+00   3.628e-01   1.046e+00  15  sdss  5670  82N  6 
   32  53644.221093  4  21.232  0.390  0.051  0.273   1.096e+01   4.243e+00   5.667e-01   3.056e+00  14  sdss  5670  82N  6 
    0  53644.220264  0  25.281  1.160  0.084  1.142  -6.287e-01   1.433e+00   9.449e-02   1.279e+00  9  sdss  5670  82N  6 
   32  53654.255750  1  23.957  0.859  0.330  0.775   8.218e-01   7.807e-01   3.174e-01   7.452e-01  12  sdss  5709  82N  6 
 1053  53654.252433  2  24.846  1.506 21.408  1.078  -3.481e-02   1.628e+00   1.712e+01   8.621e-01  14  sdss  5709  82N  6 
   24  53654.253262  3  24.504  1.167  2.576  1.158  -1.686e-01   1.669e+00   3.077e+00   1.383e+00  15  sdss  5709  82N  6 
   32  53654.254920  4  21.957  0.851  0.563  0.755   4.748e+00   5.542e+00   3.689e+00   4.941e+00  14  sdss  5709  82N  6 
   32  53654.254091  0  23.805  1.327  0.161  1.490   9.243e-01   1.795e+00   2.052e-01   1.895e+00  9  sdss  5709  82N  6 
   35  53656.203364  1  23.667  1.840  0.557  1.340   1.132e+00   1.991e+00   6.695e-01   1.611e+00  12  sdss  5719  82N  6 
    1  53656.200047  2  26.366  1.463  0.210  1.326  -1.729e+00   2.179e+00   3.766e-01   2.379e+00  14  sdss  5719  82N  6 
    1  53656.200877  3  26.050  1.139  0.581  1.292  -2.907e+00   2.801e+00   1.712e+00   3.809e+00  15  sdss  5719  82N  6 
   32  53656.202535  4  22.567  1.319  0.896  2.331   1.311e+00   8.214e+00   4.501e+00   1.171e+01  14  sdss  5719  82N  6 
   35  53656.201706  0  23.336  2.244  0.772  2.906   1.635e+00   4.367e+00   1.351e+00   5.085e+00  9  sdss  5719  82N  6 
  161  53663.216097  1  24.573  1.282  0.483  0.622   3.345e-01   9.829e-01   3.215e-01   4.141e-01  12  sdss  5744  82N  6 
   33  53663.212782  2  22.356  0.307  0.078  0.179   4.082e+00   1.161e+00   3.007e-01   6.940e-01  14  sdss  5744  82N  6 
   32  53663.213611  3  21.946  0.305  0.091  0.219   5.881e+00   1.665e+00   5.071e-01   1.222e+00  15  sdss  5744  82N  6 
   32  53663.215270  4  21.972  0.706  0.271  0.519   4.650e+00   4.546e+00   1.760e+00   3.364e+00  14  sdss  5744  82N  6 
    1  53663.214440  0  25.117  1.666  0.785  1.355  -4.498e-01   2.359e+00   8.231e-01   1.421e+00  9  sdss  5744  82N  6 
   32  53668.205645  1  24.884  1.016  0.732  1.627   1.390e-01   6.966e-01   4.415e-01   9.806e-01  12  sdss  5770  82N  6 
    0  53668.202328  2  26.527  0.676  0.230  0.843  -2.035e+00   1.273e+00   4.717e-01   1.731e+00  14  sdss  5770  82N  6 
   32  53668.203157  3  22.623  0.699  0.172  0.777   3.059e+00   1.961e+00   5.282e-01   2.391e+00  15  sdss  5770  82N  6 
    0  53668.204816  4  22.890  1.065  0.153  1.299  -2.787e-01   6.075e+00   7.463e-01   6.343e+00  14  sdss  5770  82N  6 
   32  53668.203987  0  24.227  1.419  0.601  3.325   4.360e-01   1.838e+00   6.278e-01   3.471e+00  9  sdss  5770  82N  6 
    0  53670.210125  1  26.122  0.729  0.177  0.699  -6.789e-01   6.113e-01   1.522e-01   6.022e-01  12  sdss  5781  82N  6 
   32  53670.206808  2  23.144  0.642  0.207  0.688   1.902e+00   1.155e+00   4.012e-01   1.335e+00  14  sdss  5781  82N  6 
   32  53670.207637  3  23.785  1.154  0.702  1.393   7.152e-01   1.734e+00   9.532e-01   1.892e+00  15  sdss  5781  82N  6 
   32  53670.209295  4  21.210  0.451  0.195  0.369   1.121e+01   4.945e+00   2.231e+00   4.208e+00  14  sdss  5781  82N  6 
    0  53670.208466  0  26.632  0.586  0.215  0.807  -3.130e+00   1.606e+00   6.353e-01   2.383e+00  9  sdss  5781  82N  6 
    0  53673.178007  1  26.344  0.710  0.236  0.889  -8.857e-01   6.797e-01   2.383e-01   8.976e-01  12  sdss  5792  82N  6 
    0  53673.174690  2  27.221  0.322  0.148  0.417  -3.979e+00   1.187e+00   5.606e-01   1.579e+00  14  sdss  5792  82N  6 
   32  53673.175519  3  23.179  0.917  0.355  1.003   1.694e+00   1.694e+00   6.982e-01   1.974e+00  15  sdss  5792  82N  6 
    0  53673.177177  4  24.957  0.291  0.225  0.329  -1.835e+01   5.011e+00   3.954e+00   5.783e+00  14  sdss  5792  82N  6 
    0  53673.176348  0  24.827  1.375  1.185  3.064  -1.571e-01   1.723e+00   1.160e+00   2.999e+00  9  sdss  5792  82N  6 
   32  53675.174619  1  24.642  0.961  0.113  1.336   2.895e-01   6.748e-01   7.341e-02   8.641e-01  12  sdss  5800  82N  6 
    0  53675.171303  2  26.442  0.704  0.388  0.810  -1.869e+00   1.233e+00   7.420e-01   1.548e+00  14  sdss  5800  82N  6 
    0  53675.172132  3  25.698  0.915  0.394  1.060  -2.012e+00   1.851e+00   8.721e-01   2.345e+00  15  sdss  5800  82N  6 
    0  53675.173790  4  23.733  0.841  0.357  0.917  -4.914e+00   5.533e+00   2.375e+00   6.101e+00  14  sdss  5800  82N  6 
    0  53675.172961  0  26.400  0.757  0.052  1.154  -2.491e+00   1.656e+00   1.263e-01   2.796e+00  9  sdss  5800  82N  6 
   40  53677.195625  1  23.442  0.387  0.169  0.297   1.429e+00   5.441e-01   2.451e-01   4.294e-01  12  sdss  5813  82N  6 
    0  53677.192308  2  26.057  0.707  0.251  0.532  -1.240e+00   9.384e-01   3.521e-01   7.462e-01  14  sdss  5813  82N  6 
   32  53677.193137  3  22.779  0.576  0.192  0.466   2.613e+00   1.466e+00   5.189e-01   1.257e+00  15  sdss  5813  82N  6 
   32  53677.194796  4  20.987  0.318  0.097  0.252   1.401e+01   4.291e+00   1.339e+00   3.470e+00  14  sdss  5813  82N  6 
    0  53677.193967  0  26.263  0.704  0.041  0.662  -2.169e+00   1.402e+00   8.893e-02   1.433e+00  9  sdss  5813  82N  6 
    0  53680.181873  1  25.879  0.810  0.177  0.806  -4.852e-01   6.070e-01   1.312e-01   5.972e-01  12  sdss  5823  82N  6 
    0  53680.178556  2  26.406  0.618  0.147  0.603  -1.801e+00   1.070e+00   2.726e-01   1.118e+00  14  sdss  5823  82N  6 
    0  53680.179385  3  26.051  0.555  0.217  0.545  -2.910e+00   1.542e+00   6.407e-01   1.609e+00  15  sdss  5823  82N  6 
   32  53680.181044  4  22.506  0.832  0.147  0.959   1.620e+00   4.586e+00   7.481e-01   4.889e+00  14  sdss  5823  82N  6 
   40  53680.180215  0  24.226  1.237  1.217  2.201   4.372e-01   1.514e+00   1.270e+00   2.298e+00  9  sdss  5823  82N  6 
   33  53693.182510  1  24.694  1.459  0.462  0.966   2.563e-01   1.164e+00   2.935e-01   6.132e-01  12  sdss  5878  82N  6 
    1  53693.179194  2  26.533  0.706  0.115  0.475  -2.047e+00   1.326e+00   2.380e-01   9.803e-01  14  sdss  5878  82N  6 
    0  53693.180023  3  25.380  1.113  0.205  1.062  -1.390e+00   1.899e+00   3.593e-01   1.860e+00  15  sdss  5878  82N  6 
    0  53693.181681  4  23.026  0.906  0.520  1.007  -9.473e-01   4.992e+00   2.575e+00   4.991e+00  14  sdss  5878  82N  6 
    1  53693.180852  0  22.230  0.824  0.432  0.570   4.900e+00   3.162e+00   1.934e+00   2.551e+00  9  sdss  5878  82N  6 
   32  53698.179426  1  24.238  0.939  0.561  0.953   5.767e-01   7.440e-01   4.457e-01   7.570e-01  12  sdss  5898  82N  6 
    0  53698.176109  2  26.777  0.566  0.184  0.479  -2.603e+00   1.344e+00   4.695e-01   1.221e+00  14  sdss  5898  82N  6 
    0  53698.176938  3  26.152  0.680  0.274  0.566  -3.219e+00   1.998e+00   8.807e-01   1.820e+00  15  sdss  5898  82N  6 
  160  53698.178597  4  22.334  1.079  0.240  1.119   2.516e+00   6.463e+00   1.293e+00   6.043e+00  14  sdss  5898  82N  6 
  132  53698.177768  0  25.216  1.488  0.270  2.565  -5.567e-01   1.995e+00   2.942e-01   2.793e+00  9  sdss  5898  82N  6 
    4  53699.202826  1  26.524  0.985  0.459  0.469  -1.080e+00   1.024e+00   5.331e-01   5.440e-01  12  sdss  5902  82N  6 
  188  53699.199509  2  22.376  0.798  1.455  0.293   4.006e+00   2.625e+00   5.544e+00   1.117e+00  14  sdss  5902  82N  6 
   44  53699.200338  3  23.029  1.352  1.094  0.745   2.007e+00   2.669e+00   2.414e+00   1.644e+00  15  sdss  5902  82N  6 
 1188  53699.201996  4  21.799  1.284  0.102  0.507   5.837e+00   9.199e+00   7.435e-01   3.682e+00  14  sdss  5902  82N  6 
  164  53699.201167  0  23.324  1.857  0.339  1.322   1.656e+00   3.189e+00   5.981e-01   2.335e+00  9  sdss  5902  82N  6 
  160  53702.174073  2  20.954  0.363  0.397  0.570   1.500e+01   4.887e+00   5.552e+00   7.959e+00  14  sdss  5909  82N  6 
 1184  53702.176560  4  21.221  2.273  1.976  3.170   1.108e+01   2.371e+01   2.234e+01   3.583e+01  14  sdss  5909  82N  6 
 1184  53702.175731  0  21.931  1.658  0.612  2.618   6.487e+00   6.161e+00   3.586e+00   1.535e+01  9  sdss  5909  82N  6 
    0  53704.165143  1  25.936  0.821  0.391  0.754  -5.287e-01   6.298e-01   2.994e-01   5.774e-01  12  sdss  5918  82N  6 
    0  53704.161827  2  24.962  1.113  0.244  1.245  -1.279e-01   1.059e+00   1.967e-01   1.006e+00  14  sdss  5918  82N  6 
   32  53704.162656  3  22.838  0.689  0.198  0.615   2.458e+00   1.640e+00   5.086e-01   1.582e+00  15  sdss  5918  82N  6 
   32  53704.164314  4  21.289  0.466  0.199  0.394   1.034e+01   4.795e+00   2.122e+00   4.209e+00  14  sdss  5918  82N  6 
   40  53704.163485  0  24.318  1.276  1.582  2.111   3.424e-01   1.566e+00   1.607e+00   2.145e+00  9  sdss  5918  82N  6 
