# SDSS CID:   2057 IAU:          RA: 320.399689 DEC:  -0.317077  (J2000)
# GALAXY_SB [ugriz] = [ 23.10 22.38 21.64 21.23 20.85 ] +/- [  0.18  0.03  0.02  0.02  0.04 ] (asinh mag/square arcsec)
# GALAXY_SB_FLUX [ugriz] = [  2.024E+00  3.955E+00  7.949E+00  1.148E+01  1.592E+01 ] +/- [  3.812E-01  1.060E-01  1.303E-01  1.744E-01  6.835E-01 ] (microJy per square arcsec)
#FLAG  MJD       FILT  MAG     MERR  MSKYERR MGALERR  FLUX       FLUXERR    SKYERR     GALERR    NPRE TELE   RUN  STRIP  IDCCD
   32  53622.218521  1  22.702  0.308  0.066  0.520   2.925e+00   8.271e-01   1.812e-01   1.432e+00  8  sdss  5582  82S  3 
   32  53622.215204  2  22.050  0.231  0.110  0.266   5.438e+00   1.152e+00   5.548e-01   1.347e+00  9  sdss  5582  82S  3 
   32  53622.216033  3  22.396  0.494  0.333  0.487   3.827e+00   1.737e+00   1.234e+00   1.808e+00  10  sdss  5582  82S  3 
   32  53622.217692  4  21.626  0.889  0.758  0.993   7.174e+00   6.846e+00   6.233e+00   8.159e+00  10  sdss  5582  82S  3 
    8  53622.216862  0  25.921  1.434  1.827  3.028  -1.506e+00   2.231e+00   3.046e+00   5.050e+00  7  sdss  5582  82S  3 
    1  53625.214552  1  21.595  0.087  0.019  0.039   8.191e+00   6.573e-01   1.435e-01   2.916e-01  8  sdss  5597  82S  3 
    0  53625.211235  2  21.395  0.089  0.012  0.026   9.985e+00   8.155e-01   1.145e-01   2.436e-01  9  sdss  5597  82S  3 
    0  53625.212064  3  21.446  0.136  0.018  0.035   9.389e+00   1.175e+00   1.564e-01   3.062e-01  10  sdss  5597  82S  3 
    0  53625.213722  4  21.319  0.339  0.101  0.126   1.002e+01   3.468e+00   1.054e+00   1.317e+00  10  sdss  5597  82S  3 
  160  53625.212893  0  24.405  1.188  0.382  1.014   2.544e-01   1.409e+00   3.802e-01   1.009e+00  7  sdss  5597  82S  3 
    1  53627.175247  1  21.375  0.116  0.019  0.048   1.004e+01   1.070e+00   1.740e-01   4.471e-01  8  sdss  5607  82S  3 
    1  53627.171930  2  21.162  0.097  0.019  0.039   1.239e+01   1.106e+00   2.224e-01   4.437e-01  9  sdss  5607  82S  3 
    0  53627.172759  3  20.998  0.113  0.028  0.043   1.422e+01   1.477e+00   3.675e-01   5.615e-01  10  sdss  5607  82S  3 
   32  53627.174417  4  22.018  0.742  0.074  0.409   4.359e+00   4.689e+00   4.705e-01   2.584e+00  10  sdss  5607  82S  3 
   33  53627.173588  0  23.333  1.545  0.514  1.059   1.640e+00   2.503e+00   9.084e-01   1.872e+00  7  sdss  5607  82S  3 
    1  53634.167421  1  21.188  0.242  0.106  0.236   1.192e+01   2.612e+00   1.162e+00   2.590e+00  8  sdss  5619  82S  3 
   34  53634.164104  2  21.256  0.179  0.129  0.262   1.135e+01   1.861e+00   1.356e+00   2.743e+00  9  sdss  5619  82S  3 
   34  53634.164933  3  20.933  0.179  0.159  0.253   1.511e+01   2.477e+00   2.210e+00   3.517e+00  10  sdss  5619  82S  3 
  128  53634.166591  4  23.016  1.639  2.189  3.655  -8.958e-01   1.142e+01   1.083e+01   1.808e+01  10  sdss  5619  82S  3 
    9  53634.165762  0  21.399  1.052  0.805  1.223   1.064e+01   7.877e+00   7.754e+00   1.178e+01  7  sdss  5619  82S  3 
    8  53636.172774  1  21.242  0.059  0.025  0.040   1.135e+01   6.109e-01   2.565e-01   4.171e-01  8  sdss  5628  82S  3 
    8  53636.169457  2  20.851  0.059  0.043  0.031   1.650e+01   8.901e-01   6.459e-01   4.652e-01  9  sdss  5628  82S  3 
    0  53636.170286  3  20.861  0.085  0.033  0.037   1.614e+01   1.266e+00   4.957e-01   5.467e-01  10  sdss  5628  82S  3 
   32  53636.171944  4  21.496  0.442  0.245  0.243   8.295e+00   3.896e+00   2.221e+00   2.209e+00  10  sdss  5628  82S  3 
  160  53636.171115  0  23.162  0.842  0.312  0.922   1.969e+00   1.542e+00   6.297e-01   1.863e+00  7  sdss  5628  82S  3 
   33  53655.143297  1  22.192  0.285  0.068  0.176   4.712e+00   1.218e+00   2.978e-01   7.674e-01  8  sdss  5713  82S  3 
   33  53655.139980  2  22.152  0.303  0.102  0.194   4.944e+00   1.363e+00   4.713e-01   8.964e-01  9  sdss  5713  82S  3 
   32  53655.140810  3  21.581  0.218  0.083  0.110   8.280e+00   1.660e+00   6.418e-01   8.456e-01  10  sdss  5713  82S  3 
  160  53655.142468  4  21.164  0.473  0.216  0.269   1.174e+01   5.376e+00   2.560e+00   3.200e+00  10  sdss  5713  82S  3 
  161  53655.141639  0  23.985  1.958  1.659  3.121   7.035e-01   3.173e+00   1.921e+00   3.613e+00  7  sdss  5713  82S  3 
   33  53664.167736  1  23.550  0.794  0.281  0.463   1.279e+00   9.460e-01   3.694e-01   6.089e-01  8  sdss  5754  82S  3 
   32  53664.164419  2  21.947  0.210  0.061  0.134   5.985e+00   1.153e+00   3.365e-01   7.466e-01  9  sdss  5754  82S  3 
   32  53664.165248  3  21.814  0.250  0.109  0.149   6.660e+00   1.536e+00   6.782e-01   9.271e-01  10  sdss  5754  82S  3 
   32  53664.166906  4  22.094  0.758  0.491  0.518   3.889e+00   4.645e+00   2.971e+00   3.139e+00  10  sdss  5754  82S  3 
    1  53664.166077  0  27.216  0.478  0.040  0.480  -5.459e+00   2.263e+00   1.997e-01   2.408e+00  7  sdss  5754  82S  3 
   32  53666.131052  1  23.727  0.449  0.045  0.264   1.062e+00   4.959e-01   5.121e-02   3.009e-01  8  sdss  5763  82S  3 
    0  53666.127735  2  22.052  0.155  0.023  0.054   5.428e+00   7.774e-01   1.160e-01   2.712e-01  9  sdss  5763  82S  3 
    0  53666.128565  3  21.620  0.166  0.032  0.045   7.985e+00   1.228e+00   2.348e-01   3.338e-01  10  sdss  5763  82S  3 
    0  53666.130223  4  22.887  0.728  0.089  0.286  -2.635e-01   3.826e+00   4.336e-01   1.397e+00  10  sdss  5763  82S  3 
  128  53666.129394  0  25.089  1.097  0.396  1.218  -4.202e-01   1.293e+00   4.121e-01   1.267e+00  7  sdss  5763  82S  3 
   32  53669.126374  1  24.268  0.641  0.136  0.409   5.530e-01   4.953e-01   1.056e-01   3.182e-01  8  sdss  5776  82S  3 
    0  53669.123057  2  22.060  0.156  0.040  0.064   5.388e+00   7.780e-01   2.001e-01   3.214e-01  9  sdss  5776  82S  3 
   32  53669.123887  3  21.769  0.184  0.037  0.058   6.946e+00   1.181e+00   2.384e-01   3.796e-01  10  sdss  5776  82S  3 
   32  53669.125545  4  22.232  0.636  0.234  0.259   3.084e+00   3.662e+00   1.320e+00   1.461e+00  10  sdss  5776  82S  3 
    0  53669.124716  0  25.750  0.973  0.053  0.865  -1.233e+00   1.378e+00   7.818e-02   1.275e+00  7  sdss  5776  82S  3 
   32  53674.110374  1  24.491  0.741  0.078  0.608   3.903e-01   5.249e-01   5.359e-02   4.195e-01  8  sdss  5797  82S  3 
   32  53674.107057  2  22.564  0.266  0.102  0.137   3.353e+00   8.313e-01   3.258e-01   4.346e-01  9  sdss  5797  82S  3 
   32  53674.107887  3  21.922  0.224  0.077  0.097   6.016e+00   1.251e+00   4.328e-01   5.490e-01  10  sdss  5797  82S  3 
   32  53674.109545  4  21.833  0.592  0.281  0.342   5.595e+00   4.116e+00   1.997e+00   2.430e+00  10  sdss  5797  82S  3 
    0  53674.108716  0  26.364  0.692  0.049  0.795  -2.404e+00   1.506e+00   1.167e-01   1.888e+00  7  sdss  5797  82S  3 
   40  53676.199601  1  23.935  0.538  0.242  0.374   8.427e-01   5.073e-01   2.357e-01   3.637e-01  8  sdss  5807  82S  3 
   32  53676.196284  2  22.501  0.252  0.067  0.120   3.560e+00   8.347e-01   2.260e-01   4.041e-01  9  sdss  5807  82S  3 
   32  53676.197113  3  22.629  0.411  0.153  0.146   3.042e+00   1.205e+00   4.636e-01   4.437e-01  10  sdss  5807  82S  3 
   40  53676.198772  4  21.808  0.504  0.392  0.244   5.774e+00   3.570e+00   2.830e+00   1.760e+00  10  sdss  5807  82S  3 
    8  53676.197942  0  25.376  1.154  0.793  1.283  -7.388e-01   1.456e+00   9.321e-01   1.509e+00  7  sdss  5807  82S  3 
   40  53679.171144  1  24.781  1.042  1.120  2.039   2.017e-01   7.277e-01   6.911e-01   1.258e+00  8  sdss  5820  82S  3 
   32  53679.167827  2  23.066  0.537  0.259  0.507   2.059e+00   1.042e+00   5.324e-01   1.041e+00  9  sdss  5820  82S  3 
   32  53679.168656  3  21.836  0.254  0.101  0.226   6.523e+00   1.525e+00   6.146e-01   1.380e+00  10  sdss  5820  82S  3 
   32  53679.170315  4  22.122  0.824  0.193  0.929   3.721e+00   5.017e+00   1.152e+00   5.539e+00  10  sdss  5820  82S  3 
   34  53679.169485  0  23.001  1.156  0.192  2.224   2.324e+00   2.239e+00   4.426e-01   5.133e+00  7  sdss  5820  82S  3 
    8  53681.162425  1  25.741  0.831  0.449  0.598  -3.870e-01   5.930e-01   3.091e-01   4.115e-01  8  sdss  5836  82S  3 
   56  53681.159108  2  22.840  0.383  0.566  0.162   2.572e+00   9.228e-01   1.412e+00   4.045e-01  9  sdss  5836  82S  3 
   32  53681.159937  3  22.101  0.279  0.090  0.097   5.080e+00   1.318e+00   4.346e-01   4.664e-01  10  sdss  5836  82S  3 
   36  53681.161596  4  22.311  0.737  0.395  0.336   2.646e+00   4.182e+00   2.157e+00   1.833e+00  10  sdss  5836  82S  3 
    0  53681.160766  0  25.668  1.194  0.320  1.095  -1.115e+00   1.653e+00   4.463e-01   1.528e+00  7  sdss  5836  82S  3 
   25  53685.121025  1  26.735  1.454  3.732  0.408  -1.345e+00   1.630e+00   5.111e+00   5.596e-01  8  sdss  5853  82S  3 
   33  53685.117708  2  22.420  0.461  0.118  0.179   3.843e+00   1.584e+00   4.279e-01   6.480e-01  9  sdss  5853  82S  3 
   57  53685.118537  3  22.763  0.675  1.035  0.246   2.656e+00   1.694e+00   2.806e+00   6.670e-01  10  sdss  5853  82S  3 
   56  53685.120196  4  22.331  0.842  1.982  0.492   2.537e+00   4.820e+00   1.072e+01   2.663e+00  10  sdss  5853  82S  3 
  129  53685.119366  0  25.987  2.037  1.344  1.324  -1.620e+00   3.677e+00   2.354e+00   2.321e+00  7  sdss  5853  82S  3 
    1  53687.159418  1  26.099  1.921  0.793  1.102  -6.595e-01   1.923e+00   6.698e-01   9.316e-01  8  sdss  5870  82S  3 
   33  53687.156101  2  24.691  1.401  0.408  0.777   8.907e-02   1.459e+00   3.276e-01   6.242e-01  9  sdss  5870  82S  3 
   33  53687.156931  3  22.913  0.755  0.190  0.316   2.272e+00   1.673e+00   4.561e-01   7.591e-01  10  sdss  5870  82S  3 
    0  53687.158589  4  23.462  0.884  0.136  0.671  -3.243e+00   5.272e+00   7.775e-01   3.839e+00  10  sdss  5870  82S  3 
    1  53687.157760  0  26.468  2.162  0.190  0.948  -2.666e+00   4.541e+00   4.937e-01   2.457e+00  7  sdss  5870  82S  3 
 1036  53697.117930  1  27.207  1.885  1.193  0.357  -2.142e+00   2.670e+00   2.450e+00   7.328e-01  8  sdss  5895  82S  3 
 1068  53697.114613  2  23.517  2.454  2.797  0.326   1.284e+00   4.300e+00   3.983e+00   4.648e-01  9  sdss  5895  82S  3 
 1060  53697.115442  3  22.532  2.077  0.572  0.186   3.350e+00   5.326e+00   1.888e+00   6.145e-01  10  sdss  5895  82S  3 
 1028  53697.117101  4  23.347  2.151  1.141  0.513  -2.603e+00   1.900e+01   6.204e+00   2.791e+00  10  sdss  5895  82S  3 
 1060  53697.116271  0  22.665  2.684  1.228  0.706   3.238e+00   6.932e+00   3.776e+00   2.172e+00  7  sdss  5895  82S  3 
    0  53700.116541  1  26.387  0.952  0.275  0.980  -9.296e-01   9.120e-01   2.851e-01   1.017e+00  8  sdss  5905  82S  3 
   60  53700.113224  2  24.626  1.591  7.013  1.104   1.416e-01   1.783e+00   5.678e+00   8.933e-01  9  sdss  5905  82S  3 
   32  53700.114053  3  23.233  0.923  0.494  0.562   1.591e+00   1.648e+00   9.289e-01   1.056e+00  10  sdss  5905  82S  3 
    0  53700.115712  4  22.901  1.096  0.684  0.927  -3.318e-01   6.307e+00   3.342e+00   4.529e+00  10  sdss  5905  82S  3 
  132  53700.114883  0  25.476  1.624  0.481  2.961  -8.597e-01   2.355e+00   5.970e-01   3.674e+00  7  sdss  5905  82S  3 
    0  53705.102949  1  25.123  0.969  0.487  1.358  -2.717e-03   6.496e-01   2.866e-01   7.996e-01  8  sdss  5924  82S  3 
   32  53705.099632  2  24.646  1.051  0.261  1.050   1.254e-01   9.814e-01   2.110e-01   8.472e-01  9  sdss  5924  82S  3 
   32  53705.100461  3  22.879  0.623  0.260  0.398   2.356e+00   1.445e+00   6.410e-01   9.807e-01  10  sdss  5924  82S  3 
   32  53705.102119  4  21.718  0.627  0.323  0.414   6.444e+00   4.664e+00   2.484e+00   3.186e+00  10  sdss  5924  82S  3 
   32  53705.101290  0  24.205  1.417  0.769  3.180   4.601e-01   1.838e+00   8.104e-01   3.352e+00  7  sdss  5924  82S  3 
