# SDSS CID:   8004 IAU:          RA: 347.528381 DEC:  -0.558102  (J2000)
# GALAXY_SB [ugriz] = [ 24.07 23.00 21.34 20.60 20.27 ] +/- [  0.54  0.05  0.01  0.01  0.02 ] (asinh mag/square arcsec)
# GALAXY_SB_FLUX [ugriz] = [  5.708E-01  2.198E+00  1.051E+01  2.046E+01  2.755E+01 ] +/- [  5.902E-01  1.020E-01  1.287E-01  1.682E-01  6.180E-01 ] (microJy per square arcsec)
#FLAG  MJD       FILT  MAG     MERR  MSKYERR MGALERR  FLUX       FLUXERR    SKYERR     GALERR    NPRE TELE   RUN  STRIP  IDCCD
  128  53616.280981  1  26.403  0.780  0.677  1.353  -9.465e-01   7.674e-01   7.114e-01   1.421e+00  16  sdss  5566  82N  2 
   32  53616.277664  2  24.118  0.990  0.335  0.960   5.830e-01   9.974e-01   3.213e-01   9.218e-01  20  sdss  5566  82N  2 
    0  53616.278493  3  26.705  0.297  0.169  0.245  -5.489e+00   1.489e+00   8.668e-01   1.256e+00  21  sdss  5566  82N  2 
   32  53616.280152  4  22.561  1.048  1.069  1.190   1.338e+00   6.020e+00   5.367e+00   5.975e+00  21  sdss  5566  82N  2 
   14  53616.279322  0  26.226  1.509  1.298  4.418  -2.090e+00   2.674e+00   2.737e+00   9.314e+00  12  sdss  5566  82N  2 
   32  53623.271257  1  23.991  0.739  0.566  0.703   7.893e-01   6.620e-01   5.288e-01   6.567e-01  16  sdss  5590  82N  2 
   32  53623.267940  2  23.636  0.816  0.458  0.448   1.122e+00   1.006e+00   5.956e-01   5.828e-01  20  sdss  5590  82N  2 
   32  53623.268769  3  22.806  0.543  0.212  0.269   2.540e+00   1.339e+00   5.514e-01   6.994e-01  21  sdss  5590  82N  2 
    0  53623.270427  4  23.147  0.823  0.383  0.637  -1.552e+00   4.513e+00   1.940e+00   3.230e+00  21  sdss  5590  82N  2 
    4  53623.269598  0  22.906  0.850  0.137  1.721   2.554e+00   1.863e+00   3.416e-01   4.278e+00  12  sdss  5590  82N  2 
   33  53626.257616  1  23.500  0.767  0.297  0.429   1.347e+00   9.528e-01   4.070e-01   5.885e-01  16  sdss  5603  82N  2 
    1  53626.254298  2  26.156  0.815  0.315  0.432  -1.385e+00   1.128e+00   4.709e-01   6.464e-01  20  sdss  5603  82N  2 
   32  53626.255128  3  23.587  0.957  0.370  0.541   9.976e-01   1.462e+00   5.518e-01   8.067e-01  21  sdss  5603  82N  2 
   32  53626.256786  4  22.557  0.755  0.040  0.478   1.358e+00   4.063e+00   2.031e-01   2.400e+00  21  sdss  5603  82N  2 
    1  53626.255957  0  22.695  0.953  0.286  1.494   3.145e+00   2.399e+00   8.532e-01   4.453e+00  12  sdss  5603  82N  2 
   33  53628.242172  1  24.927  1.774  1.106  1.195   1.129e-01   1.579e+00   6.613e-01   7.144e-01  16  sdss  5610  82N  2 
    1  53628.238855  2  25.519  1.379  0.374  0.778  -6.152e-01   1.516e+00   3.650e-01   7.604e-01  20  sdss  5610  82N  2 
   33  53628.239684  3  23.328  1.037  0.455  0.569   1.417e+00   1.761e+00   7.968e-01   9.956e-01  21  sdss  5610  82N  2 
   32  53628.241342  4  22.222  0.818  0.415  0.534   3.138e+00   4.785e+00   2.332e+00   3.000e+00  21  sdss  5610  82N  2 
    1  53628.240513  0  24.089  2.298  1.314  5.490   5.857e-01   4.339e+00   1.448e+00   6.050e+00  12  sdss  5610  82N  2 
   33  53635.250445  1  24.338  1.314  0.199  0.643   4.996e-01   1.063e+00   1.486e-01   4.800e-01  16  sdss  5622  82N  2 
    1  53635.247128  2  25.102  1.118  0.371  0.744  -2.428e-01   1.075e+00   3.080e-01   6.165e-01  20  sdss  5622  82N  2 
   32  53635.247958  3  24.243  0.995  0.328  0.620   1.415e-01   1.354e+00   3.911e-01   7.386e-01  21  sdss  5622  82N  2 
    0  53635.249616  4  22.881  0.798  0.403  0.633  -2.373e-01   4.254e+00   1.967e+00   3.091e+00  21  sdss  5622  82N  2 
    1  53635.248787  0  23.311  1.695  0.087  2.589   1.680e+00   2.825e+00   1.556e-01   4.636e+00  12  sdss  5622  82N  2 
   33  53637.243759  1  24.261  1.282  0.898  1.738   5.585e-01   1.050e+00   7.018e-01   1.358e+00  16  sdss  5633  82N  2 
    0  53637.240442  2  25.299  1.263  0.412  1.522  -4.106e-01   1.296e+00   3.640e-01   1.343e+00  20  sdss  5633  82N  2 
    0  53637.241272  3  24.413  1.191  0.887  1.287  -6.018e-02   1.712e+00   1.051e+00   1.525e+00  21  sdss  5633  82N  2 
    0  53637.242930  4  24.330  0.655  0.271  0.552  -9.844e+00   6.158e+00   2.723e+00   5.547e+00  21  sdss  5633  82N  2 
    1  53637.242101  0  25.010  1.780  1.013  7.526  -3.393e-01   2.626e+00   1.028e+00   7.642e+00  12  sdss  5633  82N  2 
    0  53644.236210  1  25.813  0.664  0.354  0.540  -4.377e-01   4.793e-01   2.521e-01   3.849e-01  16  sdss  5670  82N  2 
   32  53644.232893  2  23.528  0.566  0.108  0.260   1.268e+00   7.655e-01   1.522e-01   3.654e-01  20  sdss  5670  82N  2 
   32  53644.233722  3  23.569  0.751  0.309  0.289   1.025e+00   1.136e+00   4.661e-01   4.359e-01  21  sdss  5670  82N  2 
    0  53644.235381  4  23.208  0.648  0.112  0.367  -1.869e+00   3.488e+00   5.746e-01   1.892e+00  21  sdss  5670  82N  2 
  136  53644.234551  0  25.136  1.156  0.571  2.430  -4.701e-01   1.391e+00   6.026e-01   2.567e+00  12  sdss  5670  82N  2 
   32  53654.270095  1  24.270  0.723  0.301  0.638   5.515e-01   5.593e-01   2.336e-01   4.955e-01  16  sdss  5709  82N  2 
   32  53654.266778  2  23.880  0.803  0.245  0.396   8.281e-01   8.719e-01   2.700e-01   4.362e-01  20  sdss  5709  82N  2 
   32  53654.267608  3  23.158  0.668  0.164  0.268   1.735e+00   1.261e+00   3.226e-01   5.290e-01  21  sdss  5709  82N  2 
   32  53654.269266  4  21.878  0.657  0.300  0.330   5.280e+00   4.387e+00   2.031e+00   2.239e+00  21  sdss  5709  82N  2 
    0  53654.268437  0  25.539  1.311  0.097  2.736  -9.399e-01   1.775e+00   1.247e-01   3.513e+00  12  sdss  5709  82N  2 
  161  53656.217721  1  24.594  1.949  1.315  2.085   3.209e-01   1.896e+00   8.659e-01   1.373e+00  16  sdss  5719  82N  2 
    1  53656.214404  2  26.134  1.501  0.629  1.094  -1.352e+00   2.005e+00   9.256e-01   1.610e+00  20  sdss  5719  82N  2 
   35  53656.215233  3  23.405  1.468  1.353  1.735   1.286e+00   2.571e+00   2.252e+00   2.888e+00  21  sdss  5719  82N  2 
    0  53656.216891  4  22.879  1.154  1.476  1.406  -2.272e-01   6.755e+00   7.206e+00   6.865e+00  21  sdss  5719  82N  2 
  131  53656.216062  0  26.982  1.951  0.984  2.730  -4.378e+00   5.076e+00   3.979e+00   1.103e+01  12  sdss  5719  82N  2 
  129  53663.230489  1  22.849  0.409  0.055  0.136   2.545e+00   9.462e-01   1.318e-01   3.292e-01  16  sdss  5744  82N  2 
   33  53663.227172  2  22.404  0.275  0.056  0.089   3.901e+00   9.867e-01   2.034e-01   3.252e-01  20  sdss  5744  82N  2 
   32  53663.228001  3  22.066  0.253  0.085  0.075   5.248e+00   1.225e+00   4.171e-01   3.692e-01  21  sdss  5744  82N  2 
   32  53663.229660  4  22.038  0.586  0.173  0.263   4.231e+00   3.616e+00   1.068e+00   1.620e+00  21  sdss  5744  82N  2 
 1153  53663.228831  0  22.541  0.852  0.093  0.606   3.647e+00   2.498e+00   3.165e-01   2.065e+00  12  sdss  5744  82N  2 
  160  53668.220057  1  23.111  0.367  0.365  0.692   1.980e+00   6.804e-01   6.986e-01   1.323e+00  16  sdss  5770  82N  2 
   32  53668.216741  2  22.652  0.384  0.090  0.386   3.082e+00   1.085e+00   2.626e-01   1.132e+00  20  sdss  5770  82N  2 
   32  53668.217570  3  22.289  0.392  0.197  0.306   4.241e+00   1.527e+00   7.964e-01   1.236e+00  21  sdss  5770  82N  2 
   32  53668.219228  4  22.435  0.992  0.694  0.973   1.985e+00   5.708e+00   3.603e+00   5.048e+00  21  sdss  5770  82N  2 
    0  53668.218399  0  24.217  1.559  0.254  7.566   4.467e-01   2.122e+00   2.665e-01   7.932e+00  12  sdss  5770  82N  2 
    0  53670.224547  1  22.992  0.253  0.167  0.244   2.220e+00   5.285e-01   3.559e-01   5.191e-01  16  sdss  5781  82N  2 
   32  53670.221231  2  22.931  0.405  0.075  0.276   2.352e+00   8.961e-01   1.719e-01   6.334e-01  20  sdss  5781  82N  2 
   32  53670.222060  3  21.950  0.239  0.075  0.131   5.858e+00   1.288e+00   4.086e-01   7.142e-01  21  sdss  5781  82N  2 
   32  53670.223718  4  22.567  0.784  0.086  0.543   1.312e+00   4.236e+00   4.301e-01   2.723e+00  21  sdss  5781  82N  2 
    8  53670.222889  0  22.915  0.745  0.389  1.826   2.531e+00   1.662e+00   9.599e-01   4.504e+00  12  sdss  5781  82N  2 
   32  53673.192441  1  23.407  0.381  0.082  0.443   1.480e+00   5.487e-01   1.216e-01   6.564e-01  16  sdss  5792  82N  2 
   32  53673.189124  2  22.557  0.282  0.047  0.177   3.375e+00   8.803e-01   1.496e-01   5.655e-01  20  sdss  5792  82N  2 
   32  53673.189953  3  21.701  0.195  0.060  0.121   7.401e+00   1.317e+00   4.136e-01   8.269e-01  21  sdss  5792  82N  2 
   32  53673.191611  4  22.247  0.701  0.385  0.522   2.999e+00   4.015e+00   2.141e+00   2.905e+00  21  sdss  5792  82N  2 
    0  53673.190782  0  25.363  1.370  0.168  5.002  -7.227e-01   1.811e+00   1.958e-01   5.829e+00  12  sdss  5792  82N  2 
   32  53675.189061  1  23.193  0.324  0.216  0.421   1.829e+00   5.634e-01   3.850e-01   7.497e-01  16  sdss  5800  82N  2 
   32  53675.185744  2  22.247  0.226  0.090  0.147   4.522e+00   9.384e-01   3.784e-01   6.190e-01  20  sdss  5800  82N  2 
   32  53675.186573  3  22.087  0.283  0.077  0.158   5.145e+00   1.339e+00   3.728e-01   7.629e-01  21  sdss  5800  82N  2 
    0  53675.188231  4  23.563  0.764  0.461  0.621  -3.838e+00   4.627e+00   2.744e+00   3.701e+00  21  sdss  5800  82N  2 
    8  53675.187402  0  25.606  1.199  0.947  3.822  -1.029e+00   1.624e+00   1.266e+00   5.112e+00  12  sdss  5800  82N  2 
   32  53677.210074  1  23.629  0.427  0.118  0.390   1.179e+00   5.110e-01   1.460e-01   4.806e-01  16  sdss  5813  82N  2 
   32  53677.206757  2  22.121  0.178  0.047  0.094   5.089e+00   8.352e-01   2.207e-01   4.438e-01  20  sdss  5813  82N  2 
   32  53677.207586  3  22.299  0.301  0.087  0.130   4.201e+00   1.179e+00   3.470e-01   5.218e-01  21  sdss  5813  82N  2 
   32  53677.209245  4  22.165  0.613  0.302  0.404   3.468e+00   3.590e+00   1.741e+00   2.332e+00  21  sdss  5813  82N  2 
    0  53677.208415  0  25.593  1.183  0.124  2.985  -1.012e+00   1.593e+00   1.645e-01   3.962e+00  12  sdss  5813  82N  2 
   32  53680.196331  1  24.021  0.595  0.365  0.610   7.616e-01   5.282e-01   3.337e-01   5.580e-01  16  sdss  5823  82N  2 
   32  53680.193014  2  22.490  0.276  0.108  0.204   3.596e+00   9.167e-01   3.658e-01   6.902e-01  20  sdss  5823  82N  2 
   32  53680.193844  3  22.958  0.575  0.250  0.342   2.167e+00   1.259e+00   5.746e-01   7.857e-01  21  sdss  5823  82N  2 
    0  53680.195502  4  23.162  0.719  0.449  0.575  -1.631e+00   3.878e+00   2.286e+00   2.925e+00  21  sdss  5823  82N  2 
    0  53680.194673  0  23.140  0.987  0.251  2.702   2.016e+00   1.786e+00   5.154e-01   5.538e+00  12  sdss  5823  82N  2 
   33  53693.196999  1  24.295  1.432  0.229  0.735   5.321e-01   1.201e+00   1.757e-01   5.627e-01  16  sdss  5878  82N  2 
   33  53693.193683  2  23.700  1.082  0.186  0.600   1.040e+00   1.283e+00   2.311e-01   7.446e-01  20  sdss  5878  82N  2 
    0  53693.194512  3  24.618  1.007  0.427  0.591  -3.063e-01   1.388e+00   5.193e-01   7.187e-01  21  sdss  5878  82N  2 
   32  53693.196170  4  21.476  0.494  0.121  0.335   8.478e+00   4.295e+00   1.086e+00   3.018e+00  21  sdss  5878  82N  2 
    1  53693.195341  0  26.419  1.875  0.536  2.001  -2.541e+00   3.686e+00   1.328e+00   4.951e+00  12  sdss  5878  82N  2 
 1060  53698.193921  1  24.101  4.024  5.027  1.198   6.903e-01   1.302e+01   4.351e+00   1.037e+00  16  sdss  5898  82N  2 
 1068  53698.190604  2  22.039  2.984  3.340  0.201   5.493e+00   8.643e+00   1.698e+01   1.020e+00  20  sdss  5898  82N  2 
 1156  53698.191434  3  27.057  1.780  0.849  0.187  -7.642e+00   7.692e+00   5.989e+00   1.321e+00  21  sdss  5898  82N  2 
 1188  53699.217321  1  23.097  3.282  2.832  0.375   2.007e+00   6.849e+00   5.484e+00   7.257e-01  16  sdss  5902  82N  2 
 1068  53699.214834  3  22.284  2.579  3.375  0.168   4.262e+00   8.007e+00   1.368e+01   6.821e-01  21  sdss  5902  82N  2 
 1028  53699.216492  4  25.699  2.341  0.642  0.093  -3.690e+01   4.145e+01   2.136e+01   3.096e+00  21  sdss  5902  82N  2 
 1184  53702.191887  1  24.873  2.121  2.934  6.504   1.454e-01   2.213e+00   1.772e+00   3.927e+00  16  sdss  5909  82N  2 
 1152  53702.188570  2  27.144  1.767  0.585  1.511  -3.700e+00   4.008e+00   2.032e+00   5.250e+00  20  sdss  5909  82N  2 
    2  53702.189399  3  26.114  0.978  1.170  1.525  -3.098e+00   2.561e+00   3.578e+00   4.663e+00  21  sdss  5909  82N  2 
   34  53702.191058  4  21.537  1.350  1.573  2.099   7.933e+00   1.063e+01   1.352e+01   1.804e+01  21  sdss  5909  82N  2 
   32  53704.179213  1  24.873  0.802  0.532  0.786   1.454e-01   5.246e-01   3.212e-01   4.743e-01  16  sdss  5918  82N  2 
   32  53704.175897  2  24.015  0.837  0.272  0.519   6.855e-01   8.581e-01   2.758e-01   5.266e-01  20  sdss  5918  82N  2 
   32  53704.176726  3  22.405  0.377  0.160  0.197   3.795e+00   1.330e+00   5.832e-01   7.206e-01  21  sdss  5918  82N  2 
   32  53704.178384  4  21.574  0.519  0.214  0.321   7.609e+00   4.197e+00   1.784e+00   2.681e+00  21  sdss  5918  82N  2 
  136  53704.177555  0  24.078  1.332  1.671  4.103   5.971e-01   1.711e+00   1.850e+00   4.541e+00  12  sdss  5918  82N  2 
