# SDSS CID:  21220 IAU:          RA: 350.758087 DEC:  -1.217045  (J2000)
# GALAXY_SB [ugriz] = [ 23.24 21.41 20.40 19.89 19.49 ] +/- [  0.00  0.00  0.00  0.00  0.00 ] (asinh mag/square arcsec)
# GALAXY_SB_FLUX [ugriz] = [  1.759E+00  9.694E+00  2.492E+01  3.964E+01  5.694E+01 ] +/- [  0.000E+00  0.000E+00  0.000E+00  0.000E+00  0.000E+00 ] (microJy per square arcsec)
#FLAG  MJD       FILT  MAG     MERR  MSKYERR MGALERR  FLUX       FLUXERR    SKYERR     GALERR    NPRE TELE   RUN  STRIP  IDCCD
  256  54357.258217  1  26.516  0.620  0.195  0.000  -1.070e+00   6.667e-01   2.215e-01   0.000e+00  11  sdss  6955  82S  1 
  256  54357.254900  2  26.446  0.597  0.151  0.000  -1.877e+00   1.059e+00   2.861e-01   0.000e+00  13  sdss  6955  82S  1 
  256  54357.255729  3  26.561  0.328  0.088  0.000  -4.786e+00   1.453e+00   3.986e-01   0.000e+00  12  sdss  6955  82S  1 
  288  54357.257388  4  21.936  0.720  0.429  0.000   4.887e+00   4.707e+00   2.835e+00   0.000e+00  12  sdss  6955  82S  1 
  416  54357.256558  0  24.413  1.244  0.333  0.000   2.469e-01   1.499e+00   3.301e-01   0.000e+00  10  sdss  6955  82S  1 
  256  54362.307903  1  26.382  0.673  0.050  0.000  -9.240e-01   6.552e-01   5.068e-02   0.000e+00  11  sdss  6976  82S  1 
  256  54362.304586  2  26.032  0.811  0.163  0.000  -1.206e+00   1.040e+00   2.226e-01   0.000e+00  13  sdss  6976  82S  1 
  288  54362.305415  3  22.756  0.657  0.251  0.000   2.676e+00   1.662e+00   6.843e-01   0.000e+00  12  sdss  6976  82S  1 
  288  54362.307073  4  21.216  0.505  0.211  0.000   1.114e+01   5.433e+00   2.385e+00   0.000e+00  12  sdss  6976  82S  1 
  416  54362.306244  0  24.577  1.331  0.208  0.000   8.595e-02   1.639e+00   2.021e-01   0.000e+00  10  sdss  6976  82S  1 
 1437  54376.316075  1  29.610  0.253  0.571  0.000  -2.002e+01   4.513e+00   1.038e+01   0.000e+00  11  sdss  7013  82S  1 
 1309  54376.312758  2  28.352  0.526  3.344  0.000  -1.139e+01   5.107e+00   3.496e+01   0.000e+00  13  sdss  7013  82S  1 
  284  54376.313587  3  27.544  0.236  0.517  0.000  -1.201e+01   2.571e+00   5.721e+00   0.000e+00  12  sdss  7013  82S  1 
  268  54376.315246  4  24.347  0.661  0.655  0.000  -1.002e+01   6.387e+00   6.787e+00   0.000e+00  12  sdss  7013  82S  1 
 1453  54376.314416  0  22.708  2.303  1.185  0.000   3.104e+00   5.177e+00   3.399e+00   0.000e+00  10  sdss  7013  82S  1 
  288  54379.297609  1  23.849  0.625  0.225  0.000   9.290e-01   6.133e-01   2.309e-01   0.000e+00  11  sdss  7024  82S  1 
  288  54379.294292  2  24.283  0.896  0.162  0.000   4.306e-01   8.510e-01   1.441e-01   0.000e+00  13  sdss  7024  82S  1 
  256  54379.295121  3  24.786  0.953  0.274  0.000  -5.148e-01   1.329e+00   3.487e-01   0.000e+00  12  sdss  7024  82S  1 
  256  54379.296779  4  24.158  0.458  0.210  0.000  -8.193e+00   3.966e+00   1.878e+00   0.000e+00  12  sdss  7024  82S  1 
  288  54379.295950  0  24.653  1.283  0.177  0.000   1.199e-02   1.554e+00   1.720e-01   0.000e+00  10  sdss  7024  82S  1 
  256  54385.305058  1  25.918  0.844  0.123  0.000  -5.145e-01   6.397e-01   9.202e-02   0.000e+00  11  sdss  7051  82S  1 
  288  54385.301741  2  23.555  0.741  0.116  0.000   1.231e+00   9.665e-01   1.602e-01   0.000e+00  13  sdss  7051  82S  1 
  288  54385.302570  3  23.689  0.974  0.336  0.000   8.496e-01   1.446e+00   4.764e-01   0.000e+00  12  sdss  7051  82S  1 
  288  54385.304229  4  22.248  0.766  0.463  0.000   2.992e+00   4.439e+00   2.586e+00   0.000e+00  12  sdss  7051  82S  1 
  256  54385.303400  0  27.095  0.420  0.031  0.000  -4.872e+00   1.746e+00   1.343e-01   0.000e+00  10  sdss  7051  82S  1 
  288  54387.305789  1  23.674  0.688  0.273  0.000   1.125e+00   7.566e-01   3.214e-01   0.000e+00  11  sdss  7057  82S  1 
  288  54387.302472  2  23.082  0.634  0.319  0.000   2.025e+00   1.186e+00   6.452e-01   0.000e+00  13  sdss  7057  82S  1 
  288  54387.303301  3  22.975  0.805  0.276  0.000   2.126e+00   1.693e+00   6.289e-01   0.000e+00  12  sdss  7057  82S  1 
  288  54387.304959  4  22.300  0.908  0.404  0.000   2.701e+00   5.290e+00   2.210e+00   0.000e+00  12  sdss  7057  82S  1 
  296  54387.304130  0  23.141  1.060  0.602  0.000   2.012e+00   1.863e+00   1.204e+00   0.000e+00  10  sdss  7057  82S  1 
  296  54392.300165  1  25.107  1.019  0.885  0.000   6.817e-03   6.915e-01   5.214e-01   0.000e+00  11  sdss  7076  82S  1 
  288  54392.296848  2  24.241  1.161  0.339  0.000   4.686e-01   1.173e+00   3.070e-01   0.000e+00  13  sdss  7076  82S  1 
  288  54392.297678  3  23.757  1.100  0.361  0.000   7.544e-01   1.641e+00   4.953e-01   0.000e+00  12  sdss  7076  82S  1 
  256  54392.299336  4  23.781  0.766  0.401  0.000  -5.233e+00   5.136e+00   2.735e+00   0.000e+00  12  sdss  7076  82S  1 
  384  54392.298507  0  26.803  0.620  0.078  0.000  -3.692e+00   1.909e+00   2.632e-01   0.000e+00  10  sdss  7076  82S  1 
  289  54394.288004  1  22.797  0.726  0.306  0.000   2.674e+00   1.604e+00   7.640e-01   0.000e+00  11  sdss  7084  82S  1 
  289  54394.284687  2  22.754  0.810  0.270  0.000   2.796e+00   1.896e+00   7.229e-01   0.000e+00  13  sdss  7084  82S  1 
  256  54394.285517  3  26.394  0.686  0.340  0.000  -4.077e+00   2.429e+00   1.334e+00   0.000e+00  12  sdss  7084  82S  1 
  288  54394.287175  4  22.221  1.201  0.703  0.000   3.145e+00   7.558e+00   3.979e+00   0.000e+00  12  sdss  7084  82S  1 
 1419  54394.286346  0  24.713  2.053  3.668  0.000  -4.549e-02   3.405e+00   3.557e+00   0.000e+00  10  sdss  7084  82S  1 
  289  54402.297760  1  24.086  1.709  0.258  0.000   7.036e-01   1.607e+00   2.236e-01   0.000e+00  11  sdss  7101  82S  1 
  257  54402.294444  2  26.690  0.791  0.077  0.000  -2.393e+00   1.632e+00   1.804e-01   0.000e+00  13  sdss  7101  82S  1 
  257  54402.295273  3  26.818  0.364  0.091  0.000  -6.105e+00   2.014e+00   5.207e-01   0.000e+00  12  sdss  7101  82S  1 
  416  54402.296931  4  20.932  0.409  0.091  0.000   1.479e+01   5.651e+00   1.306e+00   0.000e+00  12  sdss  7101  82S  1 
  289  54402.296102  0  24.064  2.423  0.247  0.000   6.129e-01   4.876e+00   2.726e-01   0.000e+00  10  sdss  7101  82S  1 
  288  54408.211353  1  24.207  0.776  0.235  0.000   6.018e-01   6.157e-01   1.885e-01   0.000e+00  11  sdss  7127  82S  1 
  288  54408.208036  2  23.621  0.748  0.081  0.000   1.141e+00   9.357e-01   1.068e-01   0.000e+00  13  sdss  7127  82S  1 
  256  54408.208865  3  24.534  1.045  0.140  0.000  -2.044e-01   1.445e+00   1.676e-01   0.000e+00  12  sdss  7127  82S  1 
  256  54408.210524  4  23.424  0.791  0.208  0.000  -3.026e+00   4.602e+00   1.165e+00   0.000e+00  12  sdss  7127  82S  1 
  288  54408.209694  0  24.486  1.270  0.275  0.000   1.749e-01   1.538e+00   2.695e-01   0.000e+00  10  sdss  7127  82S  1 
  296  54411.169568  1  23.655  0.509  0.193  0.000   1.146e+00   5.825e-01   2.304e-01   0.000e+00  11  sdss  7136  82S  1 
  288  54411.166251  2  22.693  0.315  0.048  0.000   2.965e+00   8.702e-01   1.360e-01   0.000e+00  13  sdss  7136  82S  1 
  256  54411.167080  3  25.670  0.645  0.142  0.000  -1.951e+00   1.315e+00   3.049e-01   0.000e+00  12  sdss  7136  82S  1 
  256  54411.168739  4  23.623  0.688  0.144  0.000  -4.203e+00   4.279e+00   8.905e-01   0.000e+00  12  sdss  7136  82S  1 
  288  54411.167909  0  24.651  1.203  0.159  0.000   1.403e-02   1.418e+00   1.538e-01   0.000e+00  10  sdss  7136  82S  1 
  288  54413.209923  1  24.616  0.979  0.312  0.000   3.062e-01   6.928e-01   2.029e-01   0.000e+00  11  sdss  7145  82S  1 
  416  54413.206606  2  23.070  0.628  0.320  0.000   2.051e+00   1.188e+00   6.520e-01   0.000e+00  13  sdss  7145  82S  1 
  256  54413.207435  3  25.973  0.625  0.188  0.000  -2.690e+00   1.595e+00   5.143e-01   0.000e+00  12  sdss  7145  82S  1 
  288  54413.209093  4  21.966  0.786  0.439  0.000   4.688e+00   5.073e+00   2.845e+00   0.000e+00  12  sdss  7145  82S  1 
  256  54413.208264  0  26.159  1.019  0.124  0.000  -1.949e+00   1.768e+00   2.414e-01   0.000e+00  10  sdss  7145  82S  1 
  256  54415.206150  1  26.076  0.685  0.030  0.000  -6.401e-01   5.558e-01   2.493e-02   0.000e+00  11  sdss  7151  82S  1 
  288  54415.202833  2  23.889  0.776  0.223  0.000   8.181e-01   8.392e-01   2.448e-01   0.000e+00  13  sdss  7151  82S  1 
  288  54415.203662  3  23.828  0.906  0.219  0.000   6.581e-01   1.282e+00   2.914e-01   0.000e+00  12  sdss  7151  82S  1 
  288  54415.205321  4  21.560  0.473  0.065  0.000   7.733e+00   3.943e+00   5.596e-01   0.000e+00  12  sdss  7151  82S  1 
  296  54415.204491  0  24.006  1.085  0.463  0.000   6.794e-01   1.327e+00   5.256e-01   0.000e+00  10  sdss  7151  82S  1 
  288  54418.209576  1  23.654  0.596  0.154  0.000   1.147e+00   6.738e-01   1.843e-01   0.000e+00  11  sdss  7161  82S  1 
  288  54418.206259  2  23.088  0.515  0.068  0.000   2.013e+00   9.813e-01   1.368e-01   0.000e+00  13  sdss  7161  82S  1 
  256  54418.207088  3  24.364  1.137  0.404  0.000  -2.594e-03   1.607e+00   4.782e-01   0.000e+00  12  sdss  7161  82S  1 
  256  54418.208746  4  23.432  0.804  0.341  0.000  -3.072e+00   4.699e+00   1.918e+00   0.000e+00  12  sdss  7161  82S  1 
  264  54418.207917  0  26.128  0.868  0.428  0.000  -1.886e+00   1.506e+00   8.152e-01   0.000e+00  10  sdss  7161  82S  1 
  257  54422.214083  1  25.874  1.288  0.407  0.000  -4.820e-01   1.028e+00   2.986e-01   0.000e+00  11  sdss  7173  82S  1 
  257  54422.210766  2  25.297  1.243  0.474  0.000  -4.091e-01   1.268e+00   4.178e-01   0.000e+00  13  sdss  7173  82S  1 
  256  54422.211595  3  25.034  1.071  0.431  0.000  -8.472e-01   1.615e+00   6.100e-01   0.000e+00  12  sdss  7173  82S  1 
  256  54422.213253  4  23.278  0.847  0.408  0.000  -2.231e+00   4.789e+00   2.155e+00   0.000e+00  12  sdss  7173  82S  1 
  297  54422.212424  0  22.538  0.940  0.509  0.000   3.658e+00   2.625e+00   1.691e+00   0.000e+00  10  sdss  7173  82S  1 
