# SDSS CID:   7481 IAU:          RA:   7.385003 DEC:  -0.386273  (J2000)
# GALAXY_SB [ugriz] = [ 23.11 22.91 22.25 22.06 21.65 ] +/- [  0.13  0.04  0.03  0.03  0.07 ] (asinh mag/square arcsec)
# GALAXY_SB_FLUX [ugriz] = [  2.008E+00  2.390E+00  4.516E+00  5.298E+00  6.903E+00 ] +/- [  2.653E-01  8.759E-02  1.094E-01  1.554E-01  5.751E-01 ] (microJy per square arcsec)
#FLAG  MJD       FILT  MAG     MERR  MSKYERR MGALERR  FLUX       FLUXERR    SKYERR     GALERR    NPRE TELE   RUN  STRIP  IDCCD
   32  53622.349058  1  23.644  0.575  0.425  0.672   1.161e+00   6.639e-01   5.171e-01   8.176e-01  12  sdss  5582  82S  3 
   32  53622.345741  2  24.653  1.000  0.723  0.933   1.193e-01   9.216e-01   5.826e-01   7.528e-01  12  sdss  5582  82S  3 
    0  53622.346570  3  24.945  0.996  0.715  0.734  -7.242e-01   1.450e+00   9.725e-01   9.990e-01  12  sdss  5582  82S  3 
   32  53622.348229  4  21.882  0.745  0.579  0.521   5.251e+00   5.018e+00   3.979e+00   3.577e+00  12  sdss  5582  82S  3 
   32  53622.347400  0  23.606  1.218  0.428  1.423   1.198e+00   1.721e+00   6.176e-01   2.052e+00  7  sdss  5582  82S  3 
   33  53627.306145  1  23.065  0.492  0.137  0.238   2.070e+00   9.252e-01   2.726e-01   4.737e-01  12  sdss  5607  82S  3 
   32  53627.302827  2  24.519  1.107  0.766  0.668   2.284e-01   1.060e+00   6.329e-01   5.520e-01  12  sdss  5607  82S  3 
   32  53627.303657  3  23.121  0.722  0.244  0.344   1.812e+00   1.402e+00   5.011e-01   7.051e-01  12  sdss  5607  82S  3 
   32  53627.305315  4  22.621  0.782  0.515  0.520   1.039e+00   4.200e+00   2.558e+00   2.584e+00  12  sdss  5607  82S  3 
 1153  53627.304486  0  22.534  0.786  0.200  0.590   3.673e+00   2.356e+00   6.830e-01   2.015e+00  7  sdss  5607  82S  3 
    1  53634.298807  1  25.551  1.910  1.351  1.581  -2.619e-01   1.818e+00   8.591e-01   1.005e+00  12  sdss  5619  82S  3 
   33  53634.295490  2  23.310  0.898  0.445  0.375   1.604e+00   1.354e+00   7.478e-01   6.299e-01  12  sdss  5619  82S  3 
   32  53634.296319  3  23.626  1.067  0.408  0.585   9.404e-01   1.639e+00   6.000e-01   8.590e-01  12  sdss  5619  82S  3 
   32  53634.297978  4  21.731  0.700  0.501  0.489   6.342e+00   5.132e+00   3.810e+00   3.726e+00  12  sdss  5619  82S  3 
  129  53634.297149  0  27.028  1.341  0.216  0.710  -4.572e+00   4.089e+00   9.054e-01   2.977e+00  7  sdss  5619  82S  3 
 1188  53640.304214  1  22.888  0.782  0.508  0.326   2.453e+00   1.589e+00   1.181e+00   7.572e-01  12  sdss  5646  82S  3 
   32  53640.300897  2  22.944  0.400  0.338  0.272   2.324e+00   8.833e-01   7.735e-01   6.213e-01  12  sdss  5646  82S  3 
   32  53640.301727  3  22.445  0.398  0.253  0.235   3.647e+00   1.372e+00   9.053e-01   8.411e-01  12  sdss  5646  82S  3 
 1156  53640.303385  4  24.565  3.245  2.589  0.253  -1.252e+01   5.393e+01   3.244e+01   3.168e+00  12  sdss  5646  82S  3 
 1156  53640.302556  0  25.854  3.088  1.633  1.604  -1.396e+00   9.109e+00   2.577e+00   2.531e+00  7  sdss  5646  82S  3 
   33  53655.276037  1  23.493  0.884  0.415  0.634   1.356e+00   1.077e+00   5.715e-01   8.734e-01  12  sdss  5713  82S  3 
  160  53655.272721  2  22.793  0.596  0.596  0.466   2.693e+00   1.438e+00   1.554e+00   1.217e+00  12  sdss  5713  82S  3 
   32  53655.273550  3  22.637  0.739  0.777  0.709   3.018e+00   2.027e+00   2.355e+00   2.148e+00  12  sdss  5713  82S  3 
   32  53655.275208  4  21.651  0.885  0.679  0.712   6.968e+00   6.718e+00   5.474e+00   5.740e+00  12  sdss  5713  82S  3 
 1155  53655.274379  0  26.594  1.786  1.188  2.039  -3.017e+00   3.773e+00   3.400e+00   5.833e+00  7  sdss  5713  82S  3 
   33  53664.300959  1  23.054  0.724  0.793  0.253   2.092e+00   1.299e+00   1.592e+00   5.089e-01  12  sdss  5754  82S  3 
    1  53664.297642  2  22.030  0.207  0.068  0.076   5.541e+00   1.057e+00   3.498e-01   3.929e-01  12  sdss  5754  82S  3 
   32  53664.298471  3  23.568  1.200  0.777  0.363   1.027e+00   1.917e+00   1.179e+00   5.512e-01  12  sdss  5754  82S  3 
   32  53664.300130  4  22.203  0.790  0.678  0.377   3.245e+00   4.661e+00   3.882e+00   2.155e+00  12  sdss  5754  82S  3 
    1  53664.299301  0  22.236  0.692  0.302  0.330   4.873e+00   2.752e+00   1.344e+00   1.468e+00  7  sdss  5754  82S  3 
    0  53669.259837  1  22.781  0.194  0.092  0.121   2.715e+00   4.913e-01   2.347e-01   3.103e-01  12  sdss  5776  82S  3 
    0  53669.256521  2  22.504  0.238  0.111  0.115   3.551e+00   7.906e-01   3.737e-01   3.893e-01  12  sdss  5776  82S  3 
    0  53669.257350  3  22.305  0.323  0.143  0.149   4.177e+00   1.272e+00   5.764e-01   6.034e-01  12  sdss  5776  82S  3 
   32  53669.259008  4  22.386  0.681  0.362  0.332   2.241e+00   3.754e+00   1.916e+00   1.758e+00  12  sdss  5776  82S  3 
    0  53669.258179  0  23.079  0.782  0.203  0.644   2.146e+00   1.526e+00   4.358e-01   1.381e+00  7  sdss  5776  82S  3 
    0  53671.344436  1  22.564  0.228  0.142  0.227   3.331e+00   7.006e-01   4.404e-01   7.069e-01  12  sdss  5786  82S  3 
   32  53671.341119  2  22.690  0.341  0.240  0.200   2.974e+00   9.467e-01   6.867e-01   5.708e-01  12  sdss  5786  82S  3 
   32  53671.341948  3  23.781  1.154  0.513  0.613   7.211e-01   1.735e+00   6.968e-01   8.336e-01  12  sdss  5786  82S  3 
   32  53671.343607  4  21.764  0.672  0.407  0.386   6.094e+00   4.844e+00   3.025e+00   2.874e+00  12  sdss  5786  82S  3 
    0  53671.342777  0  22.328  0.597  0.291  0.545   4.467e+00   2.249e+00   1.194e+00   2.236e+00  7  sdss  5786  82S  3 
    0  53674.244048  1  22.482  0.162  0.111  0.136   3.597e+00   5.407e-01   3.708e-01   4.549e-01  12  sdss  5797  82S  3 
    0  53674.240731  2  22.401  0.216  0.125  0.108   3.913e+00   7.900e-01   4.608e-01   3.998e-01  12  sdss  5797  82S  3 
    0  53674.241561  3  22.306  0.297  0.142  0.124   4.173e+00   1.173e+00   5.725e-01   5.002e-01  12  sdss  5797  82S  3 
    0  53674.243219  4  23.235  0.687  0.137  0.437  -2.005e+00   3.752e+00   7.134e-01   2.277e+00  12  sdss  5797  82S  3 
    0  53674.242390  0  22.653  0.554  0.154  0.492   3.275e+00   1.594e+00   4.726e-01   1.516e+00  7  sdss  5797  82S  3 
    0  53676.333360  1  22.570  0.168  0.076  0.098   3.312e+00   5.154e-01   2.346e-01   3.041e-01  12  sdss  5807  82S  3 
    0  53676.330043  2  22.272  0.194  0.071  0.079   4.419e+00   7.993e-01   2.964e-01   3.297e-01  12  sdss  5807  82S  3 
    0  53676.330873  3  22.324  0.291  0.102  0.094   4.101e+00   1.133e+00   4.057e-01   3.727e-01  12  sdss  5807  82S  3 
    0  53676.332531  4  23.102  0.652  0.141  0.306  -1.325e+00   3.448e+00   7.095e-01   1.540e+00  12  sdss  5807  82S  3 
    0  53676.331702  0  22.325  0.428  0.090  0.272   4.480e+00   1.682e+00   3.722e-01   1.118e+00  7  sdss  5807  82S  3 
   32  53679.305013  1  23.283  0.381  0.329  0.393   1.675e+00   6.078e-01   5.416e-01   6.471e-01  12  sdss  5820  82S  3 
   32  53679.301696  2  22.220  0.269  0.192  0.213   4.639e+00   1.147e+00   8.338e-01   9.259e-01  12  sdss  5820  82S  3 
    0  53679.302525  3  24.387  1.120  1.318  0.904  -2.971e-02   1.574e+00   1.561e+00   1.071e+00  12  sdss  5820  82S  3 
    0  53679.304184  4  22.922  0.922  0.737  0.650  -4.347e-01   5.066e+00   3.607e+00   3.179e+00  12  sdss  5820  82S  3 
  128  53679.303355  0  22.785  0.773  0.299  0.851   2.878e+00   1.891e+00   8.197e-01   2.337e+00  7  sdss  5820  82S  3 
    0  53681.296361  1  22.859  0.246  0.102  0.151   2.522e+00   5.783e-01   2.425e-01   3.596e-01  12  sdss  5836  82S  3 
   32  53681.293044  2  22.815  0.412  0.202  0.207   2.636e+00   1.013e+00   5.179e-01   5.287e-01  12  sdss  5836  82S  3 
    0  53681.293873  3  21.991  0.287  0.094  0.098   5.635e+00   1.499e+00   5.050e-01   5.253e-01  12  sdss  5836  82S  3 
   32  53681.295531  4  22.451  0.761  0.131  0.340   1.900e+00   4.182e+00   6.784e-01   1.761e+00  12  sdss  5836  82S  3 
    4  53681.294702  0  22.833  0.754  0.382  0.465   2.748e+00   1.784e+00   1.006e+00   1.225e+00  7  sdss  5836  82S  3 
   33  53685.255083  1  23.294  1.599  0.907  0.397   1.656e+00   1.988e+00   1.477e+00   6.462e-01  12  sdss  5853  82S  3 
   33  53685.251767  2  22.506  0.669  0.492  0.206   3.544e+00   2.027e+00   1.656e+00   6.929e-01  12  sdss  5853  82S  3 
    1  53685.252596  3  25.193  1.592  0.803  0.593  -1.082e+00   2.811e+00   1.245e+00   9.187e-01  12  sdss  5853  82S  3 
    0  53685.254254  4  23.941  0.842  0.415  0.483  -6.396e+00   6.152e+00   3.173e+00   3.695e+00  12  sdss  5853  82S  3 
 1153  53685.253425  0  21.633  0.682  0.380  0.352   8.562e+00   4.673e+00   2.924e+00   2.713e+00  7  sdss  5853  82S  3 
    0  53697.252238  1  22.612  0.197  0.136  0.125   3.184e+00   5.818e-01   4.067e-01   3.736e-01  12  sdss  5895  82S  3 
   24  53697.248921  2  22.191  0.187  0.294  0.096   4.767e+00   8.287e-01   1.313e+00   4.309e-01  12  sdss  5895  82S  3 
    0  53697.249750  3  22.334  0.307  0.135  0.119   4.063e+00   1.181e+00   5.314e-01   4.679e-01  12  sdss  5895  82S  3 
    0  53697.251409  4  21.614  0.462  0.253  0.232   7.271e+00   3.730e+00   2.100e+00   1.921e+00  12  sdss  5895  82S  3 
    4  53697.250579  0  22.424  0.501  0.197  0.313   4.077e+00   1.776e+00   7.424e-01   1.178e+00  7  sdss  5895  82S  3 
   32  53700.250884  1  22.867  0.290  0.338  0.356   2.503e+00   6.736e-01   8.005e-01   8.434e-01  12  sdss  5905  82S  3 
   32  53700.247567  2  23.423  0.711  0.660  0.573   1.422e+00   1.020e+00   1.014e+00   8.807e-01  12  sdss  5905  82S  3 
   32  53700.248397  3  22.710  0.567  0.327  0.366   2.803e+00   1.521e+00   9.332e-01   1.042e+00  12  sdss  5905  82S  3 
    0  53700.250055  4  23.897  0.812  0.401  0.660  -6.066e+00   5.799e+00   2.972e+00   4.896e+00  12  sdss  5905  82S  3 
    8  53700.249226  0  22.351  0.562  0.591  0.714   4.370e+00   2.095e+00   2.375e+00   2.870e+00  7  sdss  5905  82S  3 
    0  53705.236897  1  22.509  0.182  0.156  0.171   3.507e+00   5.905e-01   5.118e-01   5.592e-01  12  sdss  5924  82S  3 
   32  53705.233580  2  22.442  0.237  0.173  0.145   3.765e+00   8.312e-01   6.159e-01   5.174e-01  12  sdss  5924  82S  3 
   32  53705.234409  3  22.394  0.332  0.204  0.169   3.833e+00   1.210e+00   7.614e-01   6.320e-01  12  sdss  5924  82S  3 
   32  53705.236067  4  22.298  0.667  0.163  0.468   2.715e+00   3.767e+00   8.923e-01   2.564e+00  12  sdss  5924  82S  3 
    0  53705.235238  0  23.113  0.919  0.574  0.905   2.072e+00   1.708e+00   1.198e+00   1.889e+00  7  sdss  5924  82S  3 
