# SDSS CID:    899 IAU:          RA:  14.743586 DEC:  -0.185505  (J2000)
# GALAXY_SB [ugriz] = [ 23.90 24.05 23.43 23.21 22.36 ] +/- [  0.25  0.09  0.06  0.07  0.09 ] (asinh mag/square arcsec)
# GALAXY_SB_FLUX [ugriz] = [  7.641E-01  7.318E-01  1.412E+00  1.633E+00  2.326E+00 ] +/- [  2.958E-01  7.973E-02  9.569E-02  1.252E-01  4.884E-01 ] (microJy per square arcsec)
#FLAG  MJD       FILT  MAG     MERR  MSKYERR MGALERR  FLUX       FLUXERR    SKYERR     GALERR    NPRE TELE   RUN  STRIP  IDCCD
    0  53616.355587  1  22.493  0.211  0.346  0.291   3.560e+00   6.908e-01   1.144e+00   9.611e-01  18  sdss  5566  82N  3 
    0  53616.352269  2  22.151  0.210  0.204  0.177   4.946e+00   9.624e-01   9.455e-01   8.194e-01  17  sdss  5566  82N  3 
    0  53616.353099  3  21.913  0.259  0.283  0.168   6.067e+00   1.461e+00   1.622e+00   9.645e-01  18  sdss  5566  82N  3 
  128  53616.354757  4  23.157  0.898  0.985  0.660  -1.603e+00   5.017e+00   5.023e+00   3.363e+00  18  sdss  5566  82N  3 
 1152  53616.353928  0  22.551  0.637  0.169  0.902   3.612e+00   1.941e+00   5.635e-01   3.006e+00  14  sdss  5566  82N  3 
    0  53626.332631  1  22.391  0.150  0.125  0.112   3.915e+00   5.425e-01   4.532e-01   4.073e-01  18  sdss  5603  82N  3 
    0  53626.329314  2  22.256  0.182  0.128  0.085   4.483e+00   7.614e-01   5.382e-01   3.578e-01  17  sdss  5603  82N  3 
    0  53626.330143  3  22.257  0.286  0.165  0.107   4.376e+00   1.181e+00   6.946e-01   4.507e-01  18  sdss  5603  82N  3 
   32  53626.331802  4  22.418  0.730  0.509  0.418   2.070e+00   4.023e+00   2.666e+00   2.191e+00  18  sdss  5603  82N  3 
    0  53626.330973  0  22.371  0.454  0.094  0.593   4.290e+00   1.687e+00   3.671e-01   2.320e+00  14  sdss  5603  82N  3 
    1  53628.317276  1  22.244  0.297  0.116  0.114   4.491e+00   1.204e+00   4.823e-01   4.728e-01  18  sdss  5610  82N  3 
    1  53628.313959  2  22.247  0.299  0.103  0.124   4.521e+00   1.240e+00   4.395e-01   5.287e-01  17  sdss  5610  82N  3 
    0  53628.314788  3  21.872  0.254  0.097  0.086   6.305e+00   1.488e+00   5.757e-01   5.098e-01  18  sdss  5610  82N  3 
   32  53628.316447  4  22.315  0.823  0.429  0.484   2.624e+00   4.718e+00   2.336e+00   2.638e+00  18  sdss  5610  82N  3 
  129  53628.315618  0  21.988  0.579  0.179  0.378   6.149e+00   2.935e+00   9.866e-01   2.084e+00  14  sdss  5610  82N  3 
    1  53635.325850  1  22.342  0.243  0.101  0.071   4.099e+00   9.056e-01   3.814e-01   2.684e-01  18  sdss  5622  82N  3 
    1  53635.322533  2  22.335  0.251  0.078  0.064   4.163e+00   9.694e-01   3.056e-01   2.519e-01  17  sdss  5622  82N  3 
    0  53635.323362  3  22.139  0.275  0.139  0.071   4.898e+00   1.266e+00   6.532e-01   3.308e-01  18  sdss  5622  82N  3 
    0  53635.325021  4  22.090  0.579  0.220  0.202   3.910e+00   3.528e+00   1.335e+00   1.224e+00  18  sdss  5622  82N  3 
    1  53635.324191  0  21.552  0.302  0.082  0.148   9.227e+00   2.417e+00   6.710e-01   1.215e+00  14  sdss  5622  82N  3 
    1  53637.319248  1  22.471  0.268  0.206  0.164   3.633e+00   8.880e-01   6.958e-01   5.519e-01  18  sdss  5633  82N  3 
    0  53637.315931  2  22.607  0.363  0.288  0.188   3.217e+00   1.081e+00   8.855e-01   5.772e-01  17  sdss  5633  82N  3 
    0  53637.316760  3  22.308  0.385  0.211  0.167   4.166e+00   1.499e+00   8.528e-01   6.741e-01  18  sdss  5633  82N  3 
    0  53637.318419  4  21.608  0.592  0.112  0.259   7.322e+00   4.746e+00   9.378e-01   2.160e+00  18  sdss  5633  82N  3 
    1  53637.317589  0  21.673  0.341  0.066  0.319   8.247e+00   2.431e+00   4.835e-01   2.341e+00  14  sdss  5633  82N  3 
    0  53639.364621  1  22.474  0.168  0.066  0.091   3.623e+00   5.607e-01   2.233e-01   3.073e-01  18  sdss  5642  82N  3 
    0  53639.361303  2  22.344  0.195  0.134  0.079   4.127e+00   7.497e-01   5.208e-01   3.062e-01  17  sdss  5642  82N  3 
    0  53639.362133  3  21.893  0.189  0.086  0.060   6.181e+00   1.095e+00   5.043e-01   3.505e-01  18  sdss  5642  82N  3 
    0  53639.363791  4  22.323  0.573  0.204  0.225   2.580e+00   3.182e+00   1.106e+00   1.221e+00  18  sdss  5642  82N  3 
    0  53639.362962  0  22.186  0.350  0.108  0.278   5.106e+00   1.566e+00   4.989e-01   1.284e+00  14  sdss  5642  82N  3 
    0  53644.311580  1  22.342  0.143  0.137  0.132   4.099e+00   5.400e-01   5.207e-01   5.005e-01  18  sdss  5670  82N  3 
    0  53644.308263  2  22.174  0.226  0.311  0.250   4.841e+00   1.014e+00   1.409e+00   1.135e+00  17  sdss  5670  82N  3 
    0  53644.309092  3  21.831  0.205  0.143  0.121   6.553e+00   1.254e+00   8.821e-01   7.501e-01  18  sdss  5670  82N  3 
    0  53644.310751  4  23.258  0.662  0.500  0.451  -2.129e+00   3.621e+00   2.629e+00   2.370e+00  18  sdss  5670  82N  3 
   32  53644.309921  0  22.867  0.810  0.164  1.247   2.657e+00   1.828e+00   4.151e-01   3.167e+00  14  sdss  5670  82N  3 
    0  53654.346305  1  22.380  0.140  0.081  0.082   3.956e+00   5.090e-01   2.953e-01   3.009e-01  18  sdss  5709  82N  3 
    0  53654.342988  2  22.182  0.191  0.137  0.075   4.804e+00   8.508e-01   6.188e-01   3.367e-01  17  sdss  5709  82N  3 
    0  53654.343817  3  21.798  0.195  0.077  0.059   6.759e+00   1.228e+00   4.932e-01   3.723e-01  18  sdss  5709  82N  3 
    0  53654.345476  4  21.376  0.427  0.090  0.142   9.432e+00   4.133e+00   9.002e-01   1.415e+00  18  sdss  5709  82N  3 
    0  53654.344646  0  22.629  0.535  0.116  0.392   3.352e+00   1.564e+00   3.610e-01   1.223e+00  14  sdss  5709  82N  3 
    1  53663.307055  1  21.975  0.197  0.072  0.052   5.764e+00   1.031e+00   3.843e-01   2.761e-01  18  sdss  5744  82N  3 
    1  53663.303739  2  22.139  0.230  0.078  0.064   5.002e+00   1.063e+00   3.672e-01   3.021e-01  17  sdss  5744  82N  3 
    0  53663.304568  3  22.087  0.310  0.190  0.103   5.147e+00   1.485e+00   9.339e-01   5.056e-01  18  sdss  5744  82N  3 
    0  53663.306226  4  22.025  0.592  0.272  0.231   4.310e+00   3.717e+00   1.714e+00   1.453e+00  18  sdss  5744  82N  3 
    1  53663.305397  0  21.626  0.390  0.143  0.176   8.615e+00   2.875e+00   1.099e+00   1.347e+00  14  sdss  5744  82N  3 
    1  53666.377097  1  22.241  0.235  0.093  0.117   4.503e+00   9.619e-01   3.854e-01   4.852e-01  18  sdss  5765  82N  3 
    0  53666.373779  2  22.063  0.210  0.154  0.091   5.370e+00   1.042e+00   7.709e-01   4.573e-01  17  sdss  5765  82N  3 
    0  53666.374609  3  22.150  0.294  0.150  0.110   4.847e+00   1.333e+00   6.939e-01   5.106e-01  18  sdss  5765  82N  3 
    0  53666.376267  4  22.036  0.669  0.152  0.308   4.242e+00   4.185e+00   9.535e-01   1.925e+00  18  sdss  5765  82N  3 
    1  53666.375438  0  21.726  0.440  0.068  0.288   7.850e+00   2.930e+00   4.737e-01   2.020e+00  14  sdss  5765  82N  3 
    0  53668.296389  1  22.462  0.206  0.126  0.178   3.664e+00   6.941e-01   4.287e-01   6.066e-01  18  sdss  5770  82N  3 
    0  53668.293072  2  22.475  0.318  0.289  0.237   3.648e+00   1.074e+00   1.001e+00   8.182e-01  17  sdss  5770  82N  3 
    0  53668.293901  3  21.861  0.264  0.214  0.173   6.370e+00   1.557e+00   1.285e+00   1.041e+00  18  sdss  5770  82N  3 
    0  53668.295559  4  21.515  0.561  0.161  0.318   8.122e+00   4.818e+00   1.444e+00   2.848e+00  18  sdss  5770  82N  3 
 1152  53668.294730  0  21.732  0.313  0.061  0.476   7.807e+00   2.120e+00   4.223e-01   3.314e+00  14  sdss  5770  82N  3 
    0  53670.301373  1  22.649  0.253  0.374  0.355   3.075e+00   7.143e-01   1.075e+00   1.020e+00  18  sdss  5781  82N  3 
    0  53670.298057  2  22.068  0.194  0.250  0.156   5.345e+00   9.615e-01   1.251e+00   7.788e-01  17  sdss  5781  82N  3 
   32  53670.298886  3  22.925  0.717  0.875  0.460   2.243e+00   1.592e+00   2.089e+00   1.098e+00  18  sdss  5781  82N  3 
    0  53670.300544  4  21.348  0.522  0.270  0.331   9.714e+00   5.099e+00   2.761e+00   3.384e+00  18  sdss  5781  82N  3 
    0  53670.299715  0  21.930  0.380  0.148  0.664   6.491e+00   2.130e+00   8.615e-01   3.864e+00  14  sdss  5781  82N  3 
    0  53673.269370  1  22.397  0.135  0.058  0.083   3.893e+00   4.833e-01   2.106e-01   2.988e-01  18  sdss  5792  82N  3 
    0  53673.266053  2  22.165  0.169  0.094  0.069   4.882e+00   7.669e-01   4.319e-01   3.156e-01  17  sdss  5792  82N  3 
    0  53673.266882  3  22.113  0.242  0.104  0.075   5.021e+00   1.143e+00   4.978e-01   3.619e-01  18  sdss  5792  82N  3 
    0  53673.268541  4  21.979  0.517  0.174  0.201   4.609e+00   3.326e+00   1.130e+00   1.299e+00  18  sdss  5792  82N  3 
    0  53673.267711  0  22.295  0.359  0.112  0.296   4.611e+00   1.457e+00   4.681e-01   1.241e+00  14  sdss  5792  82N  3 
    0  53675.266059  1  22.318  0.136  0.063  0.113   4.191e+00   5.231e-01   2.457e-01   4.364e-01  18  sdss  5800  82N  3 
  128  53675.262742  2  22.454  0.260  0.259  0.160   3.720e+00   9.023e-01   9.133e-01   5.651e-01  17  sdss  5800  82N  3 
    0  53675.263571  3  21.964  0.236  0.124  0.098   5.782e+00   1.274e+00   6.818e-01   5.354e-01  18  sdss  5800  82N  3 
    0  53675.265230  4  22.118  0.695  0.420  0.351   3.742e+00   4.201e+00   2.511e+00   2.099e+00  18  sdss  5800  82N  3 
    0  53675.264401  0  23.008  0.771  0.105  0.916   2.307e+00   1.576e+00   2.375e-01   2.068e+00  14  sdss  5800  82N  3 
  128  53677.287138  1  22.311  0.125  0.061  0.061   4.219e+00   4.841e-01   2.380e-01   2.391e-01  18  sdss  5813  82N  3 
    0  53677.283821  2  22.290  0.182  0.111  0.065   4.342e+00   7.370e-01   4.547e-01   2.669e-01  17  sdss  5813  82N  3 
    0  53677.284651  3  22.209  0.252  0.134  0.079   4.581e+00   1.091e+00   5.886e-01   3.457e-01  18  sdss  5813  82N  3 
    0  53677.286309  4  22.015  0.480  0.207  0.186   4.379e+00   3.031e+00   1.313e+00   1.176e+00  18  sdss  5813  82N  3 
    0  53677.285480  0  21.877  0.248  0.036  0.203   6.820e+00   1.487e+00   2.196e-01   1.240e+00  14  sdss  5813  82N  3 
    0  53680.273493  1  22.429  0.145  0.077  0.100   3.779e+00   5.044e-01   2.706e-01   3.512e-01  18  sdss  5823  82N  3 
    0  53680.270176  2  22.155  0.164  0.095  0.066   4.928e+00   7.537e-01   4.399e-01   3.038e-01  17  sdss  5823  82N  3 
    0  53680.271005  3  21.950  0.203  0.086  0.063   5.859e+00   1.116e+00   4.746e-01   3.475e-01  18  sdss  5823  82N  3 
    0  53680.272664  4  21.922  0.541  0.116  0.248   4.984e+00   3.586e+00   7.811e-01   1.663e+00  18  sdss  5823  82N  3 
    0  53680.271835  0  21.904  0.264  0.084  0.254   6.650e+00   1.540e+00   4.970e-01   1.514e+00  14  sdss  5823  82N  3 
    1  53693.274523  1  22.156  0.292  0.153  0.119   4.873e+00   1.284e+00   6.887e-01   5.366e-01  18  sdss  5878  82N  3 
    1  53693.271206  2  22.572  0.447  0.379  0.188   3.326e+00   1.350e+00   1.201e+00   5.965e-01  17  sdss  5878  82N  3 
    0  53693.272035  3  22.508  0.435  0.259  0.157   3.430e+00   1.413e+00   8.764e-01   5.316e-01  18  sdss  5878  82N  3 
    0  53693.273694  4  22.047  0.656  0.135  0.306   4.173e+00   4.080e+00   8.397e-01   1.905e+00  18  sdss  5878  82N  3 
 1185  53693.272864  0  23.718  1.927  0.675  1.229   1.039e+00   3.158e+00   9.009e-01   1.640e+00  14  sdss  5878  82N  3 
    0  53698.271555  1  22.700  0.207  0.220  0.201   2.931e+00   5.621e-01   6.024e-01   5.502e-01  18  sdss  5898  82N  3 
    0  53698.268238  2  22.572  0.261  0.301  0.139   3.326e+00   8.145e-01   9.542e-01   4.419e-01  17  sdss  5898  82N  3 
    0  53698.269067  3  22.141  0.269  0.194  0.110   4.889e+00   1.234e+00   9.085e-01   5.156e-01  18  sdss  5898  82N  3 
    0  53698.270726  4  21.364  0.443  0.228  0.239   9.552e+00   4.319e+00   2.299e+00   2.411e+00  18  sdss  5898  82N  3 
    0  53698.269896  0  22.317  0.427  0.180  0.478   4.516e+00   1.674e+00   7.412e-01   1.963e+00  14  sdss  5898  82N  3 
    0  53699.294976  1  22.595  0.186  0.168  0.152   3.235e+00   5.546e-01   5.065e-01   4.591e-01  18  sdss  5902  82N  3 
    0  53699.291659  2  22.442  0.220  0.119  0.093   3.762e+00   7.735e-01   4.240e-01   3.327e-01  17  sdss  5902  82N  3 
    0  53699.292488  3  22.163  0.263  0.145  0.090   4.787e+00   1.186e+00   6.639e-01   4.134e-01  18  sdss  5902  82N  3 
    0  53699.294147  4  21.889  0.604  0.248  0.257   5.206e+00   4.075e+00   1.699e+00   1.763e+00  18  sdss  5902  82N  3 
    0  53699.293317  0  22.303  0.459  0.078  0.423   4.576e+00   1.812e+00   3.223e-01   1.758e+00  14  sdss  5902  82N  3 
   32  53704.256958  1  23.063  0.331  0.273  0.436   2.074e+00   6.396e-01   5.413e-01   8.645e-01  18  sdss  5918  82N  3 
    0  53704.253642  2  22.762  0.337  0.299  0.233   2.773e+00   8.794e-01   8.027e-01   6.248e-01  17  sdss  5918  82N  3 
    0  53704.254471  3  22.128  0.297  0.231  0.146   4.950e+00   1.374e+00   1.091e+00   6.889e-01  18  sdss  5918  82N  3 
    8  53704.256129  4  23.368  0.814  1.224  0.506  -2.718e+00   4.687e+00   6.716e+00   2.777e+00  18  sdss  5918  82N  3 
   32  53704.255300  0  23.441  1.211  0.576  1.644   1.454e+00   1.820e+00   9.268e-01   2.644e+00  14  sdss  5918  82N  3 
