# SDSS CID:   2620 IAU:          RA:  15.189154 DEC:  -1.093813  (J2000)
# GALAXY_SB [ugriz] = [ 23.26 24.41 24.30 23.87 22.50 ] +/- [  0.27  0.14  0.12  0.12  0.14 ] (asinh mag/square arcsec)
# GALAXY_SB_FLUX [ugriz] = [  1.716E+00  4.439E-01  4.135E-01  6.043E-01  1.622E+00 ] +/- [  5.019E-01  9.775E-02  1.105E-01  1.608E-01  7.105E-01 ] (microJy per square arcsec)
#FLAG  MJD       FILT  MAG     MERR  MSKYERR MGALERR  FLUX       FLUXERR    SKYERR     GALERR    NPRE TELE   RUN  STRIP  IDCCD
  136  53622.370317  1  22.019  0.127  0.192  0.169   5.531e+00   6.410e-01   9.717e-01   8.575e-01  12  sdss  5582  82S  1 
    0  53622.367000  2  21.994  0.186  0.240  0.200   5.729e+00   9.805e-01   1.281e+00   1.064e+00  12  sdss  5582  82S  1 
    0  53622.367829  3  21.740  0.244  0.299  0.225   7.139e+00   1.607e+00   2.000e+00   1.503e+00  12  sdss  5582  82S  1 
  128  53622.369488  4  22.882  0.927  1.496  1.052  -2.393e-01   5.092e+00   7.302e+00   5.137e+00  11  sdss  5582  82S  1 
  128  53622.368658  0  21.772  0.297  0.577  0.967   7.521e+00   1.906e+00   3.783e+00   6.348e+00  9  sdss  5582  82S  1 
  129  53627.327458  1  22.202  0.213  0.100  0.121   4.667e+00   9.044e-01   4.276e-01   5.202e-01  12  sdss  5607  82S  1 
    0  53627.324141  2  21.939  0.201  0.192  0.139   6.030e+00   1.116e+00   1.077e+00   7.795e-01  12  sdss  5607  82S  1 
    0  53627.324970  3  21.912  0.310  0.298  0.182   6.074e+00   1.728e+00   1.702e+00   1.044e+00  12  sdss  5607  82S  1 
    0  53627.326629  4  21.725  0.540  0.429  0.445   6.387e+00   4.020e+00   3.281e+00   3.401e+00  11  sdss  5607  82S  1 
    1  53627.325799  0  22.696  0.753  0.785  1.198   3.141e+00   1.936e+00   2.260e+00   3.447e+00  9  sdss  5607  82S  1 
    1  53634.320199  1  22.071  0.355  0.199  0.177   5.271e+00   1.658e+00   9.639e-01   8.541e-01  12  sdss  5619  82S  1 
    1  53634.316881  2  21.877  0.284  0.195  0.154   6.387e+00   1.647e+00   1.155e+00   9.117e-01  12  sdss  5619  82S  1 
    1  53634.317711  3  21.818  0.321  0.332  0.232   6.636e+00   1.946e+00   2.063e+00   1.445e+00  12  sdss  5619  82S  1 
    0  53634.319369  4  22.965  0.847  1.133  0.978  -6.454e-01   4.580e+00   5.567e+00   4.805e+00  11  sdss  5619  82S  1 
 1153  53634.318540  0  22.279  1.318  1.108  1.317   4.679e+00   4.012e+00   4.598e+00   5.468e+00  9  sdss  5619  82S  1 
    1  53638.361665  1  22.721  0.240  0.093  0.172   2.871e+00   6.334e-01   2.484e-01   4.614e-01  12  sdss  5637  82S  1 
    0  53638.358348  2  22.047  0.170  0.128  0.093   5.452e+00   8.551e-01   6.488e-01   4.722e-01  12  sdss  5637  82S  1 
    0  53638.359177  3  21.662  0.178  0.146  0.089   7.679e+00   1.268e+00   1.050e+00   6.411e-01  12  sdss  5637  82S  1 
   32  53638.360836  4  22.500  0.726  0.237  0.580   1.648e+00   3.930e+00   1.211e+00   2.963e+00  11  sdss  5637  82S  1 
    1  53638.360007  0  23.049  0.972  0.832  1.548   2.211e+00   1.828e+00   1.782e+00   3.314e+00  9  sdss  5637  82S  1 
    0  53640.325675  1  23.080  0.318  0.181  0.365   2.040e+00   6.048e-01   3.530e-01   7.105e-01  12  sdss  5646  82S  1 
    0  53640.322358  2  22.182  0.194  0.199  0.155   4.807e+00   8.638e-01   8.956e-01   6.946e-01  12  sdss  5646  82S  1 
    0  53640.323187  3  22.367  0.333  0.338  0.206   3.937e+00   1.239e+00   1.289e+00   7.844e-01  12  sdss  5646  82S  1 
    0  53640.324846  4  23.128  0.755  0.569  0.768  -1.456e+00   4.079e+00   2.877e+00   3.883e+00  11  sdss  5646  82S  1 
 1152  53640.324017  0  23.516  1.192  1.647  2.809   1.334e+00   1.721e+00   2.478e+00   4.225e+00  9  sdss  5646  82S  1 
    1  53655.297676  1  23.395  0.541  0.406  0.436   1.497e+00   7.587e-01   6.034e-01   6.476e-01  12  sdss  5713  82S  1 
    0  53655.294359  2  22.596  0.337  0.355  0.204   3.253e+00   1.014e+00   1.099e+00   6.313e-01  12  sdss  5713  82S  1 
    0  53655.295188  3  22.006  0.286  0.274  0.171   5.559e+00   1.475e+00   1.441e+00   8.963e-01  12  sdss  5713  82S  1 
   32  53655.296847  4  22.219  0.844  0.860  0.800   3.154e+00   4.988e+00   4.880e+00   4.541e+00  11  sdss  5713  82S  1 
  129  53655.296017  0  26.231  1.065  1.523  2.089  -2.099e+00   1.910e+00   3.127e+00   4.291e+00  9  sdss  5713  82S  1 
    9  53664.322700  1  25.771  1.463  4.085  0.889  -4.083e-01   1.200e+00   2.844e+00   6.193e-01  12  sdss  5754  82S  1 
    1  53664.319383  2  22.697  0.437  0.333  0.212   2.952e+00   1.183e+00   9.433e-01   6.014e-01  12  sdss  5754  82S  1 
    0  53664.320213  3  22.599  0.537  0.438  0.281   3.135e+00   1.582e+00   1.366e+00   8.763e-01  12  sdss  5754  82S  1 
    0  53664.321871  4  23.482  0.844  0.262  0.682  -3.356e+00   5.040e+00   1.513e+00   3.940e+00  11  sdss  5754  82S  1 
  129  53664.321042  0  23.174  1.919  2.024  2.568   1.945e+00   3.449e+00   3.922e+00   4.975e+00  9  sdss  5754  82S  1 
   32  53669.281636  1  24.485  0.682  0.279  0.659   3.941e-01   4.806e-01   1.926e-01   4.546e-01  12  sdss  5776  82S  1 
    0  53669.278319  2  22.640  0.243  0.163  0.108   3.119e+00   7.129e-01   4.847e-01   3.219e-01  12  sdss  5776  82S  1 
    0  53669.279148  3  22.699  0.446  0.287  0.159   2.836e+00   1.229e+00   8.225e-01   4.576e-01  12  sdss  5776  82S  1 
    0  53669.280806  4  21.553  0.432  0.184  0.272   7.787e+00   3.652e+00   1.595e+00   2.360e+00  11  sdss  5776  82S  1 
  128  53669.279977  0  23.414  0.868  0.966  1.615   1.501e+00   1.320e+00   1.562e+00   2.611e+00  9  sdss  5776  82S  1 
    0  53671.366257  1  24.018  0.700  0.441  0.559   7.643e-01   6.158e-01   4.017e-01   5.099e-01  12  sdss  5786  82S  1 
    0  53671.362940  2  22.913  0.378  0.231  0.186   2.395e+00   8.578e-01   5.414e-01   4.351e-01  12  sdss  5786  82S  1 
    0  53671.363769  3  22.572  0.434  0.324  0.202   3.221e+00   1.333e+00   1.034e+00   6.452e-01  12  sdss  5786  82S  1 
    0  53671.365428  4  22.096  0.747  0.196  0.445   3.874e+00   4.567e+00   1.184e+00   2.689e+00  11  sdss  5786  82S  1 
  128  53671.364598  0  22.225  0.519  0.560  0.778   4.925e+00   2.117e+00   2.440e+00   3.391e+00  9  sdss  5786  82S  1 
    0  53674.265900  1  25.895  0.795  0.862  1.207  -4.978e-01   5.967e-01   6.404e-01   8.969e-01  12  sdss  5797  82S  1 
    0  53674.262583  2  22.643  0.300  0.370  0.247   3.110e+00   8.722e-01   1.100e+00   7.324e-01  12  sdss  5797  82S  1 
    0  53674.263412  3  21.964  0.250  0.249  0.183   5.784e+00   1.342e+00   1.360e+00   9.980e-01  12  sdss  5797  82S  1 
    0  53674.265071  4  23.151  0.782  0.815  0.956  -1.573e+00   4.262e+00   4.150e+00   4.866e+00  11  sdss  5797  82S  1 
    0  53674.264242  0  25.384  1.362  2.916  4.431  -7.480e-01   1.795e+00   3.395e+00   5.158e+00  9  sdss  5797  82S  1 
    0  53676.355234  1  25.737  0.753  0.445  0.687  -3.846e-01   5.314e-01   3.049e-01   4.703e-01  12  sdss  5807  82S  1 
    0  53676.351917  2  23.818  0.720  0.387  0.345   8.982e-01   8.083e-01   4.449e-01   3.965e-01  12  sdss  5807  82S  1 
    0  53676.352746  3  22.475  0.352  0.173  0.158   3.544e+00   1.189e+00   6.007e-01   5.474e-01  12  sdss  5807  82S  1 
    0  53676.354405  4  21.844  0.525  0.199  0.341   5.515e+00   3.633e+00   1.405e+00   2.403e+00  11  sdss  5807  82S  1 
  128  53676.353576  0  23.417  1.140  1.495  1.950   1.495e+00   1.714e+00   2.412e+00   3.147e+00  9  sdss  5807  82S  1 
    0  53679.326918  1  25.472  0.896  0.671  1.362  -2.118e-01   6.061e-01   4.159e-01   8.439e-01  12  sdss  5820  82S  1 
   32  53679.323601  2  24.042  0.979  0.880  0.804   6.579e-01   1.009e+00   8.815e-01   8.062e-01  12  sdss  5820  82S  1 
    0  53679.324430  3  22.271  0.373  0.399  0.261   4.319e+00   1.498e+00   1.657e+00   1.084e+00  12  sdss  5820  82S  1 
    0  53679.326089  4  23.455  0.868  0.553  0.878  -3.201e+00   5.158e+00   3.154e+00   5.007e+00  11  sdss  5820  82S  1 
  128  53679.325259  0  25.091  1.407  3.170  4.965  -4.223e-01   1.811e+00   3.282e+00   5.140e+00  9  sdss  5820  82S  1 
    4  53681.318286  1  23.823  0.786  0.630  0.353   9.564e-01   7.725e-01   6.620e-01   3.710e-01  12  sdss  5836  82S  1 
   28  53681.314969  2  23.324  1.084  2.086  0.204   1.581e+00   1.574e+00   3.462e+00   3.389e-01  12  sdss  5836  82S  1 
    4  53681.315798  3  23.115  0.898  0.603  0.211   1.822e+00   1.716e+00   1.239e+00   4.336e-01  12  sdss  5836  82S  1 
   36  53681.317456  4  22.612  0.977  0.420  0.466   1.084e+00   5.488e+00   2.093e+00   2.321e+00  11  sdss  5836  82S  1 
    4  53681.316627  0  26.607  0.951  0.962  0.889  -3.055e+00   2.270e+00   2.702e+00   2.496e+00  9  sdss  5836  82S  1 
    1  53685.277047  1  23.519  1.499  0.854  0.463   1.320e+00   1.656e+00   1.143e+00   6.201e-01  12  sdss  5853  82S  1 
    1  53685.273730  2  23.234  1.249  0.636  0.448   1.736e+00   1.880e+00   1.137e+00   7.994e-01  12  sdss  5853  82S  1 
    1  53685.274560  3  22.258  0.498  0.357  0.213   4.374e+00   1.974e+00   1.497e+00   8.943e-01  12  sdss  5853  82S  1 
    0  53685.276218  4  23.466  0.770  0.268  0.559  -3.264e+00   4.541e+00   1.534e+00   3.206e+00  11  sdss  5853  82S  1 
  129  53685.275389  0  23.209  1.959  1.809  1.971   1.875e+00   3.527e+00   3.412e+00   3.718e+00  9  sdss  5853  82S  1 
   32  53697.274306  1  24.996  1.019  0.693  0.776   7.186e-02   6.937e-01   4.106e-01   4.597e-01  12  sdss  5895  82S  1 
    0  53697.270989  2  22.934  0.395  0.290  0.156   2.346e+00   8.775e-01   6.686e-01   3.580e-01  12  sdss  5895  82S  1 
    0  53697.271819  3  22.817  0.506  0.308  0.213   2.514e+00   1.258e+00   8.018e-01   5.536e-01  12  sdss  5895  82S  1 
    0  53697.273477  4  23.020  0.728  0.518  0.554  -9.164e-01   3.857e+00   2.564e+00   2.742e+00  11  sdss  5895  82S  1 
    0  53697.272648  0  24.495  1.472  2.777  3.395   1.658e-01   1.909e+00   2.720e+00   3.325e+00  9  sdss  5895  82S  1 
   32  53700.272975  1  24.142  0.823  0.703  1.200   6.555e-01   6.750e-01   5.896e-01   1.006e+00  12  sdss  5905  82S  1 
   32  53700.269659  2  23.545  0.786  1.062  0.729   1.244e+00   1.030e+00   1.483e+00   1.018e+00  12  sdss  5905  82S  1 
    0  53700.270488  3  21.976  0.363  0.469  0.313   5.719e+00   1.898e+00   2.532e+00   1.689e+00  12  sdss  5905  82S  1 
   32  53700.272146  4  22.143  0.894  0.807  1.043   3.594e+00   5.446e+00   4.759e+00   6.147e+00  11  sdss  5905  82S  1 
 1186  53700.271317  0  24.341  1.627  7.283  7.785   3.192e-01   2.252e+00   7.337e+00   7.842e+00  9  sdss  5905  82S  1 
   32  53705.259449  1  24.982  0.862  0.488  1.089   8.025e-02   5.646e-01   2.898e-01   6.459e-01  12  sdss  5924  82S  1 
    0  53705.256132  2  23.319  0.505  0.519  0.343   1.590e+00   8.058e-01   8.649e-01   5.712e-01  12  sdss  5924  82S  1 
   32  53705.256961  3  24.002  0.981  1.307  0.627   4.338e-01   1.363e+00   1.634e+00   7.841e-01  12  sdss  5924  82S  1 
   32  53705.258620  4  22.609  0.734  0.853  0.828   1.099e+00   3.915e+00   4.251e+00   4.126e+00  11  sdss  5924  82S  1 
  128  53705.257790  0  23.357  1.082  1.776  2.443   1.597e+00   1.676e+00   2.991e+00   4.115e+00  9  sdss  5924  82S  1 
