# SDSS CID:   2378 IAU:          RA: 309.779358 DEC:   0.554646  (J2000)
# GALAXY_SB [ugriz] = [ 20.24 18.61 17.81 17.30 16.95 ] +/- [  0.00  0.00  0.00  0.00  0.00 ] (asinh mag/square arcsec)
# GALAXY_SB_FLUX [ugriz] = [  3.007E+01  1.278E+02  2.711E+02  4.310E+02  5.920E+02 ] +/- [  0.000E+00  0.000E+00  0.000E+00  0.000E+00  0.000E+00 ] (microJy per square arcsec)
#FLAG  MJD       FILT  MAG     MERR  MSKYERR MGALERR  FLUX       FLUXERR    SKYERR     GALERR    NPRE TELE   RUN  STRIP  IDCCD
  304  53622.188490  1  22.147  0.352  1.191  0.000   4.912e+00   1.560e+00   5.452e+00   0.000e+00  7  sdss  5582  82S  5 
  272  53622.185173  2  26.434  1.433  3.620  0.000  -1.853e+00   2.210e+00   6.849e+00   0.000e+00  5  sdss  5582  82S  5 
  272  53622.186002  3  27.950  0.204  0.702  0.000  -1.749e+01   3.282e+00   1.141e+01   0.000e+00  7  sdss  5582  82S  5 
  304  53622.187660  4  20.157  0.320  0.524  0.000   3.090e+01   9.056e+00   1.523e+01   0.000e+00  7  sdss  5582  82S  5 
  256  53622.186831  0  27.609  0.418  0.455  0.000  -7.878e+00   2.879e+00   3.280e+00   0.000e+00  5  sdss  5582  82S  5 
  305  53625.184481  1  23.390  0.814  1.050  0.000   1.506e+00   1.093e+00   1.587e+00   0.000e+00  7  sdss  5597  82S  5 
  272  53625.181164  2  24.965  1.530  2.957  0.000  -1.308e-01   1.673e+00   2.390e+00   0.000e+00  5  sdss  5597  82S  5 
  272  53625.181993  3  27.079  0.321  0.503  0.000  -7.794e+00   2.287e+00   3.682e+00   0.000e+00  7  sdss  5597  82S  5 
  272  53625.183652  4  25.839  0.161  0.117  0.000  -4.202e+01   6.286e+00   4.601e+00   0.000e+00  7  sdss  5597  82S  5 
  257  53625.182822  0  25.709  1.262  0.583  0.000  -1.173e+00   1.790e+00   8.393e-01   0.000e+00  5  sdss  5597  82S  5 
  273  53627.145149  1  27.960  0.390  0.664  0.000  -4.354e+00   1.521e+00   2.700e+00   0.000e+00  7  sdss  5607  82S  5 
  305  53627.141832  2  21.857  0.338  0.658  0.000   6.506e+00   1.994e+00   4.001e+00   0.000e+00  5  sdss  5607  82S  5 
  304  53627.142661  3  20.614  0.163  0.364  0.000   2.027e+01   3.040e+00   6.853e+00   0.000e+00  7  sdss  5607  82S  5 
  272  53627.144320  4  23.225  1.225  1.504  0.000  -1.957e+00   7.495e+00   7.825e+00   0.000e+00  7  sdss  5607  82S  5 
  289  53627.143491  0  22.140  0.659  0.320  0.000   5.334e+00   2.929e+00   1.578e+00   0.000e+00  5  sdss  5607  82S  5 
  435  53634.137239  1  22.253  0.503  1.916  0.000   4.452e+00   1.957e+00   7.963e+00   0.000e+00  7  sdss  5619  82S  5 
  274  53634.133922  2  28.627  0.191  0.825  0.000  -1.468e+01   2.571e+00   1.124e+01   0.000e+00  5  sdss  5619  82S  5 
 1458  53634.134751  3  20.516  0.208  1.096  0.000   2.219e+01   4.228e+00   2.259e+01   0.000e+00  7  sdss  5619  82S  5 
  272  53634.136410  4  25.261  0.425  0.873  0.000  -2.449e+01   9.428e+00   2.028e+01   0.000e+00  7  sdss  5619  82S  5 
  258  53634.135581  0  27.876  0.344  0.429  0.000  -1.009e+01   3.070e+00   3.945e+00   0.000e+00  5  sdss  5619  82S  5 
  272  53636.142570  1  25.246  1.539  3.893  0.000  -7.567e-02   1.244e+00   2.309e+00   0.000e+00  7  sdss  5628  82S  5 
  272  53636.139253  2  26.740  0.768  0.978  0.000  -2.513e+00   1.677e+00   2.407e+00   0.000e+00  5  sdss  5628  82S  5 
  272  53636.140082  3  27.803  0.198  0.410  0.000  -1.527e+01   2.776e+00   5.828e+00   0.000e+00  7  sdss  5628  82S  5 
  272  53636.141741  4  25.057  0.389  0.348  0.000  -2.019e+01   7.244e+00   6.734e+00   0.000e+00  7  sdss  5628  82S  5 
  416  53636.140911  0  22.872  0.918  0.681  0.000   2.643e+00   2.054e+00   1.762e+00   0.000e+00  5  sdss  5628  82S  5 
  400  53645.201464  1  26.637  1.079  2.118  0.000  -1.215e+00   1.188e+00   2.685e+00   0.000e+00  7  sdss  5675  82S  5 
  272  53645.198147  2  28.076  0.214  0.367  0.000  -8.826e+00   1.736e+00   3.013e+00   0.000e+00  5  sdss  5675  82S  5 
  276  53645.198976  3  28.695  0.088  0.155  0.000  -3.478e+01   2.840e+00   4.986e+00   0.000e+00  7  sdss  5675  82S  5 
  272  53645.200635  4  24.733  0.525  0.542  0.000  -1.478e+01   7.194e+00   7.882e+00   0.000e+00  7  sdss  5675  82S  5 
  256  53645.199806  0  25.473  1.548  1.311  0.000  -8.565e-01   2.195e+00   1.627e+00   0.000e+00  5  sdss  5675  82S  5 
  305  53655.112929  1  22.360  0.346  0.476  0.000   4.029e+00   1.262e+00   1.794e+00   0.000e+00  7  sdss  5713  82S  5 
  273  53655.109612  2  28.292  0.154  0.222  0.000  -1.078e+01   1.530e+00   2.222e+00   0.000e+00  5  sdss  5713  82S  5 
  272  53655.110441  3  27.031  0.336  0.431  0.000  -7.453e+00   2.287e+00   3.020e+00   0.000e+00  7  sdss  5713  82S  5 
  288  53655.112100  4  22.337  1.297  0.832  0.000   2.503e+00   8.216e+00   4.494e+00   0.000e+00  7  sdss  5713  82S  5 
  289  53655.111271  0  23.933  1.541  0.855  0.000   7.643e-01   2.154e+00   1.018e+00   0.000e+00  5  sdss  5713  82S  5 
  273  53664.137323  1  25.634  1.690  5.071  0.000  -3.155e-01   1.477e+00   3.332e+00   0.000e+00  7  sdss  5754  82S  5 
  272  53664.134007  2  26.330  1.501  3.101  0.000  -1.665e+00   2.191e+00   5.389e+00   0.000e+00  5  sdss  5754  82S  5 
  432  53664.134836  3  22.417  0.899  1.727  0.000   3.750e+00   2.826e+00   6.339e+00   0.000e+00  7  sdss  5754  82S  5 
  288  53664.136494  4  22.590  1.253  1.552  0.000   1.192e+00   7.623e+00   7.760e+00   0.000e+00  7  sdss  5754  82S  5 
  257  53664.135665  0  26.276  1.322  0.751  0.000  -2.200e+00   2.436e+00   1.666e+00   0.000e+00  5  sdss  5754  82S  5 
  272  53666.100633  1  25.934  1.255  1.656  0.000  -5.266e-01   1.012e+00   1.265e+00   0.000e+00  7  sdss  5763  82S  5 
  272  53666.097316  2  26.128  1.197  1.411  0.000  -1.343e+00   1.587e+00   2.085e+00   0.000e+00  5  sdss  5763  82S  5 
  304  53666.098146  3  22.106  0.539  0.755  0.000   5.056e+00   2.430e+00   3.646e+00   0.000e+00  7  sdss  5763  82S  5 
  288  53666.099804  4  22.340  1.030  0.675  0.000   2.487e+00   6.102e+00   3.642e+00   0.000e+00  7  sdss  5763  82S  5 
  288  53666.098975  0  24.314  1.391  0.664  0.000   3.467e-01   1.773e+00   6.766e-01   0.000e+00  5  sdss  5763  82S  5 
  304  53669.095947  1  22.490  0.347  0.582  0.000   3.568e+00   1.125e+00   1.950e+00   0.000e+00  7  sdss  5776  82S  5 
  304  53669.092630  2  20.583  0.088  0.129  0.000   2.111e+01   1.722e+00   2.524e+00   0.000e+00  5  sdss  5776  82S  5 
  304  53669.093459  3  20.899  0.167  0.257  0.000   1.558e+01   2.402e+00   3.728e+00   0.000e+00  7  sdss  5776  82S  5 
  256  53669.095118  4  25.001  0.350  0.254  0.000  -1.914e+01   6.244e+00   4.669e+00   0.000e+00  7  sdss  5776  82S  5 
  256  53669.094288  0  25.992  1.179  0.725  0.000  -1.630e+00   1.881e+00   1.283e+00   0.000e+00  5  sdss  5776  82S  5 
  304  53674.079941  1  24.087  1.349  2.536  0.000   7.025e-01   1.177e+00   2.222e+00   0.000e+00  7  sdss  5797  82S  5 
  304  53674.076624  2  22.059  0.382  0.672  0.000   5.391e+00   1.857e+00   3.401e+00   0.000e+00  5  sdss  5797  82S  5 
  272  53674.077453  3  27.525  0.247  0.497  0.000  -1.180e+01   2.669e+00   5.464e+00   0.000e+00  7  sdss  5797  82S  5 
  304  53674.079111  4  20.709  0.419  0.390  0.000   1.834e+01   7.112e+00   6.909e+00   0.000e+00  7  sdss  5797  82S  5 
  288  53674.078282  0  22.678  0.762  0.618  0.000   3.198e+00   2.069e+00   1.891e+00   0.000e+00  5  sdss  5797  82S  5 
  309  53681.131993  1  23.174  0.999  3.520  0.000   1.862e+00   1.514e+00   6.400e+00   0.000e+00  7  sdss  5836  82S  5 
  437  53681.128676  2  22.911  1.737  6.372  0.000   2.400e+00   3.031e+00   1.506e+01   0.000e+00  5  sdss  5836  82S  5 
 1461  53681.129505  3  21.080  0.555  1.225  0.000   1.318e+01   6.280e+00   1.504e+01   0.000e+00  7  sdss  5836  82S  5 
  260  53681.131163  4  24.207  1.377  0.887  0.000  -8.636e+00   1.141e+01   8.311e+00   0.000e+00  7  sdss  5836  82S  5 
 1412  53681.130334  0  28.164  0.319  0.219  0.000  -1.317e+01   3.725e+00   2.624e+00   0.000e+00  5  sdss  5836  82S  5 
  273  53685.090603  1  28.642  0.332  1.128  0.000  -8.199e+00   2.446e+00   8.567e+00   0.000e+00  7  sdss  5853  82S  5 
  273  53685.087286  2  28.127  0.324  1.010  0.000  -9.253e+00   2.708e+00   8.692e+00   0.000e+00  5  sdss  5853  82S  5 
  305  53685.088116  3  20.063  0.122  0.399  0.000   3.370e+01   3.785e+00   1.247e+01   0.000e+00  7  sdss  5853  82S  5 
  288  53685.089774  4  21.219  0.934  1.159  0.000   1.111e+01   9.339e+00   1.321e+01   0.000e+00  7  sdss  5853  82S  5 
  257  53685.088945  0  26.661  2.236  1.510  0.000  -3.222e+00   5.090e+00   4.651e+00   0.000e+00  5  sdss  5853  82S  5 
  289  53687.129002  1  22.559  0.706  1.085  0.000   3.345e+00   1.969e+00   3.412e+00   0.000e+00  7  sdss  5870  82S  5 
  273  53687.125686  2  25.932  1.713  4.096  0.000  -1.075e+00   2.242e+00   5.230e+00   0.000e+00  5  sdss  5870  82S  5 
  272  53687.126515  3  25.136  1.725  4.990  0.000  -9.958e-01   3.155e+00   7.493e+00   0.000e+00  7  sdss  5870  82S  5 
  304  53687.128173  4  19.410  0.131  0.131  0.000   6.182e+01   7.481e+00   7.567e+00   0.000e+00  7  sdss  5870  82S  5 
  257  53687.127344  0  25.279  2.309  2.518  0.000  -6.266e-01   4.388e+00   2.828e+00   0.000e+00  5  sdss  5870  82S  5 
 1428  53697.087561  1  28.195  0.675  3.331  0.000  -5.417e+00   3.031e+00   1.678e+01   0.000e+00  7  sdss  5895  82S  5 
 1428  53697.084244  2  28.840  0.269  1.170  0.000  -1.787e+01   4.371e+00   1.939e+01   0.000e+00  5  sdss  5895  82S  5 
 1300  53697.085074  3  26.990  1.076  2.474  0.000  -7.172e+00   5.668e+00   1.671e+01   0.000e+00  7  sdss  5895  82S  5 
 1284  53697.086732  4  25.847  0.452  0.343  0.000  -4.233e+01   1.695e+01   1.358e+01   0.000e+00  7  sdss  5895  82S  5 
 1284  53697.085903  0  20.676  0.290  0.296  0.000   2.073e+01   5.336e+00   5.568e+00   0.000e+00  5  sdss  5895  82S  5 
  272  53700.086192  1  28.890  0.127  0.249  0.000  -1.031e+01   1.211e+00   2.375e+00   0.000e+00  7  sdss  5905  82S  5 
  304  53700.082875  2  20.697  0.105  0.198  0.000   1.902e+01   1.852e+00   3.482e+00   0.000e+00  5  sdss  5905  82S  5 
  272  53700.083704  3  26.961  0.414  0.800  0.000  -6.981e+00   2.603e+00   5.261e+00   0.000e+00  7  sdss  5905  82S  5 
  272  53700.085363  4  24.839  0.461  0.450  0.000  -1.638e+01   6.997e+00   7.177e+00   0.000e+00  7  sdss  5905  82S  5 
  416  53700.084534  0  23.415  1.326  1.004  0.000   1.498e+00   2.046e+00   1.676e+00   0.000e+00  5  sdss  5905  82S  5 
  304  53705.072638  1  22.657  0.527  1.383  0.000   3.051e+00   1.416e+00   3.981e+00   0.000e+00  7  sdss  5924  82S  5 
  272  53705.069322  2  27.846  0.324  0.936  0.000  -7.132e+00   2.092e+00   6.227e+00   0.000e+00  5  sdss  5924  82S  5 
  432  53705.070151  3  20.824  0.198  0.549  0.000   1.670e+01   3.040e+00   8.521e+00   0.000e+00  7  sdss  5924  82S  5 
  272  53705.071809  4  26.265  0.136  0.175  0.000  -6.235e+01   7.878e+00   1.012e+01   0.000e+00  7  sdss  5924  82S  5 
 1408  53705.070980  0  27.712  0.297  0.298  0.000  -8.668e+00   2.302e+00   2.364e+00   0.000e+00  5  sdss  5924  82S  5 
