# SDSS CID:  13965 IAU:          RA:  40.899170 DEC:   0.697531  (J2000)
# GALAXY_SB [ugriz] = [ 22.62 21.71 20.68 20.30 19.87 ] +/- [  0.07  0.01  0.01  0.01  0.01 ] (asinh mag/square arcsec)
# GALAXY_SB_FLUX [ugriz] = [  3.283E+00  7.311E+00  1.929E+01  2.711E+01  3.998E+01 ] +/- [  2.112E-01  9.435E-02  1.162E-01  1.582E-01  4.873E-01 ] (microJy per square arcsec)
#FLAG  MJD       FILT  MAG     MERR  MSKYERR MGALERR  FLUX       FLUXERR    SKYERR     GALERR    NPRE TELE   RUN  STRIP  IDCCD
   33  53989.426019  1  23.075  0.727  0.270  0.165   2.051e+00   1.275e+00   5.303e-01   3.229e-01  11  sdss  6314  82N  5 
   33  53989.422702  2  21.503  0.162  0.025  0.045   9.034e+00   1.339e+00   2.084e-01   3.749e-01  22  sdss  6314  82N  5 
   33  53989.423531  3  21.346  0.191  0.035  0.047   1.030e+01   1.790e+00   3.287e-01   4.497e-01  23  sdss  6314  82N  5 
   32  53989.425190  4  20.897  0.279  0.026  0.108   1.530e+01   4.047e+00   3.803e-01   1.591e+00  23  sdss  6314  82N  5 
  161  53989.424360  0  23.080  1.590  0.085  0.364   2.143e+00   2.859e+00   1.834e-01   7.855e-01  15  sdss  6314  82N  5 
   32  53997.449890  1  22.420  0.156  0.023  0.107   3.808e+00   5.471e-01   8.258e-02   3.787e-01  11  sdss  6374  82N  5 
   32  53997.446573  2  21.784  0.133  0.010  0.070   6.964e+00   8.515e-01   6.141e-02   4.492e-01  22  sdss  6374  82N  5 
   32  53997.447402  3  21.114  0.113  0.026  0.050   1.277e+01   1.320e+00   3.051e-01   5.846e-01  23  sdss  6374  82N  5 
   32  53997.449061  4  20.834  0.224  0.055  0.114   1.627e+01   3.452e+00   8.616e-01   1.781e+00  23  sdss  6374  82N  5 
  160  53997.448231  0  23.012  0.621  0.159  0.382   2.298e+00   1.322e+00   3.620e-01   8.717e-01  15  sdss  6374  82N  5 
 1212  54000.402132  1  22.153  0.212  0.419  0.169   4.883e+00   9.424e-01   1.883e+00   7.601e-01  11  sdss  6383  82N  5 
   40  54000.398815  2  21.801  0.151  0.091  0.128   6.854e+00   9.522e-01   5.776e-01   8.126e-01  22  sdss  6383  82N  5 
   32  54000.399644  3  21.532  0.193  0.032  0.139   8.664e+00   1.532e+00   2.596e-01   1.115e+00  23  sdss  6383  82N  5 
  160  54000.401303  4  21.436  0.504  0.248  0.353   8.852e+00   4.573e+00   2.336e+00   3.324e+00  23  sdss  6383  82N  5 
   32  54000.400474  0  23.153  0.861  0.197  0.830   1.988e+00   1.582e+00   4.001e-01   1.690e+00  15  sdss  6383  82N  5 
   32  54007.452433  1  22.588  0.221  0.052  0.254   3.254e+00   6.598e-01   1.560e-01   7.679e-01  11  sdss  6414  82N  5 
   32  54007.449115  2  21.808  0.166  0.050  0.135   6.810e+00   1.034e+00   3.165e-01   8.488e-01  22  sdss  6414  82N  5 
   32  54007.449945  3  22.205  0.439  0.183  0.420   4.598e+00   1.830e+00   7.996e-01   1.834e+00  23  sdss  6414  82N  5 
   32  54007.451603  4  20.811  0.310  0.073  0.201   1.663e+01   4.823e+00   1.165e+00   3.199e+00  23  sdss  6414  82N  5 
  162  54007.450774  0  24.197  1.687  1.227  3.791   4.684e-01   2.412e+00   1.297e+00   4.006e+00  15  sdss  6414  82N  5 
   32  54009.376541  1  22.520  0.163  0.007  0.090   3.468e+00   5.227e-01   2.332e-02   2.906e-01  11  sdss  6421  82N  5 
   32  54009.373224  2  21.571  0.104  0.024  0.047   8.483e+00   8.131e-01   1.847e-01   3.665e-01  22  sdss  6421  82N  5 
   32  54009.374053  3  21.316  0.130  0.033  0.048   1.059e+01   1.265e+00   3.200e-01   4.672e-01  23  sdss  6421  82N  5 
    0  54009.375712  4  20.437  0.162  0.018  0.061   2.377e+01   3.575e+00   4.000e-01   1.358e+00  23  sdss  6421  82N  5 
   32  54009.374882  0  23.278  0.772  0.093  0.370   1.741e+00   1.320e+00   1.712e-01   6.824e-01  15  sdss  6421  82N  5 
   32  54011.441177  1  22.540  0.166  0.009  0.092   3.403e+00   5.220e-01   2.782e-02   2.922e-01  11  sdss  6430  82N  5 
   32  54011.437859  2  21.589  0.109  0.013  0.051   8.343e+00   8.352e-01   1.004e-01   3.918e-01  22  sdss  6430  82N  5 
   32  54011.438689  3  21.519  0.160  0.011  0.057   8.770e+00   1.286e+00   8.728e-02   4.593e-01  23  sdss  6430  82N  5 
   32  54011.440347  4  21.094  0.278  0.019  0.092   1.259e+01   3.410e+00   2.327e-01   1.148e+00  23  sdss  6430  82N  5 
    0  54011.439518  0  22.718  0.476  0.111  0.229   3.074e+00   1.327e+00   3.255e-01   6.716e-01  15  sdss  6430  82N  5 
   40  54012.453833  1  22.313  0.158  0.114  0.161   4.208e+00   6.119e-01   4.425e-01   6.256e-01  11  sdss  6435  82N  5 
   40  54012.450515  2  21.835  0.160  0.094  0.111   6.641e+00   9.730e-01   5.761e-01   6.811e-01  22  sdss  6435  82N  5 
   32  54012.451345  3  21.562  0.192  0.054  0.096   8.426e+00   1.484e+00   4.186e-01   7.473e-01  23  sdss  6435  82N  5 
   32  54012.453004  4  20.924  0.298  0.135  0.165   1.490e+01   4.205e+00   1.942e+00   2.376e+00  23  sdss  6435  82N  5 
   32  54012.452174  0  22.893  0.731  0.187  0.574   2.589e+00   1.670e+00   4.715e-01   1.450e+00  15  sdss  6435  82N  5 
   33  54021.445340  1  22.155  0.190  0.090  0.111   4.874e+00   8.452e-01   4.035e-01   5.001e-01  11  sdss  6450  82N  5 
   32  54021.442023  2  21.819  0.163  0.063  0.083   6.740e+00   1.010e+00   3.911e-01   5.178e-01  22  sdss  6450  82N  5 
   32  54021.442852  3  21.180  0.172  0.020  0.061   1.201e+01   1.883e+00   2.231e-01   6.686e-01  23  sdss  6450  82N  5 
   32  54021.444511  4  20.981  0.289  0.035  0.137   1.409e+01   3.897e+00   4.748e-01   1.884e+00  23  sdss  6450  82N  5 
    1  54021.443682  0  21.972  0.401  0.116  0.206   6.242e+00   2.193e+00   6.593e-01   1.173e+00  15  sdss  6450  82N  5 
   40  54025.440658  1  22.190  0.170  0.160  0.205   4.718e+00   7.324e-01   6.951e-01   8.933e-01  11  sdss  6461  82N  5 
   32  54025.437341  2  21.664  0.154  0.022  0.122   7.783e+00   1.095e+00   1.601e-01   8.771e-01  22  sdss  6461  82N  5 
   32  54025.438170  3  21.260  0.155  0.050  0.098   1.116e+01   1.583e+00   5.121e-01   1.008e+00  23  sdss  6461  82N  5 
   32  54025.439829  4  20.989  0.346  0.202  0.231   1.398e+01   4.600e+00   2.754e+00   3.146e+00  23  sdss  6461  82N  5 
  160  54025.438999  0  22.155  0.410  0.298  0.355   5.257e+00   1.897e+00   1.439e+00   1.715e+00  15  sdss  6461  82N  5 
   32  54029.450451  1  22.253  0.153  0.029  0.119   4.449e+00   6.223e-01   1.210e-01   4.898e-01  11  sdss  6476  82N  5 
   32  54029.447134  2  21.473  0.114  0.006  0.060   9.289e+00   9.736e-01   4.767e-02   5.097e-01  22  sdss  6476  82N  5 
   32  54029.447963  3  21.130  0.128  0.035  0.051   1.259e+01   1.473e+00   4.075e-01   5.952e-01  23  sdss  6476  82N  5 
   32  54029.449621  4  20.968  0.327  0.043  0.142   1.427e+01   4.429e+00   5.904e-01   1.975e+00  23  sdss  6476  82N  5 
   40  54029.448792  0  22.500  0.523  0.349  0.344   3.795e+00   1.742e+00   1.239e+00   1.220e+00  15  sdss  6476  82N  5 
   40  54031.357890  1  22.376  0.149  0.073  0.096   3.968e+00   5.436e-01   2.662e-01   3.519e-01  11  sdss  6484  82N  5 
   32  54031.354573  2  21.558  0.113  0.017  0.056   8.586e+00   8.886e-01   1.347e-01   4.431e-01  22  sdss  6484  82N  5 
   32  54031.355402  3  21.318  0.145  0.021  0.059   1.057e+01   1.399e+00   2.005e-01   5.699e-01  23  sdss  6484  82N  5 
   32  54031.357061  4  21.136  0.339  0.090  0.145   1.208e+01   3.979e+00   1.087e+00   1.748e+00  23  sdss  6484  82N  5 
    0  54031.356231  0  22.288  0.347  0.127  0.202   4.638e+00   1.441e+00   5.459e-01   8.649e-01  15  sdss  6484  82N  5 
   32  54036.362718  1  22.501  0.243  0.058  0.392   3.530e+00   7.824e-01   1.889e-01   1.286e+00  11  sdss  6504  82N  5 
   32  54036.359401  2  21.291  0.112  0.030  0.095   1.099e+01   1.123e+00   3.022e-01   9.606e-01  22  sdss  6504  82N  5 
  160  54036.360230  3  21.202  0.166  0.100  0.123   1.177e+01   1.786e+00   1.079e+00   1.332e+00  23  sdss  6504  82N  5 
   32  54036.361889  4  20.654  0.328  0.301  0.283   1.934e+01   5.837e+00   5.492e+00   5.168e+00  23  sdss  6504  82N  5 
   32  54036.361059  0  22.154  0.435  0.134  0.579   5.262e+00   2.005e+00   6.499e-01   2.799e+00  15  sdss  6504  82N  5 
   32  54039.360639  1  22.317  0.155  0.009  0.105   4.192e+00   5.974e-01   3.612e-02   4.082e-01  11  sdss  6513  82N  5 
   32  54039.357322  2  21.785  0.160  0.073  0.109   6.956e+00   1.023e+00   4.655e-01   7.004e-01  22  sdss  6513  82N  5 
   32  54039.358152  3  21.476  0.184  0.072  0.104   9.128e+00   1.538e+00   6.100e-01   8.746e-01  23  sdss  6513  82N  5 
   32  54039.359810  4  21.518  0.493  0.166  0.229   8.095e+00   4.217e+00   1.465e+00   2.026e+00  23  sdss  6513  82N  5 
    0  54039.358981  0  22.280  0.369  0.106  0.248   4.673e+00   1.538e+00   4.587e-01   1.071e+00  15  sdss  6513  82N  5 
   33  54041.331355  1  22.274  0.302  0.173  0.089   4.364e+00   1.188e+00   6.975e-01   3.591e-01  11  sdss  6524  82N  5 
   33  54041.328038  2  21.564  0.163  0.060  0.061   8.538e+00   1.270e+00   4.688e-01   4.803e-01  22  sdss  6524  82N  5 
   41  54041.328867  3  21.174  0.150  0.171  0.047   1.208e+01   1.657e+00   1.905e+00   5.251e-01  23  sdss  6524  82N  5 
   32  54041.330525  4  20.829  0.278  0.113  0.094   1.635e+01   4.273e+00   1.766e+00   1.473e+00  23  sdss  6524  82N  5 
  129  54041.329696  0  21.763  0.381  0.114  0.116   7.584e+00   2.526e+00   7.867e-01   7.983e-01  15  sdss  6524  82N  5 
   33  54048.382242  1  22.385  0.320  0.038  0.129   3.935e+00   1.135e+00   1.400e-01   4.698e-01  11  sdss  6534  82N  5 
  161  54048.378925  2  21.782  0.192  0.045  0.086   6.976e+00   1.226e+00   2.900e-01   5.549e-01  22  sdss  6534  82N  5 
   32  54048.379755  3  21.254  0.158  0.026  0.070   1.122e+01   1.624e+00   2.678e-01   7.253e-01  23  sdss  6534  82N  5 
  160  54048.381413  4  20.902  0.309  0.121  0.179   1.522e+01   4.443e+00   1.782e+00   2.624e+00  23  sdss  6534  82N  5 
   33  54048.380584  0  22.933  1.629  0.211  0.545   2.488e+00   3.140e+00   5.154e-01   1.329e+00  15  sdss  6534  82N  5 
   35  54052.359329  1  22.720  0.389  0.126  0.485   2.876e+00   1.007e+00   3.390e-01   1.306e+00  11  sdss  6552  82N  5 
   34  54052.356012  2  22.023  0.308  0.216  0.417   5.576e+00   1.550e+00   1.114e+00   2.157e+00  22  sdss  6552  82N  5 
   34  54052.356841  3  21.925  0.406  0.216  0.421   5.998e+00   2.186e+00   1.213e+00   2.361e+00  23  sdss  6552  82N  5 
   32  54052.358499  4  21.076  0.517  0.345  0.444   1.283e+01   6.204e+00   4.372e+00   5.621e+00  23  sdss  6552  82N  5 
   34  54052.357670  0  22.444  0.837  0.707  0.881   4.004e+00   2.686e+00   2.637e+00   3.285e+00  15  sdss  6552  82N  5 
   32  54055.370915  1  22.357  0.188  0.038  0.211   4.039e+00   6.940e-01   1.412e-01   7.865e-01  11  sdss  6565  82N  5 
   32  54055.367598  2  21.665  0.160  0.027  0.146   7.776e+00   1.139e+00   1.912e-01   1.045e+00  22  sdss  6565  82N  5 
   32  54055.368427  3  21.804  0.273  0.111  0.196   6.721e+00   1.677e+00   6.943e-01   1.228e+00  23  sdss  6565  82N  5 
   32  54055.370086  4  21.073  0.396  0.139  0.256   1.286e+01   4.856e+00   1.757e+00   3.243e+00  23  sdss  6565  82N  5 
   40  54055.369256  0  22.530  0.655  0.616  0.651   3.687e+00   2.058e+00   2.130e+00   2.249e+00  15  sdss  6565  82N  5 
   32  54058.353938  1  23.080  0.363  0.131  0.445   2.041e+00   6.879e-01   2.560e-01   8.689e-01  11  sdss  6577  82N  5 
   32  54058.350621  2  22.309  0.293  0.059  0.278   4.266e+00   1.142e+00   2.336e-01   1.107e+00  22  sdss  6577  82N  5 
   32  54058.351450  3  21.407  0.190  0.122  0.122   9.734e+00   1.685e+00   1.095e+00   1.091e+00  23  sdss  6577  82N  5 
   32  54058.353109  4  20.778  0.322  0.170  0.203   1.718e+01   5.142e+00   2.791e+00   3.330e+00  23  sdss  6577  82N  5 
   32  54058.352279  0  23.649  1.381  0.438  1.466   1.136e+00   1.972e+00   6.169e-01   2.065e+00  15  sdss  6577  82N  5 
   32  54060.375542  1  22.228  0.181  0.048  0.237   4.554e+00   7.539e-01   2.028e-01   9.955e-01  11  sdss  6584  82N  5 
   32  54060.372225  2  22.304  0.305  0.068  0.287   4.286e+00   1.193e+00   2.736e-01   1.149e+00  22  sdss  6584  82N  5 
   32  54060.373054  3  21.480  0.217  0.072  0.172   9.095e+00   1.801e+00   6.003e-01   1.442e+00  23  sdss  6584  82N  5 
  162  54060.374712  4  20.842  0.505  0.421  0.531   1.615e+01   7.389e+00   6.530e+00   8.228e+00  23  sdss  6584  82N  5 
    2  54060.373883  0  21.624  0.383  0.260  0.588   8.629e+00   2.883e+00   2.034e+00   4.599e+00  15  sdss  6584  82N  5 
   44  54065.352207  1  22.534  0.335  0.291  0.232   3.423e+00   1.035e+00   9.259e-01   7.374e-01  11  sdss  6609  82N  5 
   36  54065.348890  2  21.469  0.248  0.129  0.083   9.323e+00   2.087e+00   1.103e+00   7.081e-01  22  sdss  6609  82N  5 
  164  54065.349719  3  24.165  1.879  1.053  0.800   2.349e-01   3.521e+00   1.267e+00   9.627e-01  23  sdss  6609  82N  5 
   36  54065.351378  4  22.769  1.385  0.718  0.530   3.106e-01   8.746e+00   3.506e+00   2.589e+00  23  sdss  6609  82N  5 
   36  54065.350548  0  23.393  1.772  0.369  1.036   1.535e+00   2.938e+00   6.218e-01   1.748e+00  15  sdss  6609  82N  5 
