# SDSS CID:    837 IAU:          RA:  46.716949 DEC:  -0.896581  (J2000)
# GALAXY_SB [ugriz] = [ 21.22 19.92 19.13 18.65 18.34 ] +/- [  0.04  0.00  0.00  0.00  0.00 ] (asinh mag/square arcsec)
# GALAXY_SB_FLUX [ugriz] = [  1.215E+01  3.818E+01  8.038E+01  1.233E+02  1.654E+02 ] +/- [  3.975E-01  1.509E-01  1.768E-01  2.473E-01  7.213E-01 ] (microJy per square arcsec)
#FLAG  MJD       FILT  MAG     MERR  MSKYERR MGALERR  FLUX       FLUXERR    SKYERR     GALERR    NPRE TELE   RUN  STRIP  IDCCD
   32  53616.441967  1  21.064  0.088  0.005  0.071   1.337e+01   1.065e+00   6.347e-02   8.708e-01  21  sdss  5566  82N  1 
   32  53616.438650  2  21.056  0.122  0.031  0.069   1.365e+01   1.539e+00   3.969e-01   8.723e-01  23  sdss  5566  82N  1 
   32  53616.439479  3  20.889  0.148  0.019  0.074   1.572e+01   2.142e+00   2.767e-01   1.081e+00  23  sdss  5566  82N  1 
   32  53616.441138  4  21.279  0.568  0.221  0.262   1.044e+01   5.776e+00   2.372e+00   2.816e+00  25  sdss  5566  82N  1 
   40  53616.440309  0  20.889  0.141  0.065  0.182   1.703e+01   2.067e+00   9.542e-01   2.694e+00  18  sdss  5566  82N  1 
 1192  53626.418955  1  20.618  0.106  0.055  0.074   2.017e+01   1.941e+00   1.018e+00   1.368e+00  21  sdss  5603  82N  1 
   42  53626.415638  2  23.287  1.507  1.993  1.665   1.644e+00   2.185e+00   3.416e+00   2.855e+00  23  sdss  5603  82N  1 
 1180  53626.416467  3  28.713  0.129  0.361  0.093  -3.536e+01   4.200e+00   1.178e+01   3.024e+00  23  sdss  5603  82N  1 
 1060  53626.418126  4  21.431  1.957  1.654  0.742   8.901e+00   1.774e+01   1.573e+01   7.053e+00  25  sdss  5603  82N  1 
 1190  53626.417297  0  20.708  0.296  0.062  0.319   2.012e+01   5.041e+00   1.082e+00   5.564e+00  18  sdss  5603  82N  1 
   41  53628.404084  1  21.906  0.227  0.180  0.247   6.143e+00   1.260e+00   1.015e+00   1.390e+00  21  sdss  5610  82N  1 
   32  53628.400766  2  23.861  1.439  0.515  1.161   8.502e-01   1.688e+00   5.765e-01   1.300e+00  23  sdss  5610  82N  1 
   32  53628.401596  3  23.179  1.443  0.455  0.845   1.696e+00   2.698e+00   8.932e-01   1.658e+00  23  sdss  5610  82N  1 
   32  53628.403255  4  21.157  0.585  0.256  0.374   1.183e+01   6.525e+00   3.045e+00   4.448e+00  25  sdss  5610  82N  1 
   32  53628.402425  0  21.537  0.295  0.056  0.457   9.356e+00   2.352e+00   4.587e-01   3.734e+00  18  sdss  5610  82N  1 
   33  53635.412945  1  21.563  0.183  0.046  0.076   8.436e+00   1.397e+00   3.540e-01   5.820e-01  21  sdss  5622  82N  1 
   33  53635.409628  2  21.353  0.172  0.020  0.058   1.038e+01   1.639e+00   1.907e-01   5.531e-01  23  sdss  5622  82N  1 
   33  53635.410457  3  21.092  0.177  0.028  0.062   1.304e+01   2.123e+00   3.339e-01   7.459e-01  23  sdss  5622  82N  1 
   32  53635.412116  4  21.789  0.814  0.264  0.361   5.909e+00   5.737e+00   1.924e+00   2.632e+00  25  sdss  5622  82N  1 
   33  53635.411286  0  21.216  0.331  0.022  0.173   1.260e+01   3.519e+00   2.362e-01   1.892e+00  18  sdss  5622  82N  1 
   32  53639.451890  1  21.331  0.115  0.008  0.090   1.045e+01   1.092e+00   7.934e-02   8.621e-01  21  sdss  5642  82N  1 
   32  53639.448573  2  21.111  0.127  0.024  0.070   1.298e+01   1.517e+00   2.846e-01   8.448e-01  23  sdss  5642  82N  1 
   32  53639.449402  3  21.399  0.235  0.045  0.122   9.805e+00   2.113e+00   4.100e-01   1.116e+00  23  sdss  5642  82N  1 
   32  53639.451061  4  21.480  0.645  0.124  0.315   8.442e+00   5.586e+00   1.135e+00   2.880e+00  25  sdss  5642  82N  1 
   32  53639.450231  0  20.753  0.133  0.010  0.160   1.930e+01   2.211e+00   1.722e-01   2.677e+00  18  sdss  5642  82N  1 
   32  53641.451183  1  20.910  0.087  0.016  0.087   1.541e+01   1.213e+00   2.218e-01   1.229e+00  21  sdss  5658  82N  1 
   32  53641.447865  2  21.513  0.212  0.019  0.173   8.949e+00   1.736e+00   1.606e-01   1.431e+00  23  sdss  5658  82N  1 
   32  53641.448695  3  21.155  0.246  0.043  0.126   1.230e+01   2.758e+00   4.889e-01   1.432e+00  23  sdss  5658  82N  1 
    0  53641.450353  4  23.218  1.158  0.269  1.237  -1.921e+00   6.950e+00   1.397e+00   6.414e+00  25  sdss  5658  82N  1 
   32  53641.449524  0  20.882  0.152  0.027  0.210   1.715e+01   2.252e+00   4.061e-01   3.126e+00  18  sdss  5658  82N  1 
   32  53644.399079  1  21.329  0.099  0.011  0.065   1.047e+01   9.403e-01   1.088e-01   6.175e-01  21  sdss  5670  82N  1 
   32  53644.395761  2  21.038  0.108  0.014  0.046   1.388e+01   1.381e+00   1.828e-01   5.947e-01  23  sdss  5670  82N  1 
   32  53644.396591  3  21.091  0.160  0.017  0.063   1.305e+01   1.917e+00   2.013e-01   7.586e-01  23  sdss  5670  82N  1 
   32  53644.398249  4  22.463  0.913  0.058  0.490   1.837e+00   5.152e+00   2.970e-01   2.528e+00  25  sdss  5670  82N  1 
   40  53644.397420  0  20.876  0.138  0.029  0.122   1.724e+01   2.060e+00   4.388e-01   1.829e+00  18  sdss  5670  82N  1 
   43  53657.410787  1  21.610  0.207  0.221  0.320   8.078e+00   1.513e+00   1.633e+00   2.360e+00  21  sdss  5731  82N  1 
   32  53657.407470  2  22.644  0.805  0.419  0.733   3.106e+00   2.084e+00   1.245e+00   2.181e+00  23  sdss  5731  82N  1 
   32  53657.408299  3  22.258  0.790  0.305  0.723   4.371e+00   2.906e+00   1.284e+00   3.040e+00  23  sdss  5731  82N  1 
    0  53657.409958  4  24.246  0.893  0.648  0.798  -9.009e+00   7.774e+00   6.211e+00   7.660e+00  25  sdss  5731  82N  1 
   42  53657.409128  0  21.775  0.450  0.372  0.961   7.500e+00   2.804e+00   2.446e+00   6.312e+00  18  sdss  5731  82N  1 
   33  53663.395485  1  21.515  0.226  0.045  0.122   8.820e+00   1.795e+00   3.608e-01   9.833e-01  21  sdss  5744  82N  1 
   33  53663.392168  2  21.315  0.180  0.029  0.078   1.075e+01   1.776e+00   2.924e-01   7.721e-01  23  sdss  5744  82N  1 
   33  53663.392997  3  21.906  0.547  0.075  0.162   6.106e+00   2.925e+00   4.343e-01   9.315e-01  23  sdss  5744  82N  1 
   32  53663.394656  4  22.099  0.998  0.364  0.555   3.856e+00   6.238e+00   2.195e+00   3.342e+00  25  sdss  5744  82N  1 
   33  53663.393826  0  21.209  0.327  0.073  0.210   1.267e+01   3.497e+00   8.010e-01   2.310e+00  18  sdss  5744  82N  1 
   33  53666.465683  1  21.777  0.204  0.045  0.141   6.923e+00   1.279e+00   2.836e-01   8.911e-01  21  sdss  5765  82N  1 
   33  53666.462366  2  21.742  0.231  0.041  0.097   7.238e+00   1.534e+00   2.779e-01   6.513e-01  23  sdss  5765  82N  1 
   32  53666.463195  3  21.338  0.217  0.019  0.080   1.037e+01   2.065e+00   1.859e-01   7.716e-01  23  sdss  5765  82N  1 
   32  53666.464854  4  21.594  0.762  0.062  0.334   7.439e+00   6.027e+00   5.231e-01   2.797e+00  25  sdss  5765  82N  1 
   33  53666.464024  0  21.662  0.439  0.055  0.336   8.331e+00   3.035e+00   3.990e-01   2.446e+00  18  sdss  5765  82N  1 
   33  53668.385077  1  22.614  0.455  0.102  0.557   3.177e+00   1.275e+00   3.025e-01   1.646e+00  21  sdss  5770  82N  1 
   32  53668.381759  2  21.609  0.259  0.064  0.276   8.189e+00   1.931e+00   4.861e-01   2.095e+00  23  sdss  5770  82N  1 
   32  53668.382589  3  21.617  0.343  0.148  0.280   8.004e+00   2.484e+00   1.104e+00   2.095e+00  23  sdss  5770  82N  1 
   32  53668.384247  4  22.530  1.193  0.715  1.396   1.498e+00   7.163e+00   3.624e+00   7.073e+00  25  sdss  5770  82N  1 
   34  53668.383418  0  22.394  0.818  0.089  1.442   4.199e+00   2.662e+00   3.351e-01   5.428e+00  18  sdss  5770  82N  1 
   33  53669.472743  1  21.639  0.181  0.036  0.155   7.864e+00   1.288e+00   2.568e-01   1.114e+00  21  sdss  5777  82N  1 
   32  53669.469426  2  21.544  0.228  0.070  0.143   8.697e+00   1.815e+00   5.653e-01   1.155e+00  23  sdss  5777  82N  1 
   32  53669.470255  3  22.752  1.001  0.267  0.508   2.686e+00   2.382e+00   7.321e-01   1.396e+00  23  sdss  5777  82N  1 
    0  53669.471914  4  24.135  0.819  0.122  0.451  -7.985e+00   6.700e+00   1.071e+00   3.967e+00  25  sdss  5777  82N  1 
   33  53669.471085  0  21.772  0.505  0.057  0.555   7.521e+00   3.111e+00   3.768e-01   3.658e+00  18  sdss  5777  82N  1 
   44  53670.390160  1  21.884  0.316  0.271  0.329   6.270e+00   1.766e+00   1.555e+00   1.888e+00  21  sdss  5781  82N  1 
   32  53670.386842  2  21.623  0.243  0.064  0.174   8.083e+00   1.792e+00   4.811e-01   1.302e+00  23  sdss  5781  82N  1 
   32  53670.387672  3  24.138  1.575  1.302  1.781   2.676e-01   2.602e+00   1.576e+00   2.154e+00  23  sdss  5781  82N  1 
   12  53670.389330  4  22.970  1.381  1.863  1.362  -6.731e-01   8.727e+00   9.159e+00   6.698e+00  25  sdss  5781  82N  1 
   40  53670.388501  0  21.834  0.507  0.365  0.816   7.099e+00   2.956e+00   2.271e+00   5.082e+00  18  sdss  5781  82N  1 
   32  53673.357894  1  21.972  0.174  0.012  0.099   5.779e+00   9.157e-01   6.421e-02   5.246e-01  21  sdss  5792  82N  1 
   32  53673.354577  2  22.094  0.284  0.033  0.116   5.217e+00   1.359e+00   1.619e-01   5.673e-01  23  sdss  5792  82N  1 
   32  53673.355406  3  21.738  0.289  0.045  0.104   7.149e+00   1.897e+00   3.041e-01   6.980e-01  23  sdss  5792  82N  1 
   32  53673.357065  4  22.542  0.952  0.244  0.490   1.437e+00   5.361e+00   1.232e+00   2.473e+00  25  sdss  5792  82N  1 
   40  53673.356235  0  21.539  0.229  0.072  0.231   9.339e+00   1.838e+00   5.853e-01   1.886e+00  18  sdss  5792  82N  1 
   32  53675.354686  1  21.654  0.151  0.008  0.144   7.756e+00   1.061e+00   5.445e-02   1.023e+00  21  sdss  5800  82N  1 
   32  53675.351369  2  21.527  0.210  0.033  0.167   8.834e+00   1.701e+00   2.708e-01   1.368e+00  23  sdss  5800  82N  1 
   32  53675.352199  3  21.317  0.230  0.065  0.137   1.058e+01   2.234e+00   6.400e-01   1.348e+00  23  sdss  5800  82N  1 
   32  53675.353857  4  22.650  1.056  0.497  0.746   8.952e-01   6.042e+00   2.456e+00   3.692e+00  25  sdss  5800  82N  1 
   40  53675.353028  0  21.371  0.247  0.098  0.325   1.091e+01   2.303e+00   9.332e-01   3.091e+00  18  sdss  5800  82N  1 
   40  53680.362787  1  22.522  0.327  0.119  0.297   3.463e+00   1.019e+00   3.804e-01   9.538e-01  21  sdss  5823  82N  1 
   32  53680.359470  2  21.983  0.280  0.036  0.139   5.786e+00   1.478e+00   1.931e-01   7.515e-01  23  sdss  5823  82N  1 
   32  53680.360299  3  23.676  1.582  0.225  0.635   8.671e-01   2.724e+00   3.215e-01   9.081e-01  23  sdss  5823  82N  1 
   32  53680.361958  4  21.904  0.888  0.389  0.542   5.104e+00   5.921e+00   2.628e+00   3.667e+00  25  sdss  5823  82N  1 
   32  53680.361128  0  21.466  0.232  0.029  0.295   9.993e+00   1.995e+00   2.525e-01   2.570e+00  18  sdss  5823  82N  1 
  164  53683.421045  1  21.465  0.204  0.058  0.077   9.236e+00   1.703e+00   4.912e-01   6.482e-01  21  sdss  5842  82N  1 
   36  53683.417728  2  22.283  1.078  0.243  0.224   4.372e+00   3.472e+00   9.990e-01   9.206e-01  23  sdss  5842  82N  1 
 1060  53683.418557  3  21.278  0.531  0.159  0.076   1.097e+01   5.025e+00   1.624e+00   7.708e-01  23  sdss  5842  82N  1 
   37  53683.420215  4  22.061  1.808  0.193  0.359   4.089e+00   1.402e+01   1.189e+00   2.210e+00  25  sdss  5842  82N  1 
 1188  53683.419386  0  21.191  0.601  0.031  0.193   1.289e+01   6.133e+00   3.435e-01   2.163e+00  18  sdss  5842  82N  1 
   33  53686.361819  1  21.692  0.261  0.103  0.197   7.489e+00   1.751e+00   7.068e-01   1.350e+00  21  sdss  5866  82N  1 
   33  53686.358502  2  22.085  0.394  0.096  0.222   5.261e+00   1.862e+00   4.720e-01   1.092e+00  23  sdss  5866  82N  1 
   32  53686.359331  3  22.426  0.769  0.149  0.459   3.716e+00   2.476e+00   5.386e-01   1.666e+00  23  sdss  5866  82N  1 
    0  53686.360990  4  23.595  1.057  0.138  0.848  -4.028e+00   6.720e+00   8.440e-01   5.190e+00  25  sdss  5866  82N  1 
 1193  53686.360161  0  21.283  0.409  0.184  0.402   1.183e+01   4.022e+00   1.899e+00   4.138e+00  18  sdss  5866  82N  1 
   33  53687.419332  1  21.099  0.239  0.118  0.150   1.294e+01   2.771e+00   1.392e+00   1.771e+00  21  sdss  5872  82N  1 
   33  53687.416015  2  21.969  0.525  0.295  0.294   5.862e+00   2.674e+00   1.612e+00   1.608e+00  23  sdss  5872  82N  1 
   33  53687.416844  3  21.925  0.571  0.185  0.327   5.998e+00   2.982e+00   1.048e+00   1.853e+00  23  sdss  5872  82N  1 
   32  53687.418503  4  21.973  1.126  0.491  0.744   4.647e+00   7.454e+00   3.176e+00   4.819e+00  25  sdss  5872  82N  1 
   33  53687.417674  0  21.236  0.629  0.234  0.421   1.236e+01   6.103e+00   2.517e+00   4.531e+00  18  sdss  5872  82N  1 
   33  53693.364450  1  21.899  0.362  0.114  0.244   6.184e+00   1.976e+00   6.453e-01   1.382e+00  21  sdss  5878  82N  1 
   33  53693.361133  2  24.146  1.652  0.536  1.156   5.565e-01   1.959e+00   5.089e-01   1.097e+00  23  sdss  5878  82N  1 
    1  53693.361963  3  25.385  1.664  0.211  0.935  -1.399e+00   3.112e+00   3.703e-01   1.637e+00  23  sdss  5878  82N  1 
   32  53693.363621  4  21.787  1.014  0.145  0.733   5.923e+00   7.149e+00   1.056e+00   5.352e+00  25  sdss  5878  82N  1 
   33  53693.362792  0  21.551  0.656  0.252  0.555   9.235e+00   4.741e+00   2.033e+00   4.469e+00  18  sdss  5878  82N  1 
   32  53699.385177  1  21.970  0.225  0.019  0.175   5.789e+00   1.178e+00   1.002e-01   9.302e-01  21  sdss  5902  82N  1 
   32  53699.381860  2  22.145  0.340  0.065  0.165   4.975e+00   1.536e+00   3.024e-01   7.704e-01  23  sdss  5902  82N  1 
   32  53699.382690  3  21.015  0.196  0.034  0.069   1.400e+01   2.509e+00   4.368e-01   8.903e-01  23  sdss  5902  82N  1 
   32  53699.384348  4  21.586  0.772  0.111  0.424   7.507e+00   6.132e+00   9.385e-01   3.581e+00  25  sdss  5902  82N  1 
   32  53699.383519  0  22.152  0.579  0.069  0.624   5.276e+00   2.490e+00   3.238e-01   2.915e+00  18  sdss  5902  82N  1 
   32  53704.347375  1  22.627  0.430  0.044  0.566   3.138e+00   1.197e+00   1.280e-01   1.652e+00  21  sdss  5918  82N  1 
   32  53704.344058  2  24.368  1.521  0.666  1.642   3.563e-01   1.683e+00   5.758e-01   1.419e+00  23  sdss  5918  82N  1 
    0  53704.344888  3  27.150  0.378  0.091  0.255  -8.334e+00   2.831e+00   7.057e-01   1.987e+00  23  sdss  5918  82N  1 
   32  53704.346546  4  22.365  1.098  0.382  0.880   2.353e+00   6.569e+00   2.038e+00   4.691e+00  25  sdss  5918  82N  1 
  168  53704.345717  0  21.619  0.299  0.230  0.495   8.670e+00   2.209e+00   1.740e+00   3.750e+00  18  sdss  5918  82N  1 
