# SDSS CID:  17621 IAU:          RA: 337.837646 DEC:   0.188601  (J2000)
# GALAXY_SB [ugriz] = [ 22.48 22.10 21.13 20.60 20.19 ] +/- [  0.12  0.02  0.01  0.01  0.03 ] (asinh mag/square arcsec)
# GALAXY_SB_FLUX [ugriz] = [  3.742E+00  5.128E+00  1.279E+01  2.049E+01  2.969E+01 ] +/- [  4.301E-01  1.025E-01  1.369E-01  1.813E-01  7.309E-01 ] (microJy per square arcsec)
#FLAG  MJD       FILT  MAG     MERR  MSKYERR MGALERR  FLUX       FLUXERR    SKYERR     GALERR    NPRE TELE   RUN  STRIP  IDCCD
  184  54348.252603  1  21.800  0.103  0.162  0.084   6.777e+00   6.403e-01   1.004e+00   5.233e-01  11  sdss  6933  82S  4 
   32  54348.249286  2  21.622  0.134  0.047  0.090   8.090e+00   9.927e-01   3.535e-01   6.730e-01  11  sdss  6933  82S  4 
   32  54348.250115  3  21.817  0.304  0.119  0.123   6.642e+00   1.842e+00   7.375e-01   7.637e-01  11  sdss  6933  82S  4 
   32  54348.251774  4  21.416  0.538  0.033  0.305   9.044e+00   4.971e+00   3.184e-01   2.946e+00  10  sdss  6933  82S  4 
  172  54348.250945  0  21.507  0.229  0.144  0.308   9.622e+00   1.959e+00   1.252e+00   2.669e+00  8  sdss  6933  82S  4 
   32  54357.221957  1  21.944  0.114  0.069  0.113   5.931e+00   6.199e-01   3.782e-01   6.163e-01  11  sdss  6955  82S  4 
   32  54357.218639  2  21.846  0.153  0.068  0.106   6.572e+00   9.263e-01   4.149e-01   6.468e-01  11  sdss  6955  82S  4 
   32  54357.219469  3  22.291  0.348  0.226  0.220   4.237e+00   1.376e+00   9.171e-01   8.959e-01  11  sdss  6955  82S  4 
   32  54357.221127  4  22.429  0.782  0.509  0.640   2.016e+00   4.333e+00   2.657e+00   3.340e+00  10  sdss  6955  82S  4 
   36  54357.220298  0  22.106  0.368  0.106  0.542   5.507e+00   1.786e+00   5.323e-01   2.728e+00  8  sdss  6955  82S  4 
   33  54365.219745  1  22.225  0.247  0.097  0.140   4.570e+00   1.024e+00   4.088e-01   5.915e-01  11  sdss  6981  82S  4 
   33  54365.216428  2  21.878  0.224  0.105  0.140   6.380e+00   1.303e+00   6.195e-01   8.257e-01  11  sdss  6981  82S  4 
   32  54365.217257  3  22.178  0.397  0.139  0.232   4.721e+00   1.717e+00   6.225e-01   1.043e+00  11  sdss  6981  82S  4 
   32  54365.218916  4  21.122  0.538  0.236  0.271   1.225e+01   6.243e+00   2.905e+00   3.335e+00  10  sdss  6981  82S  4 
   33  54365.218087  0  22.661  1.104  0.136  0.874   3.250e+00   2.739e+00   4.166e-01   2.682e+00  8  sdss  6981  82S  4 
   33  54376.279880  1  21.711  0.114  0.077  0.086   7.358e+00   7.641e-01   5.185e-01   5.792e-01  11  sdss  7013  82S  4 
   32  54376.276563  2  22.130  0.235  0.098  0.163   5.044e+00   1.086e+00   4.583e-01   7.637e-01  11  sdss  7013  82S  4 
   32  54376.277392  3  21.393  0.180  0.074  0.099   9.856e+00   1.627e+00   6.800e-01   8.994e-01  11  sdss  7013  82S  4 
   32  54376.279051  4  21.571  0.650  0.199  0.373   7.635e+00   5.297e+00   1.700e+00   3.194e+00  10  sdss  7013  82S  4 
   36  54376.278222  0  22.060  0.426  0.127  0.525   5.749e+00   2.130e+00   6.657e-01   2.754e+00  8  sdss  7013  82S  4 
    0  54379.261363  1  21.541  0.077  0.060  0.054   8.610e+00   6.045e-01   4.766e-01   4.294e-01  11  sdss  7024  82S  4 
   32  54379.258046  2  21.815  0.143  0.036  0.075   6.765e+00   8.877e-01   2.244e-01   4.689e-01  11  sdss  7024  82S  4 
   32  54379.258876  3  21.398  0.148  0.066  0.065   9.810e+00   1.333e+00   5.953e-01   5.867e-01  11  sdss  7024  82S  4 
   32  54379.260534  4  21.961  0.653  0.260  0.379   4.724e+00   4.229e+00   1.701e+00   2.474e+00  10  sdss  7024  82S  4 
    4  54379.259705  0  21.240  0.171  0.028  0.180   1.232e+01   1.883e+00   3.151e-01   1.994e+00  8  sdss  7024  82S  4 
   32  54385.268715  1  21.624  0.090  0.111  0.094   7.975e+00   6.536e-01   8.101e-01   6.899e-01  11  sdss  7051  82S  4 
   32  54385.265398  2  21.734  0.148  0.089  0.116   7.292e+00   9.910e-01   6.000e-01   7.797e-01  11  sdss  7051  82S  4 
   32  54385.266227  3  21.320  0.151  0.129  0.112   1.055e+01   1.463e+00   1.260e+00   1.088e+00  11  sdss  7051  82S  4 
   32  54385.267886  4  21.468  0.500  0.406  0.401   8.552e+00   4.468e+00   3.764e+00   3.714e+00  10  sdss  7051  82S  4 
   36  54385.267057  0  21.682  0.293  0.142  0.463   8.180e+00   2.120e+00   1.048e+00   3.425e+00  8  sdss  7051  82S  4 
   32  54387.268993  1  22.113  0.163  0.096  0.267   5.070e+00   7.541e-01   4.468e-01   1.245e+00  11  sdss  7057  82S  4 
   32  54387.265676  2  21.917  0.204  0.126  0.227   6.152e+00   1.152e+00   7.185e-01   1.297e+00  11  sdss  7057  82S  4 
   32  54387.266505  3  22.200  0.377  0.290  0.359   4.623e+00   1.605e+00   1.276e+00   1.583e+00  11  sdss  7057  82S  4 
   32  54387.268163  4  21.362  0.545  0.203  0.503   9.577e+00   5.236e+00   2.047e+00   5.066e+00  10  sdss  7057  82S  4 
   32  54387.267334  0  21.856  0.394  0.286  0.730   6.957e+00   2.388e+00   1.806e+00   4.610e+00  8  sdss  7057  82S  4 
  160  54392.263295  1  21.914  0.132  0.187  0.208   6.098e+00   7.348e-01   1.046e+00   1.163e+00  11  sdss  7076  82S  4 
   32  54392.259978  2  22.151  0.256  0.205  0.272   4.946e+00   1.160e+00   9.448e-01   1.252e+00  11  sdss  7076  82S  4 
    0  54392.260807  3  24.483  1.068  1.147  0.912  -1.431e-01   1.483e+00   1.366e+00   1.087e+00  11  sdss  7076  82S  4 
   32  54392.262465  4  21.474  0.614  0.064  0.543   8.497e+00   5.373e+00   5.893e-01   5.011e+00  10  sdss  7076  82S  4 
   32  54392.261636  0  21.541  0.259  0.104  0.428   9.323e+00   2.137e+00   8.776e-01   3.600e+00  8  sdss  7076  82S  4 
   33  54394.251531  1  21.983  0.309  0.391  0.204   5.720e+00   1.581e+00   2.057e+00   1.070e+00  11  sdss  7084  82S  4 
   33  54394.248215  2  21.900  0.321  0.186  0.212   6.251e+00   1.806e+00   1.079e+00   1.229e+00  11  sdss  7084  82S  4 
   32  54394.249044  3  22.754  0.909  0.765  0.600   2.681e+00   2.190e+00   2.090e+00   1.640e+00  11  sdss  7084  82S  4 
   32  54394.250702  4  20.837  0.458  0.330  0.431   1.622e+01   6.855e+00   5.188e+00   6.772e+00  10  sdss  7084  82S  4 
    7  54394.249873  0  26.610  2.053  0.768  1.931  -3.064e+00   4.440e+00   2.236e+00   5.626e+00  8  sdss  7084  82S  4 
   33  54402.261186  1  24.048  1.628  0.701  0.860   7.370e-01   1.513e+00   6.269e-01   7.686e-01  11  sdss  7101  82S  4 
   33  54402.257869  2  24.423  1.490  0.597  1.140   3.093e-01   1.624e+00   5.060e-01   9.663e-01  11  sdss  7101  82S  4 
  160  54402.258698  3  22.964  0.925  0.460  0.497   2.152e+00   1.930e+00   1.060e+00   1.145e+00  11  sdss  7101  82S  4 
   32  54402.260357  4  20.830  0.379  0.157  0.275   1.633e+01   5.790e+00   2.485e+00   4.342e+00  10  sdss  7101  82S  4 
   33  54402.259527  0  23.762  2.454  0.168  3.065   9.802e-01   5.075e+00   2.193e-01   4.009e+00  8  sdss  7101  82S  4 
   32  54404.179114  1  22.566  0.186  0.127  0.150   3.323e+00   5.683e-01   3.917e-01   4.630e-01  11  sdss  7110  82S  4 
   32  54404.175798  2  22.652  0.328  0.136  0.200   3.082e+00   9.388e-01   3.983e-01   5.868e-01  11  sdss  7110  82S  4 
   32  54404.176627  3  22.234  0.334  0.207  0.168   4.474e+00   1.390e+00   8.846e-01   7.164e-01  11  sdss  7110  82S  4 
   32  54404.178285  4  21.093  0.386  0.174  0.250   1.261e+01   4.711e+00   2.190e+00   3.156e+00  10  sdss  7110  82S  4 
   32  54404.177456  0  22.991  0.807  0.142  0.869   2.347e+00   1.677e+00   3.280e-01   2.013e+00  8  sdss  7110  82S  4 
   32  54408.174715  1  22.999  0.284  0.153  0.153   2.205e+00   5.845e-01   3.206e-01   3.213e-01  11  sdss  7127  82S  4 
   32  54408.171398  2  22.790  0.366  0.201  0.131   2.699e+00   9.221e-01   5.230e-01   3.417e-01  11  sdss  7127  82S  4 
   32  54408.172228  3  22.300  0.347  0.181  0.105   4.199e+00   1.360e+00   7.296e-01   4.232e-01  11  sdss  7127  82S  4 
   36  54408.173886  4  20.849  0.310  0.155  0.114   1.603e+01   4.716e+00   2.403e+00   1.769e+00  10  sdss  7127  82S  4 
   36  54408.173057  0  22.751  0.624  0.156  0.522   2.977e+00   1.633e+00   4.418e-01   1.483e+00  8  sdss  7127  82S  4 
   32  54411.132476  1  23.391  0.391  0.152  0.304   1.504e+00   5.657e-01   2.267e-01   4.546e-01  11  sdss  7136  82S  4 
   32  54411.129160  2  24.165  0.908  0.265  0.484   5.388e-01   8.926e-01   2.486e-01   4.547e-01  11  sdss  7136  82S  4 
    0  54411.129989  3  24.821  0.952  0.325  0.427  -5.594e-01   1.336e+00   4.200e-01   5.516e-01  11  sdss  7136  82S  4 
   32  54411.131647  4  22.333  0.821  0.413  0.483   2.524e+00   4.686e+00   2.230e+00   2.611e+00  10  sdss  7136  82S  4 
 1188  54411.130818  0  24.328  1.297  0.109  1.906   3.322e-01   1.600e+00   1.105e-01   1.932e+00  8  sdss  7136  82S  4 
   32  54413.173240  1  24.433  0.758  0.425  0.582   4.306e-01   5.477e-01   3.010e-01   4.117e-01  11  sdss  7145  82S  4 
   32  54413.169924  2  24.514  1.020  0.471  0.602   2.328e-01   9.553e-01   3.900e-01   4.981e-01  11  sdss  7145  82S  4 
   32  54413.170753  3  22.332  0.395  0.143  0.134   4.072e+00   1.493e+00   5.621e-01   5.261e-01  11  sdss  7145  82S  4 
   32  54413.172411  4  21.048  0.331  0.091  0.154   1.319e+01   4.234e+00   1.198e+00   2.015e+00  10  sdss  7145  82S  4 
   36  54413.171582  0  22.162  0.360  0.041  0.361   5.225e+00   1.667e+00   1.944e-01   1.725e+00  8  sdss  7145  82S  4 
   32  54418.172856  1  24.858  0.848  0.586  0.735   1.544e-01   5.608e-01   3.548e-01   4.448e-01  11  sdss  7161  82S  4 
    0  54418.169539  2  26.122  0.639  0.165  0.313  -1.335e+00   8.872e-01   2.417e-01   4.575e-01  11  sdss  7161  82S  4 
    0  54418.170368  3  25.305  0.824  0.300  0.331  -1.262e+00   1.342e+00   4.964e-01   5.490e-01  11  sdss  7161  82S  4 
    0  54418.172026  4  23.436  0.798  0.095  0.441  -3.094e+00   4.674e+00   5.360e-01   2.491e+00  10  sdss  7161  82S  4 
   40  54418.171197  0  22.511  0.497  0.272  0.587   3.756e+00   1.643e+00   9.527e-01   2.056e+00  8  sdss  7161  82S  4 
    1  54422.176911  1  25.825  1.361  0.638  0.940  -4.466e-01   1.095e+00   4.567e-01   6.733e-01  11  sdss  7173  82S  4 
   33  54422.173594  2  23.563  0.992  0.365  0.494   1.219e+00   1.263e+00   5.024e-01   6.790e-01  11  sdss  7173  82S  4 
    0  54422.174423  3  25.541  0.889  0.365  0.423  -1.688e+00   1.633e+00   7.125e-01   8.243e-01  11  sdss  7173  82S  4 
    0  54422.176082  4  22.959  0.942  0.397  0.767  -6.162e-01   5.210e+00   1.948e+00   3.766e+00  10  sdss  7173  82S  4 
  129  54422.175252  0  25.107  1.845  0.777  2.895  -4.397e-01   2.809e+00   8.126e-01   3.029e+00  8  sdss  7173  82S  4 
 1209  54424.165050  1  23.150  0.794  8.510  0.237   1.905e+00   1.283e+00   1.562e+01   4.356e-01  11  sdss  7182  82S  4 
 1209  54424.161733  2  23.519  0.976 17.634  0.331   1.282e+00   1.276e+00   2.507e+01   4.709e-01  11  sdss  7182  82S  4 
   25  54424.162562  3  25.630  0.798  2.993  0.270  -1.867e+00   1.557e+00   6.235e+00   5.621e-01  11  sdss  7182  82S  4 
  184  54424.164221  4  20.996  0.344  1.082  0.166   1.389e+01   4.591e+00   1.482e+01   2.269e+00  10  sdss  7182  82S  4 
  161  54424.163391  0  24.250  2.016  0.880  2.031   4.122e-01   3.308e+00   9.122e-01   2.106e+00  8  sdss  7182  82S  4 
