# SDSS CID:  13486 IAU:          RA:  34.951797 DEC:   0.055583  (J2000)
# GALAXY_SB [ugriz] = [ 23.65 23.07 22.29 21.87 21.67 ] +/- [  0.21  0.04  0.02  0.02  0.06 ] (asinh mag/square arcsec)
# GALAXY_SB_FLUX [ugriz] = [  1.086E+00  2.044E+00  4.337E+00  6.333E+00  6.796E+00 ] +/- [  2.947E-01  7.304E-02  9.886E-02  1.225E-01  5.135E-01 ] (microJy per square arcsec)
#FLAG  MJD       FILT  MAG     MERR  MSKYERR MGALERR  FLUX       FLUXERR    SKYERR     GALERR    NPRE TELE   RUN  STRIP  IDCCD
    0  53975.398883  1  21.327  0.068  0.012  0.067   1.048e+01   6.503e-01   1.124e-01   6.421e-01  14  sdss  6287  82S  4 
    0  53975.395566  2  21.040  0.075  0.008  0.056   1.386e+01   9.495e-01   9.892e-02   7.098e-01  14  sdss  6287  82S  4 
   32  53975.396395  3  21.074  0.116  0.061  0.067   1.326e+01   1.405e+00   7.375e-01   8.140e-01  15  sdss  6287  82S  4 
   32  53975.398054  4  20.489  0.231  0.023  0.179   2.263e+01   4.838e+00   4.923e-01   3.786e+00  12  sdss  6287  82S  4 
    0  53975.397224  0  23.645  1.244  0.100  1.719   1.142e+00   1.742e+00   1.410e-01   2.424e+00  6  sdss  6287  82S  4 
   32  53994.423212  1  23.016  0.279  0.048  0.188   2.169e+00   5.682e-01   1.000e-01   3.894e-01  14  sdss  6355  82S  4 
   32  53994.419895  2  21.896  0.143  0.008  0.075   6.273e+00   8.261e-01   4.778e-02   4.336e-01  14  sdss  6355  82S  4 
   32  53994.420724  3  21.797  0.198  0.040  0.082   6.764e+00   1.233e+00   2.483e-01   5.138e-01  15  sdss  6355  82S  4 
   32  53994.422383  4  21.913  0.631  0.447  0.392   5.042e+00   4.171e+00   2.993e+00   2.628e+00  12  sdss  6355  82S  4 
  136  53994.421553  0  25.396  1.203  0.960  1.356  -7.621e-01   1.539e+00   1.139e+00   1.608e+00  6  sdss  6355  82S  4 
   32  53996.407130  1  23.313  0.328  0.108  0.255   1.625e+00   5.134e-01   1.723e-01   4.074e-01  14  sdss  6367  82S  4 
   32  53996.403812  2  21.829  0.131  0.018  0.074   6.676e+00   8.052e-01   1.082e-01   4.544e-01  14  sdss  6367  82S  4 
   32  53996.404642  3  21.731  0.182  0.050  0.074   7.196e+00   1.201e+00   3.321e-01   4.955e-01  15  sdss  6367  82S  4 
   32  53996.406300  4  21.840  0.572  0.243  0.342   5.549e+00   3.945e+00   1.709e+00   2.399e+00  12  sdss  6367  82S  4 
    0  53996.405471  0  23.117  0.782  0.080  0.800   2.065e+00   1.492e+00   1.679e-01   1.672e+00  6  sdss  6367  82S  4 
   32  54005.420838  1  23.654  0.405  0.112  0.218   1.148e+00   4.753e-01   1.350e-01   2.628e-01  14  sdss  6404  82S  4 
   32  54005.417521  2  22.242  0.176  0.020  0.072   4.541e+00   7.385e-01   8.490e-02   3.035e-01  14  sdss  6404  82S  4 
    0  54005.418351  3  21.700  0.162  0.017  0.042   7.407e+00   1.102e+00   1.177e-01   2.865e-01  15  sdss  6404  82S  4 
   32  54005.420009  4  21.943  0.498  0.031  0.180   4.841e+00   3.247e+00   2.062e-01   1.185e+00  12  sdss  6404  82S  4 
    8  54005.419180  0  24.997  1.109  0.614  0.933  -3.260e-01   1.295e+00   6.218e-01   9.444e-01  6  sdss  6404  82S  4 
   32  54008.367157  1  23.581  0.503  0.133  0.525   1.239e+00   6.161e-01   1.700e-01   6.716e-01  14  sdss  6417  82S  4 
   32  54008.363840  2  23.347  0.619  0.101  0.461   1.543e+00   9.464e-01   1.643e-01   7.483e-01  14  sdss  6417  82S  4 
   32  54008.364670  3  23.214  0.821  0.297  0.492   1.627e+00   1.483e+00   5.639e-01   9.339e-01  15  sdss  6417  82S  4 
   32  54008.366328  4  21.697  0.631  0.465  0.399   6.607e+00   4.723e+00   3.607e+00   3.091e+00  12  sdss  6417  82S  4 
  136  54008.365499  0  22.834  0.756  0.703  0.983   2.744e+00   1.794e+00   1.862e+00   2.604e+00  6  sdss  6417  82S  4 
 1192  54010.362039  1  23.526  0.352  0.136  0.143   1.312e+00   4.601e-01   1.817e-01   1.915e-01  14  sdss  6425  82S  4 
   32  54010.358722  2  22.809  0.280  0.013  0.105   2.652e+00   7.012e-01   3.416e-02   2.680e-01  14  sdss  6425  82S  4 
   32  54010.359551  3  22.262  0.256  0.024  0.059   4.353e+00   1.044e+00   9.996e-02   2.445e-01  15  sdss  6425  82S  4 
   32  54010.361210  4  22.022  0.472  0.152  0.172   4.335e+00   2.953e+00   9.528e-01   1.079e+00  12  sdss  6425  82S  4 
    0  54010.360380  0  25.250  1.071  0.069  0.729  -5.942e-01   1.291e+00   7.672e-02   8.063e-01  6  sdss  6425  82S  4 
   33  54012.354845  1  23.334  0.722  0.184  0.188   1.590e+00   1.027e+00   2.896e-01   2.953e-01  14  sdss  6433  82S  4 
   41  54012.351528  2  23.767  1.299  1.517  0.329   9.581e-01   1.526e+00   1.798e+00   3.909e-01  14  sdss  6433  82S  4 
 1081  54012.352357  3  22.613  0.694  2.600  0.160   3.091e+00   1.936e+00   7.943e+00   4.885e-01  15  sdss  6433  82S  4 
   32  54012.354016  4  22.265  0.770  0.184  0.292   2.896e+00   4.440e+00   1.022e+00   1.619e+00  12  sdss  6433  82S  4 
    9  54012.353187  0  25.866  1.634  0.603  0.814  -1.414e+00   2.574e+00   9.629e-01   1.300e+00  6  sdss  6433  82S  4 
   33  54020.361137  1  23.563  0.798  0.315  0.432   1.263e+00   9.389e-01   4.088e-01   5.614e-01  14  sdss  6447  82S  4 
   32  54020.357820  2  22.445  0.312  0.050  0.170   3.751e+00   1.074e+00   1.765e-01   5.978e-01  14  sdss  6447  82S  4 
   32  54020.358649  3  23.527  0.909  0.264  0.410   1.089e+00   1.415e+00   4.075e-01   6.339e-01  15  sdss  6447  82S  4 
    0  54020.360308  4  23.716  0.727  0.488  0.449  -4.796e+00   4.719e+00   3.195e+00   2.941e+00  12  sdss  6447  82S  4 
   33  54020.359479  0  24.534  1.756  0.415  2.413   1.282e-01   2.548e+00   4.054e-01   2.354e+00  6  sdss  6447  82S  4 
   32  54024.442463  1  23.798  0.627  0.329  0.446   9.836e-01   6.413e-01   3.544e-01   4.799e-01  14  sdss  6458  82S  4 
   32  54024.439146  2  23.979  0.969  0.538  0.709   7.227e-01   1.019e+00   5.581e-01   7.351e-01  14  sdss  6458  82S  4 
   32  54024.439975  3  22.601  0.474  0.191  0.249   3.128e+00   1.397e+00   5.889e-01   7.697e-01  15  sdss  6458  82S  4 
    0  54024.441634  4  23.454  0.766  0.178  0.517  -3.197e+00   4.483e+00   1.010e+00   2.939e+00  12  sdss  6458  82S  4 
 1160  54024.440805  0  22.968  1.216  0.687  0.946   2.402e+00   2.377e+00   1.624e+00   2.237e+00  6  sdss  6458  82S  4 
   40  54028.431060  1  24.963  0.915  0.803  0.992   9.170e-02   6.080e-01   4.777e-01   5.899e-01  14  sdss  6471  82S  4 
   32  54028.427742  2  22.965  0.471  0.152  0.266   2.276e+00   1.001e+00   3.390e-01   5.932e-01  14  sdss  6471  82S  4 
   32  54028.428572  3  22.713  0.533  0.118  0.202   2.795e+00   1.419e+00   3.312e-01   5.675e-01  15  sdss  6471  82S  4 
   32  54028.430230  4  21.761  0.725  0.266  0.337   6.118e+00   5.192e+00   1.968e+00   2.499e+00  12  sdss  6471  82S  4 
    0  54028.429401  0  23.032  1.048  0.174  1.057   2.251e+00   2.020e+00   3.900e-01   2.369e+00  6  sdss  6471  82S  4 
   32  54030.386514  1  23.556  0.372  0.061  0.179   1.272e+00   4.730e-01   7.959e-02   2.342e-01  14  sdss  6480  82S  4 
   32  54030.383196  2  23.050  0.389  0.039  0.137   2.092e+00   7.814e-01   8.024e-02   2.850e-01  14  sdss  6480  82S  4 
   32  54030.384026  3  22.731  0.452  0.042  0.116   2.744e+00   1.203e+00   1.162e-01   3.208e-01  15  sdss  6480  82S  4 
   32  54030.385684  4  22.232  0.656  0.233  0.221   3.082e+00   3.775e+00   1.313e+00   1.246e+00  12  sdss  6480  82S  4 
  128  54030.384855  0  24.207  1.167  0.056  0.956   4.575e-01   1.407e+00   5.943e-02   1.006e+00  6  sdss  6480  82S  4 
   40  54035.430444  1  23.029  0.332  0.305  0.330   2.142e+00   6.618e-01   6.251e-01   6.770e-01  14  sdss  6501  82S  4 
   32  54035.427127  2  22.913  0.524  0.367  0.346   2.396e+00   1.153e+00   8.566e-01   8.083e-01  14  sdss  6501  82S  4 
   32  54035.427956  3  23.103  0.855  0.409  0.456   1.848e+00   1.642e+00   8.428e-01   9.384e-01  15  sdss  6501  82S  4 
   32  54035.429615  4  20.830  0.428  0.229  0.290   1.633e+01   6.426e+00   3.585e+00   4.549e+00  12  sdss  6501  82S  4 
   40  54035.428786  0  24.046  1.630  2.265  2.830   6.335e-01   2.313e+00   2.545e+00   3.179e+00  6  sdss  6501  82S  4 
   32  54037.335985  1  24.761  0.727  0.175  0.471   2.141e-01   4.771e-01   1.086e-01   2.923e-01  14  sdss  6508  82S  4 
   32  54037.332668  2  23.476  0.529  0.161  0.239   1.342e+00   7.461e-01   2.355e-01   3.507e-01  14  sdss  6508  82S  4 
   32  54037.333497  3  23.615  0.736  0.188  0.255   9.553e-01   1.093e+00   2.769e-01   3.743e-01  15  sdss  6508  82S  4 
   32  54037.335156  4  22.650  0.587  0.139  0.273   8.960e-01   3.035e+00   6.891e-01   1.348e+00  12  sdss  6508  82S  4 
    0  54037.334326  0  25.650  1.029  0.080  0.874  -1.089e+00   1.394e+00   1.100e-01   1.203e+00  6  sdss  6508  82S  4 
   33  54040.350302  1  23.648  0.763  0.260  0.310   1.156e+00   8.507e-01   3.148e-01   3.758e-01  14  sdss  6518  82S  4 
    1  54040.346985  2  25.424  1.142  0.494  0.581  -5.241e-01   1.164e+00   4.605e-01   5.413e-01  14  sdss  6518  82S  4 
   32  54040.347814  3  23.030  0.752  0.284  0.258   2.005e+00   1.531e+00   6.182e-01   5.622e-01  15  sdss  6518  82S  4 
   32  54040.349473  4  22.106  0.782  0.337  0.371   3.814e+00   4.758e+00   2.021e+00   2.222e+00  12  sdss  6518  82S  4 
    1  54040.348644  0  26.136  1.233  0.282  0.910  -1.901e+00   2.105e+00   5.545e-01   1.787e+00  6  sdss  6518  82S  4 
   35  54047.380861  1  23.269  2.334  2.591  0.931   1.696e+00   3.164e+00   4.305e+00   1.548e+00  14  sdss  6530  82S  4 
    3  54047.377544  2  27.357  0.811  0.379  0.509  -4.520e+00   2.931e+00   1.595e+00   2.143e+00  14  sdss  6530  82S  4 
    3  54047.378374  3  24.434  1.821  2.704  2.172  -8.524e-02   3.320e+00   3.209e+00   2.578e+00  15  sdss  6530  82S  4 
  160  54047.380032  4  21.839  1.351  0.343  1.354   5.556e+00   9.627e+00   2.411e+00   9.517e+00  12  sdss  6530  82S  4 
   33  54049.376396  1  24.035  1.160  0.140  0.483   7.485e-01   1.009e+00   1.268e-01   4.365e-01  14  sdss  6537  82S  4 
    1  54049.373079  2  25.546  1.135  0.133  0.582  -6.420e-01   1.190e+00   1.315e-01   5.772e-01  14  sdss  6537  82S  4 
    0  54049.373908  3  25.100  1.012  0.512  0.443  -9.426e-01   1.540e+00   7.493e-01   6.480e-01  15  sdss  6537  82S  4 
    0  54049.375566  4  23.830  0.744  0.477  0.385  -5.578e+00   5.114e+00   3.360e+00   2.711e+00  12  sdss  6537  82S  4 
    1  54049.374737  0  22.602  1.328  0.250  0.708   3.441e+00   3.259e+00   8.111e-01   2.293e+00  6  sdss  6537  82S  4 
  184  54053.356157  1  23.159  0.540  2.191  0.387   1.889e+00   9.250e-01   4.006e+00   7.078e-01  14  sdss  6556  82S  4 
 1176  54053.352840  2  21.143  0.136  1.367  0.050   1.260e+01   1.565e+00   1.579e+01   5.723e-01  14  sdss  6556  82S  4 
   24  54053.353669  3  26.114  0.576  2.161  0.220  -3.098e+00   1.651e+00   6.618e+00   6.733e-01  15  sdss  6556  82S  4 
  156  54053.355328  4  23.403  1.206  9.117  0.777  -2.913e+00   7.537e+00   5.063e+01   4.317e+00  12  sdss  6556  82S  4 
  172  54053.354499  0  23.786  1.650  1.891  2.491   9.490e-01   2.438e+00   2.441e+00   3.214e+00  6  sdss  6556  82S  4 
   32  54056.342569  1  23.731  0.539  0.297  0.445   1.058e+00   5.851e-01   3.367e-01   5.049e-01  14  sdss  6568  82S  4 
   32  54056.339252  2  24.003  0.964  0.162  0.681   6.979e-01   1.005e+00   1.655e-01   6.961e-01  14  sdss  6568  82S  4 
    0  54056.340081  3  25.627  0.784  0.222  0.397  -1.859e+00   1.522e+00   4.582e-01   8.206e-01  15  sdss  6568  82S  4 
   32  54056.341740  4  22.739  0.905  0.599  0.549   4.585e-01   4.950e+00   2.932e+00   2.685e+00  12  sdss  6568  82S  4 
    0  54056.340910  0  23.506  1.324  0.183  1.413   1.349e+00   1.965e+00   2.843e-01   2.192e+00  6  sdss  6568  82S  4 
   32  54059.336704  1  25.080  0.879  0.137  0.915   2.273e-02   5.764e-01   8.048e-02   5.388e-01  14  sdss  6580  82S  4 
   32  54059.333387  2  24.437  1.042  0.665  0.871   2.974e-01   9.909e-01   5.613e-01   7.354e-01  14  sdss  6580  82S  4 
   32  54059.334216  3  23.327  0.836  0.354  0.412   1.420e+00   1.419e+00   6.207e-01   7.226e-01  15  sdss  6580  82S  4 
    0  54059.335874  4  22.962  0.906  0.553  0.606  -6.328e-01   4.968e+00   2.716e+00   2.975e+00  12  sdss  6580  82S  4 
    0  54059.335045  0  25.693  1.364  0.260  1.828  -1.151e+00   1.946e+00   3.686e-01   2.590e+00  6  sdss  6580  82S  4 
   42  54061.347616  1  23.428  0.591  0.825  0.837   1.450e+00   8.031e-01   1.198e+00   1.216e+00  14  sdss  6592  82S  4 
    2  54061.344299  2  26.784  0.543  0.498  0.572  -2.620e+00   1.286e+00   1.257e+00   1.445e+00  14  sdss  6592  82S  4 
    0  54061.345129  3  25.598  0.973  0.621  0.766  -1.802e+00   1.828e+00   1.257e+00   1.551e+00  15  sdss  6592  82S  4 
   32  54061.346787  4  21.766  1.012  0.691  0.923   6.080e+00   7.188e+00   5.098e+00   6.815e+00  12  sdss  6592  82S  4 
 1154  54061.345958  0  21.458  0.397  0.148  0.754   1.007e+01   3.463e+00   1.350e+00   6.853e+00  6  sdss  6592  82S  4 
   32  54062.341429  1  24.094  0.595  0.052  0.341   6.970e-01   5.052e-01   4.518e-02   2.962e-01  14  sdss  6596  82S  4 
   32  54062.338112  2  24.076  0.833  0.293  0.372   6.242e-01   8.354e-01   2.882e-01   3.649e-01  14  sdss  6596  82S  4 
   32  54062.338942  3  22.663  0.483  0.072  0.149   2.941e+00   1.351e+00   2.113e-01   4.352e-01  15  sdss  6596  82S  4 
   32  54062.340600  4  21.057  0.387  0.182  0.138   1.307e+01   4.821e+00   2.343e+00   1.776e+00  12  sdss  6596  82S  4 
    0  54062.339771  0  24.068  1.345  0.188  1.343   6.083e-01   1.736e+00   2.093e-01   1.494e+00  6  sdss  6596  82S  4 
   32  54064.337422  1  24.354  0.775  0.230  0.603   4.878e-01   5.782e-01   1.703e-01   4.458e-01  14  sdss  6604  82S  4 
   32  54064.334105  2  23.768  0.790  0.299  0.421   9.569e-01   9.068e-01   3.542e-01   4.995e-01  14  sdss  6604  82S  4 
   32  54064.334934  3  23.242  0.773  0.367  0.342   1.573e+00   1.377e+00   6.814e-01   6.356e-01  15  sdss  6604  82S  4 
   32  54064.336592  4  21.893  0.679  0.455  0.334   5.179e+00   4.534e+00   3.086e+00   2.269e+00  12  sdss  6604  82S  4 
    4  54064.335763  0  23.914  1.543  0.332  1.771   7.883e-01   2.162e+00   3.986e-01   2.126e+00  6  sdss  6604  82S  4 
   35  54068.321333  1  25.115  1.352  1.696  1.699   2.009e-03   1.018e+00   9.984e-01   1.000e+00  14  sdss  6618  82S  4 
   32  54068.318016  2  22.835  0.535  0.373  0.340   2.585e+00   1.255e+00   9.329e-01   8.494e-01  14  sdss  6618  82S  4 
   32  54068.318845  3  23.084  0.910  0.753  0.513   1.889e+00   1.760e+00   1.572e+00   1.072e+00  15  sdss  6618  82S  4 
   32  54068.320504  4  22.478  1.128  0.648  1.182   1.760e+00   6.684e+00   3.327e+00   6.071e+00  12  sdss  6618  82S  4 
   10  54068.319674  0  25.385  1.753  1.628  3.325  -7.488e-01   2.626e+00   1.920e+00   3.922e+00  6  sdss  6618  82S  4 
