# SDSS CID:   4028 IAU:          RA:  11.013846 DEC:   1.242467  (J2000)
# GALAXY_SB [ugriz] = [ 24.05 23.48 22.09 21.64 21.17 ] +/- [  0.30  0.07  0.03  0.03  0.07 ] (asinh mag/square arcsec)
# GALAXY_SB_FLUX [ugriz] = [  5.903E-01  1.366E+00  5.225E+00  7.870E+00  1.158E+01 ] +/- [  3.364E-01  1.017E-01  1.663E-01  2.483E-01  8.043E-01 ] (microJy per square arcsec)
#FLAG  MJD       FILT  MAG     MERR  MSKYERR MGALERR  FLUX       FLUXERR    SKYERR     GALERR    NPRE TELE   RUN  STRIP  IDCCD
   40  53616.345392  1  24.191  0.845  1.101  1.633   6.148e-01   6.787e-01   8.982e-01   1.332e+00  11  sdss  5566  82N  6 
    0  53616.342075  2  26.078  0.793  0.139  1.440  -1.270e+00   1.055e+00   1.975e-01   2.048e+00  18  sdss  5566  82N  6 
  128  53616.342904  3  24.931  1.113  0.808  1.912  -7.056e-01   1.656e+00   1.093e+00   2.589e+00  19  sdss  5566  82N  6 
   32  53616.344563  4  22.824  1.030  1.261  1.813   4.340e-02   5.813e+00   6.150e+00   8.841e+00  20  sdss  5566  82N  6 
    2  53616.343734  0  25.998  1.423  0.210  2.943  -1.641e+00   2.254e+00   3.627e-01   5.090e+00  14  sdss  5566  82N  6 
   32  53626.322392  1  25.100  0.818  0.301  0.884   1.087e-02   5.283e-01   1.770e-01   5.206e-01  11  sdss  5603  82N  6 
    0  53626.319075  2  24.844  0.917  0.337  1.030  -3.333e-02   8.230e-01   2.697e-01   8.235e-01  18  sdss  5603  82N  6 
    0  53626.319904  3  24.379  0.978  0.276  1.084  -2.016e-02   1.322e+00   3.265e-01   1.284e+00  19  sdss  5603  82N  6 
  128  53626.321563  4  23.958  0.527  0.447  0.576  -6.525e+00   3.981e+00   3.464e+00   4.462e+00  20  sdss  5603  82N  6 
  128  53626.320733  0  24.737  1.214  0.444  2.130  -6.884e-02   1.439e+00   4.309e-01   2.068e+00  14  sdss  5603  82N  6 
   33  53628.307027  1  25.118  1.581  0.663  1.260   2.325e-04   1.296e+00   3.903e-01   7.416e-01  11  sdss  5610  82N  6 
   33  53628.303710  2  24.175  1.224  0.481  1.067   5.298e-01   1.274e+00   4.511e-01   1.000e+00  18  sdss  5610  82N  6 
   32  53628.304539  3  22.714  0.640  0.128  0.535   2.791e+00   1.693e+00   3.643e-01   1.527e+00  19  sdss  5610  82N  6 
   32  53628.306198  4  22.469  0.888  0.603  0.975   1.809e+00   4.980e+00   3.108e+00   5.025e+00  20  sdss  5610  82N  6 
   33  53628.305369  0  23.545  1.981  0.466  2.133   1.290e+00   3.384e+00   6.920e-01   3.169e+00  14  sdss  5610  82N  6 
    1  53635.315567  1  22.895  0.440  0.061  0.192   2.436e+00   9.699e-01   1.403e-01   4.443e-01  11  sdss  5622  82N  6 
   33  53635.312250  2  22.798  0.427  0.117  0.254   2.678e+00   1.066e+00   3.044e-01   6.614e-01  18  sdss  5622  82N  6 
   32  53635.313079  3  23.352  0.840  0.284  0.538   1.377e+00   1.420e+00   4.946e-01   9.376e-01  19  sdss  5622  82N  6 
    0  53635.314738  4  21.566  0.512  0.215  0.449   7.680e+00   4.260e+00   1.852e+00   3.861e+00  20  sdss  5622  82N  6 
    1  53635.313909  0  26.793  0.823  0.169  0.504  -3.659e+00   2.386e+00   5.632e-01   1.682e+00  14  sdss  5622  82N  6 
    1  53637.308955  1  22.560  0.349  0.271  0.386   3.343e+00   1.057e+00   8.453e-01   1.207e+00  11  sdss  5633  82N  6 
   32  53637.305638  2  21.964  0.221  0.056  0.253   5.892e+00   1.201e+00   3.081e-01   1.394e+00  18  sdss  5633  82N  6 
   32  53637.306467  3  22.419  0.474  0.241  0.474   3.742e+00   1.657e+00   8.860e-01   1.741e+00  19  sdss  5633  82N  6 
    0  53637.308126  4  23.086  1.046  0.199  1.442  -1.248e+00   6.000e+00   9.997e-01   7.226e+00  20  sdss  5633  82N  6 
   41  53637.307297  0  24.518  1.778  2.462  3.703   1.431e-01   2.606e+00   2.405e+00   3.618e+00  14  sdss  5633  82N  6 
    0  53639.354317  1  22.421  0.158  0.050  0.109   3.807e+00   5.571e-01   1.778e-01   3.870e-01  11  sdss  5642  82N  6 
   40  53639.351002  2  22.338  0.208  0.122  0.192   4.154e+00   8.072e-01   4.800e-01   7.559e-01  18  sdss  5642  82N  6 
    0  53639.351832  3  22.062  0.247  0.026  0.192   5.270e+00   1.226e+00   1.319e-01   9.654e-01  19  sdss  5642  82N  6 
    0  53639.353490  4  21.648  0.446  0.132  0.415   6.998e+00   3.526e+00   1.070e+00   3.359e+00  20  sdss  5642  82N  6 
    8  53639.352661  0  25.992  0.915  0.582  0.897  -1.630e+00   1.455e+00   1.002e+00   1.544e+00  14  sdss  5642  82N  6 
    0  53644.301252  1  22.310  0.153  0.058  0.221   4.223e+00   5.958e-01   2.276e-01   8.659e-01  11  sdss  5670  82N  6 
    0  53644.297935  2  21.937  0.150  0.063  0.169   6.042e+00   8.405e-01   3.576e-01   9.562e-01  18  sdss  5670  82N  6 
   32  53644.298764  3  22.112  0.266  0.098  0.286   5.026e+00   1.258e+00   4.739e-01   1.379e+00  19  sdss  5670  82N  6 
   32  53644.300422  4  22.366  0.725  0.691  1.022   2.348e+00   4.044e+00   3.685e+00   5.456e+00  20  sdss  5670  82N  6 
    0  53644.299593  0  22.718  0.627  0.292  1.109   3.073e+00   1.647e+00   8.348e-01   3.163e+00  14  sdss  5670  82N  6 
    0  53654.335926  1  22.870  0.220  0.105  0.176   2.495e+00   5.130e-01   2.486e-01   4.171e-01  11  sdss  5709  82N  6 
   32  53654.332609  2  22.327  0.223  0.051  0.198   4.196e+00   8.719e-01   2.020e-01   7.860e-01  18  sdss  5709  82N  6 
    0  53654.333438  3  21.824  0.227  0.041  0.178   6.595e+00   1.400e+00   2.575e-01   1.114e+00  19  sdss  5709  82N  6 
  128  53654.335096  4  21.347  0.458  0.114  0.365   9.730e+00   4.514e+00   1.163e+00   3.729e+00  20  sdss  5709  82N  6 
  136  53654.334267  0  24.683  1.273  1.464  1.848  -1.667e-02   1.535e+00   1.419e+00   1.790e+00  14  sdss  5709  82N  6 
    1  53663.296630  1  22.941  0.488  0.098  0.176   2.332e+00   1.023e+00   2.169e-01   3.903e-01  11  sdss  5744  82N  6 
   33  53663.293313  2  22.553  0.375  0.115  0.227   3.386e+00   1.173e+00   3.712e-01   7.354e-01  18  sdss  5744  82N  6 
  128  53663.294142  3  21.877  0.275  0.032  0.186   6.275e+00   1.607e+00   1.911e-01   1.110e+00  19  sdss  5744  82N  6 
    0  53663.295801  4  21.678  0.553  0.201  0.412   6.757e+00   4.247e+00   1.591e+00   3.262e+00  20  sdss  5744  82N  6 
    1  53663.294972  0  25.969  1.608  0.584  1.037  -1.588e+00   2.579e+00   9.881e-01   1.754e+00  14  sdss  5744  82N  6 
   33  53666.366658  1  23.622  0.769  0.125  0.420   1.187e+00   8.724e-01   1.552e-01   5.206e-01  11  sdss  5765  82N  6 
   32  53666.363341  2  23.859  0.896  0.296  0.650   8.522e-01   9.891e-01   3.328e-01   7.304e-01  18  sdss  5765  82N  6 
   32  53666.364171  3  22.243  0.335  0.126  0.246   4.435e+00   1.397e+00   5.396e-01   1.056e+00  19  sdss  5765  82N  6 
   32  53666.365829  4  22.515  0.760  0.411  0.657   1.575e+00   4.127e+00   2.090e+00   3.346e+00  20  sdss  5765  82N  6 
    9  53666.365000  0  26.813  0.951  0.520  0.644  -3.730e+00   2.702e+00   1.767e+00   2.188e+00  14  sdss  5765  82N  6 
  160  53668.286360  1  23.465  0.558  0.387  0.847   1.395e+00   7.415e-01   5.452e-01   1.194e+00  11  sdss  5770  82N  6 
   32  53668.283043  2  23.572  0.813  0.560  1.189   1.207e+00   1.049e+00   7.691e-01   1.634e+00  18  sdss  5770  82N  6 
  160  53668.283872  3  23.391  0.997  0.151  1.405   1.309e+00   1.659e+00   2.570e-01   2.385e+00  19  sdss  5770  82N  6 
   32  53668.285530  4  21.891  0.779  0.335  0.913   5.195e+00   5.227e+00   2.287e+00   6.243e+00  20  sdss  5770  82N  6 
    0  53668.284701  0  25.381  1.396  0.450  3.074  -7.441e-01   1.859e+00   5.245e-01   3.586e+00  14  sdss  5770  82N  6 
  160  53670.290914  1  24.171  0.608  0.054  0.645   6.313e-01   4.944e-01   4.468e-02   5.331e-01  11  sdss  5781  82N  6 
   40  53670.287597  2  22.795  0.331  0.241  0.363   2.686e+00   8.439e-01   6.293e-01   9.488e-01  18  sdss  5781  82N  6 
   32  53670.288426  3  22.335  0.364  0.178  0.396   4.060e+00   1.397e+00   7.032e-01   1.568e+00  19  sdss  5781  82N  6 
   32  53670.290085  4  22.017  0.651  0.430  0.637   4.361e+00   4.107e+00   2.723e+00   4.028e+00  20  sdss  5781  82N  6 
    8  53670.289256  0  25.121  1.224  0.806  2.528  -4.547e-01   1.496e+00   8.442e-01   2.647e+00  14  sdss  5781  82N  6 
   40  53673.258897  1  24.653  0.705  0.467  0.749   2.823e-01   4.732e-01   3.001e-01   4.815e-01  11  sdss  5792  82N  6 
   32  53673.255580  2  23.388  0.542  0.180  0.517   1.478e+00   8.218e-01   2.861e-01   8.198e-01  18  sdss  5792  82N  6 
   32  53673.256409  3  22.348  0.342  0.154  0.309   4.009e+00   1.299e+00   6.028e-01   1.209e+00  19  sdss  5792  82N  6 
  160  53673.258067  4  22.201  0.664  0.310  0.727   3.258e+00   3.878e+00   1.779e+00   4.168e+00  20  sdss  5792  82N  6 
  128  53673.257238  0  25.653  1.042  0.088  1.344  -1.094e+00   1.402e+00   1.194e-01   1.829e+00  14  sdss  5792  82N  6 
   32  53675.255577  1  24.837  0.744  0.040  0.759   1.675e-01   4.833e-01   2.455e-02   4.618e-01  11  sdss  5800  82N  6 
  160  53675.252260  2  23.405  0.611  0.096  0.660   1.451e+00   9.056e-01   1.496e-01   1.032e+00  18  sdss  5800  82N  6 
  160  53675.253089  3  22.582  0.470  0.280  0.469   3.186e+00   1.432e+00   8.928e-01   1.495e+00  19  sdss  5800  82N  6 
    0  53675.254748  4  21.005  0.378  0.151  0.357   1.376e+01   4.982e+00   2.058e+00   4.855e+00  20  sdss  5800  82N  6 
    0  53675.253918  0  26.270  0.738  0.105  0.952  -2.184e+00   1.447e+00   2.245e-01   2.036e+00  14  sdss  5800  82N  6 
   40  53677.276646  1  24.575  0.680  0.358  0.646   3.335e-01   4.656e-01   2.374e-01   4.285e-01  11  sdss  5813  82N  6 
   32  53677.273329  2  23.658  0.634  0.165  0.577   1.092e+00   7.878e-01   2.133e-01   7.447e-01  18  sdss  5813  82N  6 
  160  53677.274159  3  23.006  0.600  0.229  0.582   2.058e+00   1.284e+00   5.150e-01   1.310e+00  19  sdss  5813  82N  6 
  160  53677.275817  4  21.975  0.562  0.203  0.535   4.630e+00   3.620e+00   1.316e+00   3.472e+00  20  sdss  5813  82N  6 
  128  53677.274988  0  23.724  1.096  0.148  1.344   1.031e+00   1.458e+00   1.957e-01   1.777e+00  14  sdss  5813  82N  6 
    8  53680.262988  1  25.244  0.757  0.553  0.855  -7.440e-02   4.844e-01   3.280e-01   5.067e-01  11  sdss  5823  82N  6 
   32  53680.259671  2  23.475  0.595  0.145  0.553   1.346e+00   8.408e-01   2.144e-01   8.190e-01  18  sdss  5823  82N  6 
   32  53680.260500  3  22.627  0.427  0.166  0.372   3.047e+00   1.263e+00   5.111e-01   1.141e+00  19  sdss  5823  82N  6 
   32  53680.262158  4  21.645  0.516  0.385  0.569   7.021e+00   4.063e+00   3.122e+00   4.612e+00  20  sdss  5823  82N  6 
   40  53680.261329  0  24.083  1.172  1.216  1.994   5.918e-01   1.440e+00   1.335e+00   2.190e+00  14  sdss  5823  82N  6 
    1  53693.263962  1  26.006  1.343  0.262  0.689  -5.834e-01   1.122e+00   2.085e-01   5.479e-01  11  sdss  5878  82N  6 
    1  53693.260645  2  26.423  0.651  0.236  0.436  -1.833e+00   1.134e+00   4.424e-01   8.187e-01  18  sdss  5878  82N  6 
  160  53693.261474  3  24.125  1.106  0.447  1.055   2.825e-01   1.563e+00   5.425e-01   1.280e+00  19  sdss  5878  82N  6 
  160  53693.263132  4  21.823  0.648  0.246  0.677   5.668e+00   4.522e+00   1.757e+00   4.841e+00  20  sdss  5878  82N  6 
  129  53693.262303  0  27.234  0.687  0.032  0.409  -5.551e+00   3.031e+00   1.559e-01   2.020e+00  14  sdss  5878  82N  6 
   32  53698.260976  1  24.350  0.747  0.458  0.941   4.907e-01   5.576e-01   3.396e-01   6.974e-01  11  sdss  5898  82N  6 
   32  53698.257659  2  23.449  0.629  0.308  0.735   1.384e+00   8.995e-01   4.648e-01   1.111e+00  18  sdss  5898  82N  6 
   32  53698.258489  3  22.716  0.529  0.237  0.596   2.785e+00   1.427e+00   6.743e-01   1.696e+00  19  sdss  5898  82N  6 
    0  53698.260147  4  23.109  0.813  0.505  1.025  -1.363e+00   4.433e+00   2.545e+00   5.160e+00  20  sdss  5898  82N  6 
    8  53698.259318  0  22.897  0.806  0.425  1.304   2.580e+00   1.763e+00   1.042e+00   3.198e+00  14  sdss  5898  82N  6 
    0  53699.284394  1  25.358  0.784  0.076  0.752  -1.421e-01   5.100e-01   4.571e-02   4.532e-01  11  sdss  5902  82N  6 
   40  53699.281077  2  23.794  0.738  0.465  0.661   9.263e-01   8.413e-01   5.458e-01   7.751e-01  18  sdss  5902  82N  6 
   32  53699.281906  3  22.872  0.587  0.195  0.473   2.373e+00   1.388e+00   4.871e-01   1.184e+00  19  sdss  5902  82N  6 
   32  53699.283564  4  22.622  0.757  0.400  0.599   1.033e+00   4.049e+00   1.989e+00   2.977e+00  20  sdss  5902  82N  6 
    8  53699.282735  0  26.178  0.918  0.592  1.010  -1.987e+00   1.638e+00   1.177e+00   2.007e+00  14  sdss  5902  82N  6 
   34  53704.246360  1  23.786  0.742  0.174  1.665   9.962e-01   7.550e-01   1.893e-01   1.811e+00  11  sdss  5918  82N  6 
   32  53704.243043  2  23.060  0.566  0.507  1.035   2.070e+00   1.104e+00   1.053e+00   2.151e+00  18  sdss  5918  82N  6 
    0  53704.243872  3  25.674  0.904  0.831  1.398  -1.960e+00   1.805e+00   1.805e+00   3.038e+00  19  sdss  5918  82N  6 
    2  53704.245531  4  24.180  0.895  0.514  1.581  -8.389e+00   7.498e+00   4.705e+00   1.447e+01  20  sdss  5918  82N  6 
   34  53704.244701  0  24.612  1.605  0.795  5.494   5.181e-02   2.187e+00   7.709e-01   5.329e+00  14  sdss  5918  82N  6 
