# SDSS CID:  13151 IAU:          RA:   6.879834 DEC:   0.007990  (J2000)
# GALAXY_SB [ugriz] = [ 22.75 22.53 21.68 21.20 20.86 ] +/- [  0.00  0.00  0.00  0.00  0.00 ] (asinh mag/square arcsec)
# GALAXY_SB_FLUX [ugriz] = [  2.902E+00  3.434E+00  7.676E+00  1.179E+01  1.583E+01 ] +/- [  0.000E+00  0.000E+00  0.000E+00  0.000E+00  0.000E+00 ] (microJy per square arcsec)
#FLAG  MJD       FILT  MAG     MERR  MSKYERR MGALERR  FLUX       FLUXERR    SKYERR     GALERR    NPRE TELE   RUN  STRIP  IDCCD
  392  53975.323266  1  23.211  0.299  0.175  0.000   1.796e+00   5.117e-01   3.055e-01   0.000e+00  11  sdss  6287  82S  4 
  288  53975.319949  2  23.731  0.660  0.084  0.000   1.002e+00   7.790e-01   1.021e-01   0.000e+00  11  sdss  6287  82S  4 
  288  53975.320778  3  23.020  0.564  0.172  0.000   2.026e+00   1.190e+00   3.786e-01   0.000e+00  11  sdss  6287  82S  4 
  256  53975.322437  4  23.397  0.696  0.211  0.000  -2.878e+00   3.984e+00   1.173e+00   0.000e+00  11  sdss  6287  82S  4 
  256  53975.321608  0  23.565  1.126  0.148  0.000   1.259e+00   1.608e+00   2.201e-01   0.000e+00  5  sdss  6287  82S  4 
  257  53990.336431  1  23.047  0.566  0.139  0.000   2.106e+00   1.063e+00   2.802e-01   0.000e+00  11  sdss  6330  82S  4 
  289  53990.333113  2  23.350  0.742  0.258  0.000   1.538e+00   1.112e+00   4.178e-01   0.000e+00  11  sdss  6330  82S  4 
  256  53990.333943  3  25.697  0.696  0.155  0.000  -2.009e+00   1.436e+00   3.389e-01   0.000e+00  11  sdss  6330  82S  4 
  288  53990.335601  4  22.827  0.863  0.474  0.000   2.873e-02   4.668e+00   2.313e+00   0.000e+00  11  sdss  6330  82S  4 
  257  53990.334772  0  22.176  0.648  0.139  0.000   5.156e+00   2.763e+00   6.537e-01   0.000e+00  5  sdss  6330  82S  4 
  256  53994.346930  1  23.673  0.448  0.107  0.000   1.125e+00   5.154e-01   1.269e-01   0.000e+00  11  sdss  6355  82S  4 
  288  53994.343613  2  24.328  0.827  0.389  0.000   3.907e-01   7.687e-01   3.406e-01   0.000e+00  11  sdss  6355  82S  4 
  288  53994.344442  3  23.938  0.865  0.172  0.000   5.147e-01   1.186e+00   2.190e-01   0.000e+00  11  sdss  6355  82S  4 
  256  53994.346100  4  22.009  0.608  0.270  0.000   4.411e+00   3.850e+00   1.715e+00   0.000e+00  11  sdss  6355  82S  4 
  256  53994.345271  0  24.879  1.254  0.072  0.000  -2.079e-01   1.514e+00   7.108e-02   0.000e+00  5  sdss  6355  82S  4 
  288  53996.330358  1  23.822  0.559  0.127  0.000   9.573e-01   5.678e-01   1.339e-01   0.000e+00  11  sdss  6367  82S  4 
  288  53996.327041  2  24.725  0.943  0.500  0.000   6.186e-02   8.524e-01   4.001e-01   0.000e+00  11  sdss  6367  82S  4 
  256  53996.327870  3  25.466  0.752  0.125  0.000  -1.545e+00   1.335e+00   2.303e-01   0.000e+00  11  sdss  6367  82S  4 
  256  53996.329529  4  23.716  0.664  0.053  0.000  -4.799e+00   4.333e+00   3.504e-01   0.000e+00  11  sdss  6367  82S  4 
  264  53996.328700  0  22.792  0.697  0.543  0.000   2.859e+00   1.732e+00   1.485e+00   0.000e+00  5  sdss  6367  82S  4 
  264  53998.299289  1  23.210  0.293  0.122  0.000   1.798e+00   5.027e-01   2.129e-01   0.000e+00  11  sdss  6377  82S  4 
  288  53998.295972  2  24.012  0.706  0.137  0.000   6.881e-01   7.205e-01   1.395e-01   0.000e+00  11  sdss  6377  82S  4 
  256  53998.296801  3  24.612  0.855  0.234  0.000  -2.985e-01   1.138e+00   2.842e-01   0.000e+00  11  sdss  6377  82S  4 
  256  53998.298459  4  23.358  0.631  0.338  0.000  -2.664e+00   3.542e+00   1.847e+00   0.000e+00  11  sdss  6377  82S  4 
  256  53998.297630  0  25.015  1.265  0.199  0.000  -3.447e-01   1.546e+00   2.025e-01   0.000e+00  5  sdss  6377  82S  4 
  264  54005.329312  1  23.555  0.354  0.101  0.000   1.273e+00   4.515e-01   1.322e-01   0.000e+00  11  sdss  6402  82S  4 
  256  54005.325995  2  25.739  0.646  0.059  0.000  -8.451e-01   7.077e-01   6.549e-02   0.000e+00  11  sdss  6402  82S  4 
  288  54005.326824  3  24.294  0.831  0.054  0.000   8.056e-02   1.084e+00   6.464e-02   0.000e+00  11  sdss  6402  82S  4 
  256  54005.328483  4  21.816  0.462  0.037  0.000   5.716e+00   3.271e+00   2.695e-01   0.000e+00  11  sdss  6402  82S  4 
  264  54005.327653  0  23.382  0.841  0.359  0.000   1.555e+00   1.331e+00   6.094e-01   0.000e+00  5  sdss  6402  82S  4 
  256  54008.290299  1  21.954  0.105  0.014  0.000   5.878e+00   5.686e-01   7.682e-02   0.000e+00  11  sdss  6417  82S  4 
  256  54008.286982  2  25.187  0.834  0.260  0.000  -3.136e-01   7.608e-01   2.208e-01   0.000e+00  11  sdss  6417  82S  4 
  256  54008.287811  3  21.560  0.158  0.040  0.000   8.437e+00   1.229e+00   3.136e-01   0.000e+00  11  sdss  6417  82S  4 
  256  54008.289470  4  23.091  0.717  0.295  0.000  -1.269e+00   3.831e+00   1.481e+00   0.000e+00  11  sdss  6417  82S  4 
  256  54008.288641  0  23.930  1.247  0.091  0.000   7.685e-01   1.611e+00   1.081e-01   0.000e+00  5  sdss  6417  82S  4 
  257  54010.284683  1  23.386  0.459  0.144  0.000   1.511e+00   6.620e-01   2.170e-01   0.000e+00  11  sdss  6425  82S  4 
  288  54010.281366  2  24.739  0.892  0.237  0.000   5.060e-02   7.961e-01   1.896e-01   0.000e+00  11  sdss  6425  82S  4 
  256  54010.282196  3  23.246  0.653  0.151  0.000   1.567e+00   1.176e+00   2.814e-01   0.000e+00  11  sdss  6425  82S  4 
  288  54010.283854  4  22.400  0.603  0.240  0.000   2.167e+00   3.281e+00   1.264e+00   0.000e+00  11  sdss  6425  82S  4 
  257  54010.283025  0  23.993  1.270  0.135  0.000   6.939e-01   1.629e+00   1.553e-01   0.000e+00  5  sdss  6425  82S  4 
  257  54012.277400  1  24.547  1.447  0.683  0.000   3.518e-01   1.169e+00   4.585e-01   0.000e+00  11  sdss  6433  82S  4 
  257  54012.274083  2  26.308  0.815  0.130  0.000  -1.628e+00   1.254e+00   2.197e-01   0.000e+00  11  sdss  6433  82S  4 
  257  54012.274913  3  21.841  0.263  0.032  0.000   6.487e+00   1.570e+00   1.940e-01   0.000e+00  11  sdss  6433  82S  4 
  256  54012.276571  4  21.682  0.499  0.064  0.000   6.722e+00   3.842e+00   5.073e-01   0.000e+00  11  sdss  6433  82S  4 
  257  54012.275742  0  23.610  1.777  0.177  0.000   1.191e+00   2.812e+00   2.550e-01   0.000e+00  5  sdss  6433  82S  4 
  289  54020.283338  1  24.180  0.990  0.319  0.000   6.236e-01   8.036e-01   2.618e-01   0.000e+00  11  sdss  6447  82S  4 
  288  54020.280021  2  24.647  1.128  0.657  0.000   1.240e-01   1.077e+00   5.299e-01   0.000e+00  11  sdss  6447  82S  4 
  256  54020.280851  3  24.637  1.009  0.345  0.000  -3.289e-01   1.396e+00   4.218e-01   0.000e+00  11  sdss  6447  82S  4 
  256  54020.282509  4  23.195  0.845  0.504  0.000  -1.800e+00   4.702e+00   2.599e+00   0.000e+00  11  sdss  6447  82S  4 
  257  54020.281680  0  23.476  1.473  0.169  0.000   1.398e+00   2.247e+00   2.680e-01   0.000e+00  5  sdss  6447  82S  4 
  298  54024.364893  1  25.065  1.128  1.410  0.000   3.101e-02   7.911e-01   8.311e-01   0.000e+00  11  sdss  6458  82S  4 
  256  54024.361576  2  25.764  0.964  0.290  0.000  -8.732e-01   1.071e+00   3.281e-01   0.000e+00  11  sdss  6458  82S  4 
  256  54024.362405  3  25.545  0.808  0.382  0.000  -1.695e+00   1.497e+00   7.468e-01   0.000e+00  11  sdss  6458  82S  4 
  384  54024.364064  4  23.119  0.915  0.450  0.000  -1.415e+00   5.103e+00   2.274e+00   0.000e+00  11  sdss  6458  82S  4 
  392  54024.363235  0  23.758  1.449  1.246  0.000   9.852e-01   2.038e+00   1.632e+00   0.000e+00  5  sdss  6458  82S  4 
  256  54030.276462  1  24.757  0.693  0.101  0.000   2.165e-01   4.532e-01   6.297e-02   0.000e+00  11  sdss  6479  82S  4 
  288  54030.273145  2  24.155  0.762  0.053  0.000   5.484e-01   7.386e-01   4.973e-02   0.000e+00  11  sdss  6479  82S  4 
  256  54030.273974  3  24.579  0.831  0.129  0.000  -2.584e-01   1.096e+00   1.555e-01   0.000e+00  11  sdss  6479  82S  4 
  288  54030.275633  4  22.821  0.653  0.209  0.000   5.784e-02   3.379e+00   1.021e+00   0.000e+00  11  sdss  6479  82S  4 
  384  54030.274804  0  24.430  1.182  0.290  0.000   2.296e-01   1.397e+00   2.873e-01   0.000e+00  5  sdss  6479  82S  4 
  256  54035.351971  1  25.893  0.881  0.427  0.000  -4.958e-01   6.659e-01   3.179e-01   0.000e+00  11  sdss  6501  82S  4 
  288  54035.348654  2  23.555  0.981  0.568  0.000   1.231e+00   1.256e+00   7.865e-01   0.000e+00  11  sdss  6501  82S  4 
  288  54035.349483  3  23.062  1.002  0.518  0.000   1.935e+00   1.957e+00   1.107e+00   0.000e+00  11  sdss  6501  82S  4 
  256  54035.351141  4  23.111  1.041  0.145  0.000  -1.374e+00   5.978e+00   7.317e-01   0.000e+00  11  sdss  6501  82S  4 
  416  54035.350312  0  24.535  1.741  0.270  0.000   1.265e-01   2.511e+00   2.636e-01   0.000e+00  5  sdss  6501  82S  4 
  264  54037.257429  1  23.498  0.373  0.204  0.000   1.349e+00   4.979e-01   2.801e-01   0.000e+00  11  sdss  6508  82S  4 
  288  54037.254112  2  24.443  0.948  0.570  0.000   2.925e-01   8.819e-01   4.800e-01   0.000e+00  11  sdss  6508  82S  4 
  288  54037.254941  3  22.766  0.494  0.142  0.000   2.649e+00   1.278e+00   3.853e-01   0.000e+00  11  sdss  6508  82S  4 
  288  54037.256600  4  22.742  0.709  0.431  0.000   4.416e-01   3.717e+00   2.109e+00   0.000e+00  11  sdss  6508  82S  4 
  260  54037.255770  0  24.147  1.226  0.320  0.000   5.213e-01   1.514e+00   3.438e-01   0.000e+00  5  sdss  6508  82S  4 
  257  54040.272036  1  23.611  1.167  0.320  0.000   1.201e+00   1.256e+00   3.988e-01   0.000e+00  11  sdss  6518  82S  4 
  289  54040.268719  2  23.187  0.801  0.178  0.000   1.821e+00   1.336e+00   3.290e-01   0.000e+00  11  sdss  6518  82S  4 
  257  54040.269548  3  25.865  0.700  0.078  0.000  -2.404e+00   1.627e+00   1.953e-01   0.000e+00  11  sdss  6518  82S  4 
  288  54040.271206  4  21.953  0.761  0.286  0.000   4.778e+00   4.960e+00   1.884e+00   0.000e+00  11  sdss  6518  82S  4 
  257  54040.270377  0  22.400  0.884  0.224  0.000   4.172e+00   2.888e+00   8.652e-01   0.000e+00  5  sdss  6518  82S  4 
  385  54047.301880  1  21.880  0.781  0.180  0.000   6.294e+00   3.894e+00   1.044e+00   0.000e+00  11  sdss  6530  82S  4 
  291  54047.298563  2  21.902  0.510  0.303  0.000   6.241e+00   2.753e+00   1.754e+00   0.000e+00  11  sdss  6530  82S  4 
 1410  54047.299392  3  24.593  1.658  2.375  0.000  -2.753e-01   2.830e+00   2.876e+00   0.000e+00  11  sdss  6530  82S  4 
 1408  54047.301051  4  23.205  1.349  0.639  0.000  -1.851e+00   8.551e+00   3.302e+00   0.000e+00  11  sdss  6530  82S  4 
 1411  54047.300221  0  26.749  2.790  0.695  0.000  -3.507e+00   7.618e+00   2.286e+00   0.000e+00  5  sdss  6530  82S  4 
  291  54049.297751  1  23.125  1.245  0.183  0.000   1.953e+00   1.827e+00   3.449e-01   0.000e+00  11  sdss  6537  82S  4 
  291  54049.294434  2  22.560  0.556  0.421  0.000   3.365e+00   1.647e+00   1.344e+00   0.000e+00  11  sdss  6537  82S  4 
  288  54049.295263  3  22.704  0.793  0.342  0.000   2.821e+00   2.031e+00   9.732e-01   0.000e+00  11  sdss  6537  82S  4 
  258  54049.296921  4  23.604  1.293  0.563  0.000  -4.089e+00   8.615e+00   3.477e+00   0.000e+00  11  sdss  6537  82S  4 
  265  54049.296092  0  22.263  2.615  1.211  0.000   4.750e+00   7.366e+00   5.286e+00   0.000e+00  5  sdss  6537  82S  4 
  256  54053.261852  1  23.111  0.280  0.087  0.000   1.980e+00   5.241e-01   1.664e-01   0.000e+00  11  sdss  6555  82S  4 
  288  54053.258535  2  23.514  0.630  0.204  0.000   1.287e+00   8.552e-01   2.912e-01   0.000e+00  11  sdss  6555  82S  4 
  288  54053.259364  3  23.718  0.861  0.418  0.000   8.084e-01   1.249e+00   5.850e-01   0.000e+00  11  sdss  6555  82S  4 
  256  54053.261022  4  21.496  0.448  0.213  0.000   8.300e+00   3.961e+00   1.940e+00   0.000e+00  11  sdss  6555  82S  4 
  256  54053.260193  0  23.113  0.907  0.048  0.000   2.073e+00   1.693e+00   1.014e-01   0.000e+00  5  sdss  6555  82S  4 
  288  54056.263233  1  23.288  0.427  0.074  0.000   1.666e+00   6.712e-01   1.204e-01   0.000e+00  11  sdss  6568  82S  4 
 1440  54056.259917  2  23.822  0.983  0.192  0.000   8.939e-01   1.102e+00   2.199e-01   0.000e+00  11  sdss  6568  82S  4 
  256  54056.260746  3  25.601  0.826  0.312  0.000  -1.808e+00   1.579e+00   6.360e-01   0.000e+00  11  sdss  6568  82S  4 
  256  54056.262404  4  23.062  1.211  1.208  0.000  -1.125e+00   7.266e+00   6.025e+00   0.000e+00  11  sdss  6568  82S  4 
  258  54056.261575  0  27.080  0.674  0.217  0.000  -4.804e+00   2.669e+00   9.588e-01   0.000e+00  5  sdss  6568  82S  4 
  288  54059.257256  1  23.220  0.387  0.088  0.000   1.780e+00   6.491e-01   1.526e-01   0.000e+00  11  sdss  6580  82S  4 
  290  54059.253940  2  24.323  1.217  0.926  0.000   3.951e-01   1.231e+00   8.125e-01   0.000e+00  11  sdss  6580  82S  4 
  416  54059.254769  3  23.879  1.138  0.372  0.000   5.910e-01   1.672e+00   4.846e-01   0.000e+00  11  sdss  6580  82S  4 
  288  54059.256427  4  21.843  0.756  0.134  0.000   5.524e+00   5.208e+00   9.499e-01   0.000e+00  11  sdss  6580  82S  4 
  266  54059.255598  0  26.124  1.467  1.462  0.000  -1.877e+00   2.478e+00   2.835e+00   0.000e+00  5  sdss  6580  82S  4 
  296  54062.261874  1  23.379  0.456  0.316  0.000   1.521e+00   6.610e-01   4.784e-01   0.000e+00  11  sdss  6596  82S  4 
  288  54062.258557  2  23.655  0.864  0.409  0.000   1.097e+00   1.054e+00   5.255e-01   0.000e+00  11  sdss  6596  82S  4 
  256  54062.259386  3  24.691  1.193  0.929  0.000  -3.956e-01   1.743e+00   1.151e+00   0.000e+00  11  sdss  6596  82S  4 
  288  54062.261045  4  21.775  0.826  0.581  0.000   6.014e+00   5.886e+00   4.301e+00   0.000e+00  11  sdss  6596  82S  4 
  384  54062.260215  0  25.009  1.654  0.352  0.000  -3.385e-01   2.318e+00   3.575e-01   0.000e+00  5  sdss  6596  82S  4 
  257  54068.242000  1  26.639  1.384  0.353  0.000  -1.219e+00   1.479e+00   4.450e-01   0.000e+00  11  sdss  6618  82S  4 
  289  54068.238683  2  23.945  1.430  0.871  0.000   7.579e-01   1.639e+00   9.231e-01   0.000e+00  11  sdss  6618  82S  4 
  289  54068.239512  3  23.899  1.211  0.879  0.000   5.649e-01   1.808e+00   1.137e+00   0.000e+00  11  sdss  6618  82S  4 
  256  54068.241171  4  21.356  0.559  0.329  0.000   9.640e+00   5.401e+00   3.350e+00   0.000e+00  11  sdss  6618  82S  4 
  257  54068.240341  0  26.071  2.015  0.612  0.000  -1.775e+00   3.670e+00   1.139e+00   0.000e+00  5  sdss  6618  82S  4 
