# SDSS CID:  14158 IAU:          RA:  26.309689 DEC:   0.557172  (J2000)
# GALAXY_SB [ugriz] = [ 22.66 22.37 22.36 22.15 21.62 ] +/- [  0.10  0.03  0.03  0.03  0.07 ] (asinh mag/square arcsec)
# GALAXY_SB_FLUX [ugriz] = [  3.155E+00  3.986E+00  4.049E+00  4.840E+00  7.191E+00 ] +/- [  3.197E-01  9.683E-02  1.156E-01  1.575E-01  5.962E-01 ] (microJy per square arcsec)
#FLAG  MJD       FILT  MAG     MERR  MSKYERR MGALERR  FLUX       FLUXERR    SKYERR     GALERR    NPRE TELE   RUN  STRIP  IDCCD
   40  53975.375524  1  22.606  0.176  0.135  0.176   3.202e+00   5.261e-01   4.056e-01   5.306e-01  13  sdss  6287  82S  5 
    0  53975.372207  2  22.325  0.200  0.100  0.137   4.203e+00   7.850e-01   3.983e-01   5.457e-01  13  sdss  6287  82S  5 
   32  53975.373036  3  22.581  0.398  0.172  0.210   3.189e+00   1.226e+00   5.478e-01   6.682e-01  12  sdss  6287  82S  5 
   32  53975.374695  4  21.893  0.562  0.187  0.413   5.177e+00   3.787e+00   1.278e+00   2.828e+00  11  sdss  6287  82S  5 
   32  53975.373866  0  23.580  1.058  0.334  1.217   1.236e+00   1.504e+00   4.952e-01   1.803e+00  10  sdss  6287  82S  5 
   33  53990.389477  1  23.111  0.819  0.188  0.332   1.980e+00   1.373e+00   3.608e-01   6.378e-01  13  sdss  6330  82S  5 
   33  53990.386160  2  22.351  0.396  0.200  0.214   4.102e+00   1.477e+00   7.749e-01   8.311e-01  13  sdss  6330  82S  5 
   33  53990.386989  3  23.899  1.248  0.719  0.888   5.652e-01   1.884e+00   9.314e-01   1.150e+00  12  sdss  6330  82S  5 
  128  53990.388647  4  21.324  0.464  0.212  0.374   9.971e+00   4.668e+00   2.214e+00   3.905e+00  11  sdss  6330  82S  5 
   33  53990.387818  0  24.463  2.034  0.965  2.775   1.977e-01   3.351e+00   9.512e-01   2.734e+00  10  sdss  6330  82S  5 
   32  53994.399679  1  22.736  0.243  0.118  0.255   2.833e+00   6.406e-01   3.176e-01   6.834e-01  13  sdss  6355  82S  5 
   32  53994.396362  2  22.690  0.297  0.136  0.230   2.973e+00   8.341e-01   3.896e-01   6.602e-01  13  sdss  6355  82S  5 
   32  53994.397191  3  23.135  0.645  0.225  0.357   1.783e+00   1.253e+00   4.571e-01   7.264e-01  12  sdss  6355  82S  5 
   32  53994.398850  4  21.554  0.456  0.196  0.336   7.781e+00   3.859e+00   1.704e+00   2.925e+00  11  sdss  6355  82S  5 
   32  53994.398021  0  22.962  0.813  0.245  1.075   2.416e+00   1.739e+00   5.876e-01   2.574e+00  10  sdss  6355  82S  5 
  168  53996.383576  1  22.426  0.179  0.258  0.296   3.789e+00   6.311e-01   9.163e-01   1.051e+00  13  sdss  6367  82S  5 
   32  53996.380259  2  22.574  0.297  0.097  0.334   3.321e+00   9.232e-01   3.097e-01   1.062e+00  13  sdss  6367  82S  5 
   32  53996.381088  3  23.158  0.712  0.354  0.507   1.737e+00   1.353e+00   7.071e-01   1.013e+00  12  sdss  6367  82S  5 
   32  53996.382746  4  21.733  0.621  0.288  0.623   6.332e+00   4.594e+00   2.200e+00   4.755e+00  11  sdss  6367  82S  5 
   32  53996.381917  0  24.137  1.269  0.314  2.224   5.323e-01   1.588e+00   3.396e-01   2.407e+00  10  sdss  6367  82S  5 
    0  54005.397180  1  22.737  0.187  0.065  0.105   2.830e+00   4.959e-01   1.730e-01   2.812e-01  13  sdss  6404  82S  5 
    0  54005.393863  2  22.589  0.237  0.094  0.122   3.274e+00   7.338e-01   2.939e-01   3.840e-01  13  sdss  6404  82S  5 
    0  54005.394692  3  22.323  0.291  0.037  0.111   4.108e+00   1.137e+00   1.478e-01   4.437e-01  12  sdss  6404  82S  5 
   32  54005.396351  4  22.523  0.595  0.159  0.307   1.531e+00   3.145e+00   8.082e-01   1.558e+00  11  sdss  6404  82S  5 
  128  54005.395522  0  24.789  1.124  0.306  0.982  -1.197e-01   1.298e+00   2.981e-01   9.571e-01  10  sdss  6404  82S  5 
   32  54008.343464  1  22.968  0.244  0.051  0.195   2.273e+00   5.249e-01   1.109e-01   4.248e-01  13  sdss  6417  82S  5 
    0  54008.340146  2  22.633  0.260  0.128  0.159   3.140e+00   7.698e-01   3.849e-01   4.798e-01  13  sdss  6417  82S  5 
   32  54008.340976  3  22.616  0.408  0.152  0.196   3.080e+00   1.218e+00   4.711e-01   6.070e-01  12  sdss  6417  82S  5 
   32  54008.342634  4  22.471  0.675  0.133  0.458   1.796e+00   3.647e+00   6.852e-01   2.360e+00  11  sdss  6417  82S  5 
    0  54008.341805  0  22.960  0.698  0.197  0.616   2.421e+00   1.533e+00   4.719e-01   1.478e+00  10  sdss  6417  82S  5 
    0  54010.338319  1  22.646  0.177  0.028  0.118   3.083e+00   5.106e-01   8.197e-02   3.446e-01  13  sdss  6425  82S  5 
    0  54010.335002  2  22.596  0.241  0.080  0.132   3.252e+00   7.405e-01   2.488e-01   4.107e-01  13  sdss  6425  82S  5 
   32  54010.335831  3  22.979  0.528  0.162  0.244   2.118e+00   1.161e+00   3.725e-01   5.583e-01  12  sdss  6425  82S  5 
   32  54010.337490  4  22.014  0.504  0.245  0.313   4.384e+00   3.187e+00   1.558e+00   1.989e+00  11  sdss  6425  82S  5 
    8  54010.336661  0  23.071  0.866  0.286  0.616   2.165e+00   1.691e+00   6.266e-01   1.349e+00  10  sdss  6425  82S  5 
   33  54012.331099  1  23.004  0.601  0.301  0.206   2.196e+00   1.170e+00   6.361e-01   4.349e-01  13  sdss  6433  82S  5 
   33  54012.327782  2  22.994  0.628  0.213  0.225   2.212e+00   1.275e+00   4.673e-01   4.939e-01  13  sdss  6433  82S  5 
   57  54012.328611  3  22.867  0.720  1.226  0.255   2.385e+00   1.668e+00   3.075e+00   6.390e-01  12  sdss  6433  82S  5 
    0  54012.330270  4  21.610  0.547  0.256  0.281   7.307e+00   4.413e+00   2.136e+00   2.348e+00  11  sdss  6433  82S  5 
  129  54012.329441  0  22.578  1.011  0.147  0.503   3.522e+00   2.774e+00   4.914e-01   1.678e+00  10  sdss  6433  82S  5 
   33  54020.337285  1  23.176  0.533  0.102  0.348   1.860e+00   9.093e-01   1.855e-01   6.312e-01  13  sdss  6447  82S  5 
   40  54020.333968  2  23.614  0.928  0.960  0.650   1.151e+00   1.159e+00   1.278e+00   8.661e-01  13  sdss  6447  82S  5 
   40  54020.334798  3  22.789  0.747  0.900  0.449   2.586e+00   1.823e+00   2.407e+00   1.199e+00  12  sdss  6447  82S  5 
   32  54020.336456  4  21.693  0.625  0.474  0.459   6.640e+00   4.735e+00   3.725e+00   3.606e+00  11  sdss  6447  82S  5 
    1  54020.335627  0  22.393  0.774  0.205  0.733   4.199e+00   2.661e+00   8.070e-01   2.880e+00  10  sdss  6447  82S  5 
   34  54024.418967  1  22.763  0.333  0.149  0.480   2.761e+00   8.482e-01   3.910e-01   1.256e+00  13  sdss  6458  82S  5 
   34  54024.415650  2  22.453  0.379  0.250  0.505   3.726e+00   1.295e+00   8.851e-01   1.787e+00  13  sdss  6458  82S  5 
   32  54024.416479  3  23.431  1.098  0.624  1.226   1.243e+00   1.809e+00   1.031e+00   2.026e+00  12  sdss  6458  82S  5 
  160  54024.418137  4  21.741  0.799  0.740  0.999   6.271e+00   5.813e+00   5.614e+00   7.580e+00  11  sdss  6458  82S  5 
   34  54024.417308  0  22.823  1.353  0.780  2.508   2.774e+00   2.857e+00   2.103e+00   6.759e+00  10  sdss  6458  82S  5 
   32  54028.407097  1  22.925  0.276  0.225  0.285   2.367e+00   6.127e-01   5.093e-01   6.451e-01  13  sdss  6471  82S  5 
    0  54028.403780  2  22.131  0.215  0.040  0.162   5.042e+00   1.006e+00   1.886e-01   7.656e-01  13  sdss  6471  82S  5 
    0  54028.404609  3  22.042  0.302  0.101  0.170   5.372e+00   1.512e+00   5.146e-01   8.687e-01  12  sdss  6471  82S  5 
   32  54028.406267  4  21.921  0.650  0.196  0.368   4.988e+00   4.308e+00   1.321e+00   2.473e+00  11  sdss  6471  82S  5 
   32  54028.405438  0  23.389  1.223  0.339  1.396   1.542e+00   1.902e+00   5.767e-01   2.376e+00  10  sdss  6471  82S  5 
    0  54030.330721  1  22.590  0.170  0.067  0.104   3.250e+00   5.165e-01   2.062e-01   3.181e-01  13  sdss  6479  82S  5 
    0  54030.327404  2  22.402  0.223  0.046  0.121   3.909e+00   8.170e-01   1.714e-01   4.497e-01  13  sdss  6479  82S  5 
    0  54030.328234  3  22.555  0.392  0.098  0.151   3.273e+00   1.236e+00   3.197e-01   4.926e-01  12  sdss  6479  82S  5 
    0  54030.329892  4  21.738  0.483  0.124  0.229   6.294e+00   3.593e+00   9.471e-01   1.746e+00  11  sdss  6479  82S  5 
  160  54030.329063  0  23.947  1.118  0.127  0.962   7.480e-01   1.406e+00   1.498e-01   1.137e+00  10  sdss  6479  82S  5 
   32  54035.406385  1  22.423  0.218  0.160  0.336   3.800e+00   7.667e-01   5.704e-01   1.196e+00  13  sdss  6501  82S  5 
   34  54035.403067  2  22.718  0.514  0.146  0.546   2.894e+00   1.353e+00   4.095e-01   1.528e+00  13  sdss  6501  82S  5 
  160  54035.403897  3  23.353  1.196  0.767  1.128   1.375e+00   2.047e+00   1.334e+00   1.962e+00  12  sdss  6501  82S  5 
  128  54035.405555  4  20.571  0.309  0.205  0.283   2.092e+01   6.034e+00   4.107e+00   5.657e+00  11  sdss  6501  82S  5 
  130  54035.404726  0  22.266  0.602  0.407  1.005   4.736e+00   2.428e+00   1.792e+00   4.425e+00  10  sdss  6501  82S  5 
   32  54037.311899  1  22.775  0.205  0.043  0.160   2.730e+00   5.258e-01   1.112e-01   4.155e-01  13  sdss  6508  82S  5 
   32  54037.308582  2  23.083  0.384  0.047  0.220   2.023e+00   7.580e-01   9.657e-02   4.478e-01  13  sdss  6508  82S  5 
   32  54037.309411  3  22.687  0.416  0.093  0.185   2.868e+00   1.169e+00   2.707e-01   5.382e-01  12  sdss  6508  82S  5 
    0  54037.311069  4  23.470  0.556  0.258  0.332  -3.288e+00   3.232e+00   1.486e+00   1.911e+00  11  sdss  6508  82S  5 
    0  54037.310240  0  23.162  0.796  0.129  0.742   1.970e+00   1.475e+00   2.629e-01   1.508e+00  10  sdss  6508  82S  5 
   33  54040.326173  1  23.542  0.900  0.353  0.356   1.289e+00   1.060e+00   4.695e-01   4.728e-01  13  sdss  6518  82S  5 
   33  54040.322856  2  22.678  0.444  0.171  0.200   3.008e+00   1.226e+00   4.959e-01   5.784e-01  13  sdss  6518  82S  5 
   33  54040.323686  3  22.670  0.578  0.294  0.232   2.918e+00   1.600e+00   8.689e-01   6.858e-01  12  sdss  6518  82S  5 
   32  54040.325344  4  22.162  0.682  0.233  0.370   3.484e+00   4.050e+00   1.365e+00   2.167e+00  11  sdss  6518  82S  5 
   33  54040.324515  0  23.139  1.345  0.566  0.864   2.017e+00   2.363e+00   1.172e+00   1.789e+00  10  sdss  6518  82S  5 
 1185  54047.356636  1  24.770  3.004 12.909  4.246   2.087e-01   5.070e+00   7.998e+00   2.630e+00  13  sdss  6530  82S  5 
   43  54047.354148  3  22.454  1.317  2.405  1.091   3.614e+00   3.628e+00   8.546e+00   3.877e+00  12  sdss  6530  82S  5 
   34  54047.355807  4  21.340  0.944  0.723  1.141   9.796e+00   8.656e+00   7.456e+00   1.177e+01  11  sdss  6530  82S  5 
   33  54049.352562  1  22.689  0.511  0.246  0.350   2.961e+00   1.340e+00   6.876e-01   9.799e-01  13  sdss  6537  82S  5 
   33  54049.349245  2  22.497  0.417  0.234  0.297   3.574e+00   1.360e+00   7.980e-01   1.011e+00  13  sdss  6537  82S  5 
   32  54049.350074  3  22.117  0.401  0.212  0.272   5.003e+00   1.845e+00   1.016e+00   1.303e+00  12  sdss  6537  82S  5 
   32  54049.351732  4  22.057  0.851  0.539  0.800   4.110e+00   5.327e+00   3.336e+00   4.951e+00  11  sdss  6537  82S  5 
   33  54049.350903  0  23.581  2.066  0.476  2.315   1.234e+00   3.639e+00   7.040e-01   3.427e+00  10  sdss  6537  82S  5 
    0  54053.316767  1  22.536  0.177  0.076  0.157   3.418e+00   5.623e-01   2.437e-01   5.035e-01  13  sdss  6555  82S  5 
   32  54053.313450  2  22.496  0.260  0.055  0.205   3.577e+00   8.709e-01   1.866e-01   6.976e-01  13  sdss  6555  82S  5 
   32  54053.314279  3  23.295  0.787  0.306  0.503   1.477e+00   1.371e+00   5.532e-01   9.108e-01  12  sdss  6555  82S  5 
    0  54053.315937  4  23.085  0.756  0.392  0.598  -1.242e+00   4.067e+00   1.966e+00   2.996e+00  11  sdss  6555  82S  5 
  128  54053.315108  0  22.408  0.470  0.186  0.582   4.139e+00   1.726e+00   7.209e-01   2.257e+00  10  sdss  6555  82S  5 
   32  54056.318225  1  22.792  0.254  0.166  0.290   2.686e+00   6.373e-01   4.230e-01   7.409e-01  13  sdss  6568  82S  5 
  160  54056.314908  2  22.696  0.347  0.189  0.288   2.956e+00   9.599e-01   5.382e-01   8.226e-01  13  sdss  6568  82S  5 
  160  54056.315738  3  22.056  0.322  0.185  0.240   5.301e+00   1.587e+00   9.368e-01   1.214e+00  12  sdss  6568  82S  5 
   32  54056.317396  4  22.653  0.908  0.523  0.869   8.804e-01   4.997e+00   2.586e+00   4.298e+00  11  sdss  6568  82S  5 
 1160  54056.316567  0  25.346  1.578  2.415  3.484  -7.036e-01   2.215e+00   2.801e+00   4.042e+00  10  sdss  6568  82S  5 
   32  54059.312323  1  22.771  0.258  0.209  0.367   2.740e+00   6.596e-01   5.423e-01   9.544e-01  13  sdss  6580  82S  5 
   32  54059.309006  2  22.888  0.512  0.443  0.602   2.455e+00   1.164e+00   1.067e+00   1.450e+00  13  sdss  6580  82S  5 
   32  54059.309835  3  22.585  0.587  0.258  0.507   3.176e+00   1.737e+00   8.189e-01   1.608e+00  12  sdss  6580  82S  5 
   32  54059.311493  4  21.561  0.613  0.240  0.518   7.721e+00   5.071e+00   2.083e+00   4.487e+00  11  sdss  6580  82S  5 
  162  54059.310664  0  22.980  1.071  0.499  1.813   2.372e+00   2.142e+00   1.177e+00   4.276e+00  10  sdss  6580  82S  5 
   34  54061.323209  1  22.448  0.235  0.150  0.444   3.712e+00   8.062e-01   5.232e-01   1.546e+00  13  sdss  6592  82S  5 
   32  54061.319892  2  22.549  0.365  0.184  0.451   3.401e+00   1.147e+00   5.960e-01   1.464e+00  13  sdss  6592  82S  5 
   32  54061.320721  3  22.251  0.427  0.216  0.445   4.403e+00   1.735e+00   9.200e-01   1.892e+00  12  sdss  6592  82S  5 
   32  54061.322380  4  21.447  0.599  0.055  0.657   8.746e+00   5.381e+00   5.184e-01   6.218e+00  11  sdss  6592  82S  5 
   34  54061.321550  0  22.245  0.625  0.225  1.233   4.831e+00   2.551e+00   1.011e+00   5.533e+00  10  sdss  6592  82S  5 
    0  54062.317010  1  22.246  0.139  0.082  0.108   4.481e+00   5.782e-01   3.424e-01   4.499e-01  13  sdss  6596  82S  5 
    0  54062.313693  2  22.316  0.207  0.050  0.103   4.239e+00   8.196e-01   1.997e-01   4.142e-01  13  sdss  6596  82S  5 
    0  54062.314522  3  22.147  0.301  0.092  0.122   4.862e+00   1.372e+00   4.271e-01   5.671e-01  12  sdss  6596  82S  5 
    0  54062.316180  4  21.401  0.448  0.145  0.207   9.186e+00   4.252e+00   1.421e+00   2.030e+00  11  sdss  6596  82S  5 
  128  54062.315351  0  23.007  0.802  0.246  0.731   2.308e+00   1.662e+00   5.677e-01   1.685e+00  10  sdss  6596  82S  5 
   33  54068.297264  1  22.585  0.464  0.369  0.353   3.266e+00   1.351e+00   1.134e+00   1.086e+00  13  sdss  6618  82S  5 
   33  54068.293948  2  23.084  0.697  0.254  0.428   2.021e+00   1.295e+00   5.168e-01   8.709e-01  13  sdss  6618  82S  5 
   32  54068.294777  3  22.721  0.651  0.311  0.367   2.772e+00   1.707e+00   8.810e-01   1.039e+00  12  sdss  6618  82S  5 
    0  54068.296435  4  21.319  0.515  0.373  0.447   1.002e+01   5.160e+00   3.914e+00   4.696e+00  11  sdss  6618  82S  5 
 1153  54068.295606  0  25.094  1.696  1.667  3.177  -4.262e-01   2.428e+00   1.738e+00   3.313e+00  10  sdss  6618  82S  5 
