# SDSS CID:  13168 IAU:          RA:   1.601567 DEC:   0.621375  (J2000)
# GALAXY_SB [ugriz] = [ 24.56 24.96 24.35 23.80 22.60 ] +/- [  0.26  0.12  0.11  0.10  0.10 ] (asinh mag/square arcsec)
# GALAXY_SB_FLUX [ugriz] = [  7.466E-02  9.296E-02  3.702E-01  6.998E-01  1.139E+00 ] +/- [  2.517E-01  7.389E-02  9.169E-02  1.283E-01  4.800E-01 ] (microJy per square arcsec)
#FLAG  MJD       FILT  MAG     MERR  MSKYERR MGALERR  FLUX       FLUXERR    SKYERR     GALERR    NPRE TELE   RUN  STRIP  IDCCD
    0  53975.308578  1  24.394  0.778  0.401  0.873   4.586e-01   5.722e-01   2.907e-01   6.326e-01  20  sdss  6287  82S  5 
    0  53975.305261  2  24.878  0.966  0.314  0.933  -6.053e-02   8.783e-01   2.518e-01   7.471e-01  21  sdss  6287  82S  5 
    0  53975.306090  3  25.442  0.816  0.514  0.536  -1.500e+00   1.426e+00   9.343e-01   9.744e-01  21  sdss  6287  82S  5 
    0  53975.307749  4  23.392  0.798  0.108  0.604  -2.851e+00   4.609e+00   5.961e-01   3.346e+00  21  sdss  6287  82S  5 
  136  53975.306919  0  23.430  1.106  0.696  1.390   1.472e+00   1.697e+00   1.157e+00   2.312e+00  11  sdss  6287  82S  5 
    1  53989.319001  1  23.020  0.821  0.452  0.205   2.162e+00   1.478e+00   9.376e-01   4.259e-01  20  sdss  6314  82N  5 
    1  53989.315684  2  22.481  0.424  0.207  0.133   3.629e+00   1.397e+00   7.127e-01   4.571e-01  21  sdss  6314  82N  5 
   33  53989.316513  3  22.914  0.736  0.355  0.219   2.272e+00   1.637e+00   8.532e-01   5.250e-01  21  sdss  6314  82N  5 
    0  53989.318172  4  22.199  0.695  0.352  0.361   3.267e+00   4.067e+00   2.018e+00   2.067e+00  21  sdss  6314  82N  5 
  129  53989.317342  0  25.353  1.939  1.092  1.204  -7.110e-01   3.123e+00   1.276e+00   1.407e+00  11  sdss  6314  82N  5 
    1  53990.322039  1  22.368  0.297  0.072  0.119   3.999e+00   1.082e+00   2.688e-01   4.425e-01  20  sdss  6330  82S  5 
   33  53990.318722  2  23.034  0.628  0.193  0.329   2.124e+00   1.232e+00   4.095e-01   6.965e-01  21  sdss  6330  82S  5 
    0  53990.319551  3  21.994  0.330  0.146  0.172   5.618e+00   1.703e+00   7.718e-01   9.146e-01  21  sdss  6330  82S  5 
    0  53990.321210  4  22.098  0.724  0.389  0.489   3.860e+00   4.414e+00   2.351e+00   2.950e+00  21  sdss  6330  82S  5 
  129  53990.320381  0  23.206  1.521  0.414  0.853   1.879e+00   2.603e+00   8.194e-01   1.688e+00  11  sdss  6330  82S  5 
 1177  53993.377000  1  22.403  0.217  1.044  0.104   3.871e+00   7.725e-01   3.768e+00   3.746e-01  20  sdss  6348  82S  5 
    0  53993.373683  2  22.172  0.182  0.074  0.092   4.853e+00   8.206e-01   3.353e-01   4.194e-01  21  sdss  6348  82S  5 
    0  53993.374512  3  22.345  0.348  0.110  0.133   4.018e+00   1.312e+00   4.275e-01   5.149e-01  21  sdss  6348  82S  5 
 1164  53993.376171  4  21.998  1.443  2.513  0.358   4.488e+00   1.009e+01   1.607e+01   2.287e+00  21  sdss  6348  82S  5 
  140  53993.375342  0  22.097  0.501  0.265  0.320   5.554e+00   2.441e+00   1.375e+00   1.661e+00  11  sdss  6348  82S  5 
    0  53994.332095  1  22.428  0.152  0.094  0.098   3.782e+00   5.335e-01   3.327e-01   3.458e-01  20  sdss  6355  82S  5 
    0  53994.328778  2  22.021  0.152  0.036  0.079   5.587e+00   7.886e-01   1.881e-01   4.134e-01  21  sdss  6355  82S  5 
    0  53994.329607  3  22.348  0.337  0.110  0.142   4.006e+00   1.269e+00   4.264e-01   5.490e-01  21  sdss  6355  82S  5 
   32  53994.331266  4  22.781  0.719  0.111  0.382   2.531e-01   3.770e+00   5.399e-01   1.866e+00  21  sdss  6355  82S  5 
  128  53994.330437  0  22.809  0.520  0.104  0.371   2.813e+00   1.355e+00   2.876e-01   1.024e+00  11  sdss  6355  82S  5 
    0  53996.315920  1  22.255  0.146  0.112  0.148   4.444e+00   6.008e-01   4.617e-01   6.109e-01  20  sdss  6367  82S  5 
    0  53996.312603  2  22.124  0.176  0.041  0.129   5.075e+00   8.319e-01   1.939e-01   6.151e-01  21  sdss  6367  82S  5 
    0  53996.313432  3  21.711  0.208  0.157  0.136   7.328e+00   1.409e+00   1.073e+00   9.288e-01  21  sdss  6367  82S  5 
  128  53996.315090  4  21.404  0.504  0.295  0.454   9.163e+00   4.718e+00   2.882e+00   4.433e+00  21  sdss  6367  82S  5 
  136  53996.314261  0  25.618  1.145  0.985  1.430  -1.046e+00   1.558e+00   1.344e+00   1.950e+00  11  sdss  6367  82S  5 
 1156  53998.284420  1  23.106  2.036  1.308  0.185   1.990e+00   2.782e+00   2.514e+00   3.555e-01  20  sdss  6377  82S  5 
 1156  53998.281103  2  21.748  0.425  0.173  0.052   7.202e+00   2.716e+00   1.163e+00   3.490e-01  21  sdss  6377  82S  5 
    4  53998.281932  3  21.629  0.289  0.115  0.066   7.912e+00   2.085e+00   8.485e-01   4.835e-01  21  sdss  6377  82S  5 
 1156  53998.283591  4  23.765  1.367  0.804  0.277  -5.127e+00   9.620e+00   5.460e+00   1.884e+00  21  sdss  6377  82S  5 
 1164  53998.282762  0  25.768  2.123  2.295  0.785  -1.262e+00   3.838e+00   3.468e+00   1.185e+00  11  sdss  6377  82S  5 
    0  54005.314801  1  22.577  0.159  0.026  0.076   3.290e+00   4.867e-01   8.108e-02   2.354e-01  20  sdss  6402  82S  5 
    0  54005.311484  2  21.896  0.125  0.044  0.051   6.277e+00   7.297e-01   2.581e-01   2.996e-01  21  sdss  6402  82S  5 
    0  54005.312314  3  21.854  0.193  0.045  0.070   6.410e+00   1.148e+00   2.699e-01   4.199e-01  21  sdss  6402  82S  5 
    0  54005.313972  4  22.044  0.505  0.113  0.214   4.198e+00   3.141e+00   7.031e-01   1.331e+00  21  sdss  6402  82S  5 
  128  54005.313143  0  25.864  0.825  0.041  0.519  -1.412e+00   1.260e+00   6.627e-02   8.401e-01  11  sdss  6402  82S  5 
    0  54008.275352  1  22.887  0.250  0.196  0.221   2.455e+00   5.737e-01   4.582e-01   5.149e-01  20  sdss  6417  82S  5 
    0  54008.272035  2  22.333  0.217  0.075  0.140   4.172e+00   8.452e-01   2.947e-01   5.526e-01  21  sdss  6417  82S  5 
    0  54008.272864  3  22.464  0.379  0.155  0.200   3.579e+00   1.285e+00   5.432e-01   6.985e-01  21  sdss  6417  82S  5 
    0  54008.274523  4  21.429  0.454  0.193  0.308   8.922e+00   4.205e+00   1.843e+00   2.943e+00  21  sdss  6417  82S  5 
  136  54008.273693  0  24.668  1.382  1.303  2.176  -2.253e-03   1.730e+00   1.263e+00   2.108e+00  11  sdss  6417  82S  5 
    0  54009.268397  1  22.981  0.273  0.159  0.211   2.244e+00   5.764e-01   3.407e-01   4.529e-01  20  sdss  6421  82N  5 
    0  54009.265080  2  22.140  0.180  0.104  0.112   5.000e+00   8.356e-01   4.897e-01   5.240e-01  21  sdss  6421  82N  5 
    0  54009.265909  3  21.861  0.222  0.086  0.125   6.367e+00   1.308e+00   5.153e-01   7.475e-01  21  sdss  6421  82N  5 
    0  54009.267568  4  21.461  0.406  0.200  0.292   8.621e+00   3.693e+00   1.864e+00   2.720e+00  21  sdss  6421  82N  5 
    0  54009.266739  0  23.575  1.082  0.168  1.172   1.244e+00   1.550e+00   2.521e-01   1.756e+00  11  sdss  6421  82N  5 
    1  54010.270134  1  23.314  0.490  0.172  0.181   1.623e+00   7.480e-01   2.760e-01   2.899e-01  20  sdss  6425  82S  5 
    0  54010.266817  2  22.146  0.187  0.050  0.061   4.972e+00   8.662e-01   2.337e-01   2.859e-01  21  sdss  6425  82S  5 
    8  54010.267646  3  21.853  0.202  0.180  0.068   6.416e+00   1.202e+00   1.084e+00   4.067e-01  21  sdss  6425  82S  5 
    0  54010.269304  4  21.516  0.382  0.109  0.179   8.119e+00   3.344e+00   9.728e-01   1.596e+00  21  sdss  6425  82S  5 
    9  54010.268475  0  24.486  1.338  0.923  0.967   1.744e-01   1.657e+00   9.065e-01   9.493e-01  11  sdss  6425  82S  5 
    1  54012.262835  1  23.614  1.279  0.224  0.207   1.197e+00   1.364e+00   2.793e-01   2.581e-01  20  sdss  6433  82S  5 
    1  54012.259517  2  22.625  0.455  0.073  0.091   3.164e+00   1.313e+00   2.223e-01   2.749e-01  21  sdss  6433  82S  5 
    1  54012.260347  3  22.153  0.360  0.081  0.087   4.831e+00   1.606e+00   3.714e-01   3.985e-01  21  sdss  6433  82S  5 
    0  54012.262005  4  22.205  0.663  0.153  0.268   3.233e+00   3.865e+00   8.755e-01   1.531e+00  21  sdss  6433  82S  5 
  129  54012.261176  0  25.467  1.863  0.385  0.705  -8.487e-01   2.941e+00   4.790e-01   8.768e-01  11  sdss  6433  82S  5 
 1053  54020.268709  1  23.145  1.024  7.387  0.294   1.916e+00   1.573e+00   1.373e+01   5.461e-01  20  sdss  6447  82S  5 
 1181  54020.265392  2  26.442  1.115  5.804  0.304  -1.868e+00   1.792e+00   1.104e+01   5.777e-01  21  sdss  6447  82S  5 
 1080  54020.266222  3  22.989  1.021  5.478  0.406   2.096e+00   2.079e+00   1.240e+01   9.188e-01  21  sdss  6447  82S  5 
 1208  54020.267880  4  22.817  1.198 12.302  0.759   7.757e-02   7.103e+00   6.000e+01   3.704e+00  21  sdss  6447  82S  5 
    9  54020.267051  0  22.403  0.763  0.808  0.556   4.162e+00   2.639e+00   3.188e+00   2.194e+00  11  sdss  6447  82S  5 
    2  54024.350234  1  26.423  0.935  0.908  1.607  -9.676e-01   9.167e-01   9.692e-01   1.716e+00  20  sdss  6458  82S  5 
    0  54024.346917  2  22.435  0.317  0.205  0.285   3.790e+00   1.109e+00   7.366e-01   1.022e+00  21  sdss  6458  82S  5 
    2  54024.347746  3  22.148  0.431  0.388  0.394   4.854e+00   1.902e+00   1.792e+00   1.819e+00  21  sdss  6458  82S  5 
    2  54024.349405  4  21.678  0.890  0.528  0.963   6.758e+00   6.655e+00   4.175e+00   7.620e+00  21  sdss  6458  82S  5 
  130  54024.348575  0  26.754  1.024  0.161  1.752  -3.523e+00   2.830e+00   5.447e-01   5.917e+00  11  sdss  6458  82S  5 
    0  54025.331527  1  24.039  0.649  0.301  0.648   7.452e-01   5.689e-01   2.721e-01   5.856e-01  20  sdss  6461  82N  5 
   32  54025.328210  2  24.678  1.033  0.745  0.924   9.899e-02   9.582e-01   5.996e-01   7.429e-01  21  sdss  6461  82N  5 
   32  54025.329039  3  23.069  0.718  0.265  0.392   1.920e+00   1.439e+00   5.643e-01   8.331e-01  21  sdss  6461  82N  5 
    0  54025.330698  4  23.430  0.738  0.370  0.503  -3.064e+00   4.285e+00   2.087e+00   2.835e+00  21  sdss  6461  82N  5 
  128  54025.329868  0  24.551  1.403  0.462  2.340   1.116e-01   1.773e+00   4.501e-01   2.280e+00  11  sdss  6461  82N  5 
    0  54028.258752  1  23.492  0.414  0.319  0.331   1.358e+00   5.537e-01   4.411e-01   4.578e-01  20  sdss  6468  82S  5 
    0  54028.255435  2  22.989  0.403  0.187  0.210   2.222e+00   8.581e-01   4.113e-01   4.630e-01  21  sdss  6468  82S  5 
   32  54028.256264  3  22.927  0.612  0.235  0.264   2.241e+00   1.374e+00   5.578e-01   6.274e-01  21  sdss  6468  82S  5 
    0  54028.257923  4  22.428  0.723  0.227  0.373   2.019e+00   3.974e+00   1.185e+00   1.946e+00  21  sdss  6468  82S  5 
  128  54028.257094  0  25.551  1.194  0.161  1.210  -9.561e-01   1.599e+00   2.107e-01   1.582e+00  11  sdss  6468  82S  5 
    0  54029.261837  1  24.200  0.846  0.142  1.187   6.073e-01   6.778e-01   1.155e-01   9.637e-01  20  sdss  6474  82N  5 
    0  54029.258520  2  22.763  0.399  0.121  0.294   2.772e+00   1.032e+00   3.247e-01   7.879e-01  21  sdss  6474  82N  5 
   32  54029.259349  3  23.205  0.826  0.362  0.414   1.645e+00   1.506e+00   6.953e-01   7.960e-01  21  sdss  6474  82N  5 
 1152  54029.261007  4  23.206  0.918  0.597  0.662  -1.859e+00   5.194e+00   3.087e+00   3.424e+00  21  sdss  6474  82N  5 
  136  54029.260178  0  23.934  1.294  0.815  1.867   7.635e-01   1.694e+00   9.749e-01   2.233e+00  11  sdss  6474  82N  5 
    0  54030.261758  1  24.489  0.665  0.070  0.339   3.913e-01   4.680e-01   4.844e-02   2.340e-01  20  sdss  6479  82S  5 
    0  54030.258441  2  22.895  0.330  0.049  0.125   2.439e+00   7.701e-01   1.175e-01   2.984e-01  21  sdss  6479  82S  5 
    0  54030.259270  3  22.150  0.268  0.077  0.089   4.844e+00   1.215e+00   3.552e-01   4.106e-01  21  sdss  6479  82S  5 
    0  54030.260929  4  21.738  0.472  0.097  0.181   6.294e+00   3.506e+00   7.342e-01   1.371e+00  21  sdss  6479  82S  5 
  128  54030.260099  0  24.287  1.145  0.061  0.822   3.743e-01   1.358e+00   6.315e-02   8.454e-01  11  sdss  6479  82S  5 
    0  54031.248389  1  24.480  0.652  0.070  0.388   3.975e-01   4.599e-01   4.823e-02   2.687e-01  20  sdss  6484  82N  5 
    0  54031.245072  2  23.338  0.482  0.131  0.182   1.558e+00   7.639e-01   2.154e-01   2.988e-01  21  sdss  6484  82N  5 
   32  54031.245901  3  22.837  0.511  0.238  0.168   2.463e+00   1.248e+00   6.075e-01   4.285e-01  21  sdss  6484  82N  5 
   32  54031.247559  4  22.804  0.694  0.290  0.315   1.410e-01   3.620e+00   1.416e+00   1.538e+00  21  sdss  6484  82N  5 
    8  54031.246730  0  23.820  1.049  0.385  0.794   9.047e-01   1.360e+00   4.906e-01   1.013e+00  11  sdss  6484  82N  5 
    0  54035.337231  1  27.170  1.131  0.949  1.914  -2.067e+00   1.793e+00   1.889e+00   3.811e+00  20  sdss  6501  82S  5 
    2  54035.333914  2  22.756  0.626  0.415  0.624   2.791e+00   1.550e+00   1.119e+00   1.686e+00  21  sdss  6501  82S  5 
   34  54035.334743  3  22.243  0.614  0.640  0.562   4.433e+00   2.395e+00   2.716e+00   2.389e+00  21  sdss  6501  82S  5 
    2  54035.336402  4  20.445  0.374  0.347  0.390   2.359e+01   8.037e+00   7.735e+00   8.687e+00  21  sdss  6501  82S  5 
 1154  54035.335572  0  24.814  1.859  1.501  6.630  -1.445e-01   2.821e+00   1.468e+00   6.483e+00  11  sdss  6501  82S  5 
  128  54036.252911  1  25.365  0.990  0.780  1.797  -1.466e-01   6.757e-01   4.709e-01   1.086e+00  20  sdss  6504  82N  5 
   32  54036.249594  2  24.754  1.210  0.443  1.659   3.827e-02   1.180e+00   3.540e-01   1.327e+00  21  sdss  6504  82N  5 
  160  54036.250423  3  22.994  0.834  0.627  0.742   2.084e+00   1.730e+00   1.414e+00   1.674e+00  21  sdss  6504  82N  5 
    0  54036.252082  4  22.062  0.865  0.638  0.943   4.080e+00   5.407e+00   3.932e+00   5.806e+00  21  sdss  6504  82N  5 
   10  54036.251252  0  25.748  1.472  1.686  3.195  -1.231e+00   2.187e+00   2.511e+00   4.759e+00  11  sdss  6504  82N  5 
    0  54037.242675  1  24.630  0.769  0.102  0.531   2.970e-01   5.236e-01   6.602e-02   3.445e-01  20  sdss  6508  82S  5 
    0  54037.239359  2  23.273  0.502  0.220  0.219   1.667e+00   8.341e-01   3.813e-01   3.792e-01  21  sdss  6508  82S  5 
   32  54037.240188  3  22.887  0.579  0.279  0.226   2.337e+00   1.346e+00   6.860e-01   5.549e-01  21  sdss  6508  82S  5 
    0  54037.241846  4  22.359  0.686  0.193  0.348   2.383e+00   3.811e+00   1.030e+00   1.859e+00  21  sdss  6508  82S  5 
  128  54037.241017  0  24.559  1.255  0.236  1.403   1.038e-01   1.507e+00   2.293e-01   1.366e+00  11  sdss  6508  82S  5 
    1  54040.256840  1  26.257  1.431  0.460  0.344  -8.009e-01   1.307e+00   4.344e-01   3.245e-01  20  sdss  6518  82S  5 
   33  54040.253523  2  24.205  1.367  0.492  0.478   5.016e-01   1.468e+00   4.547e-01   4.419e-01  21  sdss  6518  82S  5 
   33  54040.254352  3  23.106  0.956  0.480  0.275   1.843e+00   1.828e+00   9.939e-01   5.683e-01  21  sdss  6518  82S  5 
    0  54040.256010  4  22.375  0.784  0.419  0.344   2.298e+00   4.400e+00   2.229e+00   1.831e+00  21  sdss  6518  82S  5 
  129  54040.255181  0  26.849  0.926  0.134  0.337  -3.859e+00   2.851e+00   4.914e-01   1.237e+00  11  sdss  6518  82S  5 
 1211  54047.283743  2  22.637  1.048  5.313  0.603   3.128e+00   2.538e+00   1.593e+01   1.809e+00  21  sdss  6530  82S  5 
   27  54047.284573  3  21.763  0.593  5.122  0.361   6.981e+00   3.547e+00   3.345e+01   2.359e+00  21  sdss  6530  82S  5 
 1154  54047.286231  4  23.784  1.253  1.358  1.779  -5.257e+00   8.703e+00   9.335e+00   1.223e+01  21  sdss  6530  82S  5 
 1153  54047.285402  0  27.274  3.240  0.800  1.196  -5.764e+00   1.185e+01   4.305e+00   6.438e+00  11  sdss  6530  82S  5 
    1  54048.245042  1  23.997  0.922  0.226  0.270   7.839e-01   8.161e-01   2.100e-01   2.510e-01  20  sdss  6533  82N  5 
    0  54048.241725  2  25.037  1.035  0.411  0.449  -1.894e-01   9.685e-01   3.365e-01   3.670e-01  21  sdss  6533  82N  5 
   32  54048.242554  3  24.000  0.930  0.248  0.347   4.367e-01   1.277e+00   3.105e-01   4.334e-01  21  sdss  6533  82N  5 
    0  54048.244213  4  22.418  0.616  0.177  0.264   2.071e+00   3.339e+00   9.277e-01   1.385e+00  21  sdss  6533  82N  5 
    1  54048.243383  0  26.366  0.950  0.107  0.400  -2.408e+00   1.986e+00   2.572e-01   9.650e-01  11  sdss  6533  82N  5 
    3  54049.282923  1  23.779  1.488  0.643  0.878   1.004e+00   1.470e+00   7.046e-01   9.617e-01  20  sdss  6537  82S  5 
   33  54049.279606  2  23.960  1.343  0.900  1.032   7.418e-01   1.505e+00   9.480e-01   1.086e+00  21  sdss  6537  82S  5 
   32  54049.280435  3  22.944  0.932  0.511  0.546   2.200e+00   1.971e+00   1.198e+00   1.282e+00  21  sdss  6537  82S  5 
   32  54049.282094  4  22.743  1.056  0.245  0.989   4.387e-01   6.012e+00   1.199e+00   4.838e+00  21  sdss  6537  82S  5 
    3  54049.281265  0  22.228  1.114  0.162  0.725   4.911e+00   3.992e+00   7.480e-01   3.344e+00  11  sdss  6537  82S  5 
    0  54053.247000  1  23.985  0.568  0.148  0.408   7.951e-01   5.178e-01   1.385e-01   3.835e-01  20  sdss  6555  82S  5 
   32  54053.243683  2  24.237  0.916  0.503  0.756   4.723e-01   8.844e-01   4.576e-01   6.882e-01  21  sdss  6555  82S  5 
   56  54053.244512  3  23.995  1.007  2.678  0.713   4.430e-01   1.408e+00   3.353e+00   8.933e-01  21  sdss  6555  82S  5 
    0  54053.246171  4  23.798  0.571  0.232  0.319  -5.353e+00   3.894e+00   1.610e+00   2.215e+00  21  sdss  6555  82S  5 
    0  54053.245341  0  24.409  1.312  0.180  1.968   2.507e-01   1.618e+00   1.794e-01   1.959e+00  11  sdss  6555  82S  5 
    2  54054.267552  1  23.838  0.820  0.293  1.234   9.410e-01   8.005e-01   3.063e-01   1.292e+00  20  sdss  6559  82N  5 
    2  54054.264236  2  26.276  0.882  0.605  1.050  -1.574e+00   1.318e+00   1.003e+00   1.742e+00  21  sdss  6559  82N  5 
   34  54054.265065  3  22.543  0.629  0.717  0.643   3.311e+00   1.899e+00   2.346e+00   2.103e+00  21  sdss  6559  82N  5 
    2  54054.266723  4  22.258  1.020  1.010  1.341   2.934e+00   6.130e+00   5.628e+00   7.476e+00  21  sdss  6559  82N  5 
    2  54054.265894  0  21.736  0.421  0.318  0.908   7.778e+00   2.898e+00   2.297e+00   6.547e+00  11  sdss  6559  82N  5 
    0  54055.244776  1  24.681  0.808  0.525  0.711   2.641e-01   5.466e-01   3.346e-01   4.531e-01  20  sdss  6564  82N  5 
    0  54055.241459  2  25.006  0.934  0.381  0.709  -1.641e-01   8.491e-01   3.100e-01   5.765e-01  21  sdss  6564  82N  5 
    0  54055.242288  3  22.591  0.436  0.072  0.241   3.157e+00   1.314e+00   2.271e-01   7.551e-01  21  sdss  6564  82N  5 
    0  54055.243947  4  23.654  0.562  0.228  0.337  -4.400e+00   3.551e+00   1.446e+00   2.138e+00  21  sdss  6564  82N  5 
  136  54055.243117  0  24.863  1.303  1.155  1.949  -1.927e-01   1.596e+00   1.138e+00   1.919e+00  11  sdss  6564  82N  5 
  130  54056.248366  1  23.137  0.569  0.440  1.069   1.931e+00   9.917e-01   8.229e-01   2.001e+00  20  sdss  6568  82S  5 
   32  54056.245049  2  24.112  1.022  0.889  0.882   5.891e-01   1.037e+00   8.595e-01   8.531e-01  21  sdss  6568  82S  5 
   32  54056.245878  3  23.100  0.824  0.384  0.478   1.855e+00   1.600e+00   7.982e-01   9.939e-01  21  sdss  6568  82S  5 
 1152  54056.247536  4  21.523  0.583  0.242  0.373   8.056e+00   4.952e+00   2.149e+00   3.313e+00  21  sdss  6568  82S  5 
    0  54056.246707  0  23.809  1.419  0.531  1.641   9.189e-01   1.967e+00   6.826e-01   2.109e+00  11  sdss  6568  82S  5 
    0  54058.242882  1  24.679  0.812  0.380  0.770   2.654e-01   5.503e-01   2.424e-01   4.908e-01  20  sdss  6577  82N  5 
   32  54058.239566  2  24.008  0.898  0.193  0.618   6.922e-01   9.306e-01   1.976e-01   6.330e-01  21  sdss  6577  82N  5 
    0  54058.240395  3  22.161  0.334  0.176  0.176   4.794e+00   1.484e+00   8.043e-01   8.054e-01  21  sdss  6577  82N  5 
    0  54058.242053  4  22.289  0.807  0.230  0.532   2.762e+00   4.647e+00   1.266e+00   2.928e+00  21  sdss  6577  82N  5 
  128  54058.241224  0  24.151  1.345  0.274  1.985   5.180e-01   1.719e+00   2.954e-01   2.143e+00  11  sdss  6577  82N  5 
    2  54059.242375  1  26.453  0.795  0.926  1.244  -9.990e-01   8.058e-01   1.011e+00   1.359e+00  20  sdss  6580  82S  5 
   34  54059.239058  2  24.576  1.279  2.304  2.007   1.821e-01   1.284e+00   1.881e+00   1.638e+00  21  sdss  6580  82S  5 
   34  54059.239888  3  23.041  1.244  1.635  1.542   1.980e+00   2.432e+00   3.555e+00   3.352e+00  21  sdss  6580  82S  5 
  130  54059.241546  4  22.928  1.523  2.593  2.982  -4.638e-01   1.013e+01   1.269e+01   1.460e+01  21  sdss  6580  82S  5 
   32  54060.264807  1  25.067  0.898  0.603  0.984   3.030e-02   5.911e-01   3.555e-01   5.803e-01  20  sdss  6584  82N  5 
   32  54060.261490  2  24.797  0.944  0.531  0.612   4.017e-03   8.524e-01   4.240e-01   4.891e-01  21  sdss  6584  82N  5 
   32  54060.262319  3  22.767  0.509  0.213  0.223   2.647e+00   1.315e+00   5.778e-01   6.034e-01  21  sdss  6584  82N  5 
    0  54060.263978  4  22.329  0.745  0.472  0.471   2.545e+00   4.206e+00   2.556e+00   2.549e+00  21  sdss  6584  82N  5 
    8  54060.263149  0  23.778  1.256  1.137  1.347   9.592e-01   1.698e+00   1.490e+00   1.764e+00  11  sdss  6584  82N  5 
    2  54062.246978  1  24.624  1.034  0.855  1.638   3.009e-01   7.398e-01   5.565e-01   1.066e+00  20  sdss  6596  82S  5 
   34  54062.243661  2  23.766  1.144  1.230  1.217   9.596e-01   1.328e+00   1.469e+00   1.453e+00  21  sdss  6596  82S  5 
    0  54062.244490  3  24.548  1.268  0.649  1.094  -2.217e-01   1.875e+00   7.796e-01   1.315e+00  21  sdss  6596  82S  5 
    0  54062.246149  4  24.255  0.649  0.330  0.436  -9.097e+00   5.923e+00   3.203e+00   4.227e+00  21  sdss  6596  82S  5 
  128  54062.245319  0  22.831  0.989  0.256  1.245   2.753e+00   2.263e+00   6.931e-01   3.371e+00  11  sdss  6596  82S  5 
    1  54068.227080  1  23.438  1.403  0.454  0.454   1.434e+00   1.635e+00   6.560e-01   6.565e-01  20  sdss  6618  82S  5 
   33  54068.223763  2  23.814  1.457  0.680  0.678   9.034e-01   1.736e+00   7.858e-01   7.838e-01  21  sdss  6618  82S  5 
   33  54068.224592  3  22.719  0.817  0.476  0.323   2.779e+00   2.061e+00   1.341e+00   9.112e-01  21  sdss  6618  82S  5 
   32  54068.226251  4  22.666  0.916  0.408  0.614   8.165e-01   5.048e+00   2.011e+00   3.028e+00  21  sdss  6618  82S  5 
    1  54068.225422  0  24.834  2.128  0.889  2.347  -1.642e-01   3.662e+00   8.720e-01   2.301e+00  11  sdss  6618  82S  5 
