# SDSS CID:   1276 IAU:          RA:  45.550999 DEC:  -0.345376  (J2000)
# GALAXY_SB [ugriz] = [ 23.53 23.68 22.96 22.89 22.08 ] +/- [  0.22  0.07  0.04  0.05  0.09 ] (asinh mag/square arcsec)
# GALAXY_SB_FLUX [ugriz] = [  1.263E+00  1.114E+00  2.283E+00  2.335E+00  3.938E+00 ] +/- [  3.331E-01  7.803E-02  9.229E-02  1.236E-01  5.426E-01 ] (microJy per square arcsec)
#FLAG  MJD       FILT  MAG     MERR  MSKYERR MGALERR  FLUX       FLUXERR    SKYERR     GALERR    NPRE TELE   RUN  STRIP  IDCCD
    0  53622.452451  1  22.315  0.124  0.070  0.068   4.202e+00   4.853e-01   2.738e-01   2.672e-01  14  sdss  5582  82S  3 
    0  53622.449133  2  22.089  0.147  0.036  0.053   5.242e+00   7.142e-01   1.745e-01   2.602e-01  15  sdss  5582  82S  3 
    0  53622.449963  3  22.155  0.237  0.063  0.067   4.823e+00   1.076e+00   2.877e-01   3.076e-01  15  sdss  5582  82S  3 
   32  53622.451621  4  22.728  0.616  0.300  0.288   5.121e-01   3.179e+00   1.472e+00   1.413e+00  13  sdss  5582  82S  3 
  136  53622.450792  0  22.348  0.346  0.188  0.309   4.384e+00   1.365e+00   7.641e-01   1.256e+00  9  sdss  5582  82S  3 
    0  53627.409775  1  22.280  0.144  0.108  0.126   4.341e+00   5.790e-01   4.361e-01   5.105e-01  14  sdss  5607  82S  3 
    0  53627.406458  2  22.434  0.220  0.092  0.112   3.792e+00   7.786e-01   3.286e-01   4.013e-01  15  sdss  5607  82S  3 
    0  53627.407287  3  22.180  0.258  0.056  0.103   4.709e+00   1.141e+00   2.532e-01   4.638e-01  15  sdss  5607  82S  3 
   32  53627.408946  4  22.726  0.718  0.255  0.529   5.219e-01   3.776e+00   1.251e+00   2.592e+00  13  sdss  5607  82S  3 
    0  53627.408117  0  22.650  0.522  0.255  0.598   3.285e+00   1.529e+00   7.942e-01   1.862e+00  9  sdss  5607  82S  3 
   33  53634.402791  1  23.361  1.114  0.209  0.266   1.549e+00   1.427e+00   3.232e-01   4.105e-01  14  sdss  5619  82S  3 
    1  53634.399474  2  22.139  0.287  0.065  0.074   5.003e+00   1.314e+00   3.061e-01   3.443e-01  15  sdss  5619  82S  3 
    1  53634.400303  3  21.854  0.266  0.104  0.070   6.412e+00   1.575e+00   6.268e-01   4.199e-01  15  sdss  5619  82S  3 
    0  53634.401961  4  23.206  0.759  0.177  0.418  -1.855e+00   4.164e+00   9.152e-01   2.158e+00  13  sdss  5619  82S  3 
 1185  53634.401132  0  23.578  2.005  0.979  1.473   1.238e+00   3.449e+00   1.447e+00   2.177e+00  9  sdss  5619  82S  3 
    0  53640.408525  1  22.383  0.167  0.095  0.109   3.944e+00   6.110e-01   3.498e-01   4.010e-01  14  sdss  5646  82S  3 
    0  53640.405207  2  21.989  0.157  0.096  0.075   5.754e+00   8.383e-01   5.150e-01   4.011e-01  15  sdss  5646  82S  3 
    0  53640.406037  3  21.878  0.210  0.106  0.086   6.269e+00   1.223e+00   6.243e-01   5.045e-01  15  sdss  5646  82S  3 
   32  53640.407696  4  22.362  0.707  0.097  0.434   2.367e+00   3.938e+00   5.195e-01   2.316e+00  13  sdss  5646  82S  3 
    8  53640.406866  0  21.971  0.335  0.265  0.413   6.249e+00   1.858e+00   1.516e+00   2.358e+00  9  sdss  5646  82S  3 
    0  53643.451185  1  22.654  0.212  0.134  0.224   3.060e+00   6.046e-01   3.864e-01   6.464e-01  14  sdss  5666  82S  3 
    0  53643.447868  2  22.442  0.253  0.140  0.180   3.763e+00   8.845e-01   4.991e-01   6.404e-01  15  sdss  5666  82S  3 
    0  53643.448697  3  22.047  0.273  0.113  0.167   5.345e+00   1.358e+00   5.718e-01   8.465e-01  15  sdss  5666  82S  3 
    0  53643.450356  4  21.519  0.537  0.415  0.395   8.085e+00   4.600e+00   3.692e+00   3.517e+00  13  sdss  5666  82S  3 
    0  53643.449526  0  22.533  0.615  0.382  1.074   3.674e+00   1.948e+00   1.317e+00   3.705e+00  9  sdss  5666  82S  3 
    0  53646.470141  1  22.438  0.156  0.065  0.089   3.747e+00   5.421e-01   2.266e-01   3.124e-01  14  sdss  5681  82S  3 
    0  53646.466824  2  22.282  0.201  0.108  0.071   4.375e+00   8.164e-01   4.435e-01   2.934e-01  15  sdss  5681  82S  3 
    0  53646.467653  3  21.931  0.217  0.060  0.058   5.964e+00   1.206e+00   3.399e-01   3.242e-01  15  sdss  5681  82S  3 
    4  53646.469312  4  22.905  0.780  0.370  0.326  -3.516e-01   4.145e+00   1.807e+00   1.591e+00  13  sdss  5681  82S  3 
  132  53646.468482  0  22.239  0.408  0.053  0.340   4.860e+00   1.757e+00   2.380e-01   1.526e+00  9  sdss  5681  82S  3 
   35  53657.286138  2  24.742  1.887  2.190  2.385   4.800e-02   2.391e+00   1.753e+00   1.909e+00  15  sdss  5730  82S  3 
    3  53657.286968  3  21.995  0.611  0.593  0.510   5.615e+00   2.963e+00   3.146e+00   2.705e+00  15  sdss  5730  82S  3 
    2  53657.288626  4  24.195  1.443  0.600  1.664  -8.531e+00   1.189e+01   5.553e+00   1.540e+01  13  sdss  5730  82S  3 
   35  53657.287797  0  22.909  2.642  1.428  3.375   2.547e+00   6.434e+00   3.560e+00   8.410e+00  9  sdss  5730  82S  3 
  129  53663.471117  1  22.719  0.704  0.075  0.150   2.878e+00   1.702e+00   2.041e-01   4.081e-01  14  sdss  5745  82S  3 
    1  53663.467799  2  21.883  0.256  0.068  0.067   6.351e+00   1.484e+00   4.023e-01   3.929e-01  15  sdss  5745  82S  3 
    1  53663.468628  3  22.160  0.367  0.084  0.096   4.800e+00   1.623e+00   3.864e-01   4.397e-01  15  sdss  5745  82S  3 
   32  53663.470287  4  22.272  0.838  0.336  0.383   2.857e+00   4.870e+00   1.860e+00   2.124e+00  13  sdss  5745  82S  3 
  129  53663.469458  0  21.939  0.903  0.147  0.334   6.438e+00   4.405e+00   8.671e-01   1.964e+00  9  sdss  5745  82S  3 
    1  53664.406686  1  22.413  0.315  0.085  0.095   3.835e+00   1.099e+00   3.032e-01   3.392e-01  14  sdss  5754  82S  3 
 1049  53664.403369  2  21.797  0.232  2.272  0.050   6.879e+00   1.459e+00   1.450e+01   3.188e-01  15  sdss  5754  82S  3 
    1  53664.404198  3  22.001  0.269  0.114  0.069   5.583e+00   1.393e+00   6.000e-01   3.636e-01  15  sdss  5754  82S  3 
   32  53664.405856  4  22.340  0.731  0.220  0.305   2.485e+00   4.109e+00   1.184e+00   1.642e+00  13  sdss  5754  82S  3 
  129  53664.405027  0  22.109  0.613  0.241  0.310   5.491e+00   2.819e+00   1.217e+00   1.565e+00  9  sdss  5754  82S  3 
    1  53665.471054  1  22.643  0.460  0.057  0.124   3.092e+00   1.270e+00   1.672e-01   3.608e-01  14  sdss  5760  82S  3 
    1  53665.467739  2  22.414  0.324  0.089  0.091   3.864e+00   1.149e+00   3.250e-01   3.302e-01  15  sdss  5760  82S  3 
    1  53665.468569  3  21.950  0.273  0.142  0.061   5.858e+00   1.480e+00   7.828e-01   3.351e-01  15  sdss  5760  82S  3 
    1  53665.470225  4  22.114  0.804  0.211  0.265   3.765e+00   4.904e+00   1.261e+00   1.588e+00  13  sdss  5760  82S  3 
  129  53665.469396  0  21.785  0.511  0.121  0.260   7.433e+00   3.235e+00   8.171e-01   1.760e+00  9  sdss  5760  82S  3 
    1  53668.459784  1  22.223  0.243  0.221  0.201   4.578e+00   1.019e+00   9.408e-01   8.585e-01  14  sdss  5771  82S  3 
    0  53668.456466  2  22.066  0.245  0.196  0.155   5.356e+00   1.203e+00   9.813e-01   7.770e-01  15  sdss  5771  82S  3 
    0  53668.457296  3  21.786  0.260  0.159  0.149   6.834e+00   1.635e+00   1.017e+00   9.517e-01  15  sdss  5771  82S  3 
    0  53668.458955  4  20.814  0.411  0.278  0.292   1.659e+01   6.342e+00   4.462e+00   4.694e+00  13  sdss  5771  82S  3 
  129  53668.458125  0  21.578  0.390  0.347  0.463   9.008e+00   3.062e+00   2.839e+00   3.788e+00  9  sdss  5771  82S  3 
   32  53669.365870  1  22.849  0.332  0.138  0.354   2.545e+00   7.811e-01   3.347e-01   8.557e-01  14  sdss  5776  82S  3 
    0  53669.362552  2  22.309  0.233  0.109  0.148   4.266e+00   9.206e-01   4.381e-01   5.921e-01  15  sdss  5776  82S  3 
    0  53669.363382  3  22.510  0.415  0.190  0.240   3.422e+00   1.344e+00   6.407e-01   8.070e-01  15  sdss  5776  82S  3 
    0  53669.365040  4  21.546  0.529  0.123  0.381   7.848e+00   4.450e+00   1.071e+00   3.326e+00  13  sdss  5776  82S  3 
  160  53669.364211  0  23.426  1.359  0.594  2.212   1.480e+00   2.088e+00   9.787e-01   3.646e+00  9  sdss  5776  82S  3 
    0  53670.465817  1  22.497  0.232  0.111  0.161   3.545e+00   7.581e-01   3.690e-01   5.348e-01  14  sdss  5782  82S  3 
    0  53670.462499  2  22.092  0.207  0.064  0.095   5.227e+00   9.993e-01   3.100e-01   4.613e-01  15  sdss  5782  82S  3 
    0  53670.463328  3  22.134  0.301  0.067  0.119   4.920e+00   1.377e+00   3.160e-01   5.553e-01  15  sdss  5782  82S  3 
    0  53670.464987  4  23.021  0.872  0.266  0.527  -9.213e-01   4.764e+00   1.316e+00   2.610e+00  13  sdss  5782  82S  3 
  136  53670.464158  0  21.718  0.372  0.335  0.427   7.911e+00   2.582e+00   2.409e+00   3.069e+00  9  sdss  5782  82S  3 
    0  53671.450595  1  22.593  0.212  0.110  0.111   3.240e+00   6.389e-01   3.350e-01   3.377e-01  14  sdss  5786  82S  3 
    0  53671.447277  2  22.205  0.219  0.074  0.082   4.703e+00   9.544e-01   3.240e-01   3.616e-01  15  sdss  5786  82S  3 
    0  53671.448107  3  22.148  0.288  0.083  0.084   4.855e+00   1.306e+00   3.825e-01   3.867e-01  15  sdss  5786  82S  3 
    0  53671.449765  4  22.136  0.710  0.294  0.289   3.634e+00   4.261e+00   1.740e+00   1.710e+00  13  sdss  5786  82S  3 
 1152  53671.448936  0  22.369  0.570  0.339  0.475   4.297e+00   2.106e+00   1.353e+00   1.895e+00  9  sdss  5786  82S  3 
    0  53674.349964  1  22.671  0.218  0.080  0.247   3.012e+00   6.100e-01   2.279e-01   7.016e-01  14  sdss  5797  82S  3 
    0  53674.346646  2  22.376  0.248  0.126  0.165   4.005e+00   9.209e-01   4.753e-01   6.222e-01  15  sdss  5797  82S  3 
   32  53674.347476  3  22.996  0.642  0.311  0.359   2.079e+00   1.367e+00   6.989e-01   8.088e-01  15  sdss  5797  82S  3 
    0  53674.349134  4  21.675  0.644  0.139  0.447   6.775e+00   4.909e+00   1.100e+00   3.539e+00  13  sdss  5797  82S  3 
    0  53674.348305  0  22.518  0.553  0.177  0.813   3.728e+00   1.801e+00   6.180e-01   2.843e+00  9  sdss  5797  82S  3 
    0  53676.439813  1  22.631  0.188  0.069  0.095   3.127e+00   5.484e-01   2.026e-01   2.805e-01  14  sdss  5807  82S  3 
    0  53676.436496  2  22.399  0.273  0.157  0.115   3.919e+00   9.888e-01   5.815e-01   4.247e-01  15  sdss  5807  82S  3 
    0  53676.437325  3  21.924  0.231  0.095  0.071   6.003e+00   1.288e+00   5.357e-01   3.987e-01  15  sdss  5807  82S  3 
    0  53676.438984  4  22.140  0.680  0.069  0.286   3.611e+00   4.069e+00   4.097e-01   1.686e+00  13  sdss  5807  82S  3 
  128  53676.438155  0  22.045  0.344  0.156  0.302   5.831e+00   1.781e+00   8.355e-01   1.615e+00  9  sdss  5807  82S  3 
   32  53679.411644  1  23.046  0.318  0.234  0.356   2.109e+00   6.297e-01   4.752e-01   7.236e-01  14  sdss  5820  82S  3 
    0  53679.408327  2  22.330  0.249  0.168  0.139   4.182e+00   9.647e-01   6.600e-01   5.480e-01  15  sdss  5820  82S  3 
    0  53679.409156  3  22.346  0.397  0.208  0.186   4.015e+00   1.487e+00   8.089e-01   7.236e-01  15  sdss  5820  82S  3 
   32  53679.410814  4  22.266  0.969  0.366  0.748   2.890e+00   5.757e+00   2.032e+00   4.156e+00  13  sdss  5820  82S  3 
  136  53679.409985  0  21.515  0.248  0.276  0.430   9.551e+00   2.110e+00   2.390e+00   3.726e+00  9  sdss  5820  82S  3 
    0  53681.403108  1  22.753  0.220  0.131  0.129   2.787e+00   5.735e-01   3.456e-01   3.407e-01  14  sdss  5836  82S  3 
    0  53681.399791  2  22.116  0.177  0.050  0.067   5.111e+00   8.375e-01   2.383e-01   3.181e-01  15  sdss  5836  82S  3 
    0  53681.400621  3  22.490  0.355  0.098  0.119   3.490e+00   1.184e+00   3.369e-01   4.078e-01  15  sdss  5836  82S  3 
    0  53681.402279  4  21.788  0.548  0.187  0.273   5.916e+00   3.923e+00   1.366e+00   1.999e+00  13  sdss  5836  82S  3 
    0  53681.401450  0  21.811  0.290  0.097  0.306   7.255e+00   1.876e+00   6.413e-01   2.024e+00  9  sdss  5836  82S  3 
   36  53684.364303  1  23.119  0.638  0.342  0.262   1.965e+00   1.112e+00   6.510e-01   4.999e-01  14  sdss  5847  82S  3 
 1028  53684.360985  2  22.335  0.825  0.766  0.120   4.163e+00   2.766e+00   3.001e+00   4.696e-01  15  sdss  5847  82S  3 
   36  53684.361815  3  23.279  1.652  0.248  0.295   1.506e+00   3.121e+00   4.521e-01   5.371e-01  15  sdss  5847  82S  3 
    4  53684.363473  4  20.856  0.633  0.403  0.180   1.593e+01   8.980e+00   6.243e+00   2.778e+00  13  sdss  5847  82S  3 
 1156  53684.362644  0  22.855  1.658  0.149  0.949   2.687e+00   3.325e+00   3.873e-01   2.477e+00  9  sdss  5847  82S  3 
    1  53687.305972  1  22.484  0.623  0.207  0.210   3.589e+00   1.901e+00   6.961e-01   7.062e-01  14  sdss  5871  82S  3 
   57  53687.302655  2  22.562  0.801  3.396  0.344   3.359e+00   2.223e+00   1.085e+01   1.101e+00  15  sdss  5871  82S  3 
    9  53687.303484  3  21.904  0.413  0.950  0.214   6.118e+00   2.278e+00   5.468e+00   1.233e+00  15  sdss  5871  82S  3 
   32  53687.305143  4  22.437  1.016  0.544  0.856   1.973e+00   5.892e+00   2.829e+00   4.456e+00  13  sdss  5871  82S  3 
    3  53687.304313  0  21.139  0.500  0.197  0.375   1.353e+01   5.725e+00   2.412e+00   4.589e+00  9  sdss  5871  82S  3 
    1  53696.368372  1  22.528  0.248  0.086  0.104   3.444e+00   7.878e-01   2.773e-01   3.359e-01  14  sdss  5889  82S  3 
    0  53696.365055  2  22.351  0.251  0.064  0.097   4.101e+00   9.517e-01   2.454e-01   3.730e-01  15  sdss  5889  82S  3 
    0  53696.365884  3  22.190  0.295  0.038  0.096   4.664e+00   1.288e+00   1.675e-01   4.264e-01  15  sdss  5889  82S  3 
    0  53696.367543  4  21.531  0.463  0.096  0.189   7.979e+00   3.968e+00   8.487e-01   1.670e+00  13  sdss  5889  82S  3 
  129  53696.366714  0  21.939  0.420  0.042  0.265   6.438e+00   2.359e+00   2.443e-01   1.558e+00  9  sdss  5889  82S  3 
    1  53697.359863  1  22.914  0.348  0.169  0.188   2.392e+00   7.720e-01   3.868e-01   4.287e-01  14  sdss  5895  82S  3 
    0  53697.356546  2  22.616  0.312  0.087  0.133   3.190e+00   9.269e-01   2.646e-01   4.047e-01  15  sdss  5895  82S  3 
    0  53697.357375  3  21.938  0.237  0.083  0.083   5.925e+00   1.304e+00   4.661e-01   4.620e-01  15  sdss  5895  82S  3 
   32  53697.359034  4  22.668  0.765  0.442  0.389   8.068e-01   4.079e+00   2.182e+00   1.919e+00  13  sdss  5895  82S  3 
  129  53697.358204  0  22.023  0.440  0.270  0.409   5.952e+00   2.283e+00   1.471e+00   2.228e+00  9  sdss  5895  82S  3 
   32  53700.358660  1  22.880  0.276  0.256  0.325   2.471e+00   6.377e-01   6.038e-01   7.650e-01  14  sdss  5905  82S  3 
    0  53700.355343  2  22.257  0.206  0.072  0.109   4.479e+00   8.545e-01   3.036e-01   4.578e-01  15  sdss  5905  82S  3 
    0  53700.356173  3  21.918  0.234  0.043  0.090   6.037e+00   1.309e+00   2.446e-01   5.136e-01  15  sdss  5905  82S  3 
    0  53700.357831  4  21.342  0.574  0.330  0.355   9.785e+00   5.575e+00   3.381e+00   3.636e+00  13  sdss  5905  82S  3 
    0  53700.357002  0  21.881  0.308  0.116  0.401   6.797e+00   1.864e+00   7.209e-01   2.489e+00  9  sdss  5905  82S  3 
   32  53705.344914  1  22.990  0.299  0.202  0.310   2.225e+00   6.237e-01   4.319e-01   6.615e-01  14  sdss  5924  82S  3 
    0  53705.341597  2  22.487  0.308  0.161  0.255   3.606e+00   1.028e+00   5.505e-01   8.712e-01  15  sdss  5924  82S  3 
    0  53705.342426  3  22.227  0.338  0.196  0.191   4.502e+00   1.418e+00   8.468e-01   8.236e-01  15  sdss  5924  82S  3 
    0  53705.344085  4  21.250  0.461  0.316  0.288   1.076e+01   4.895e+00   3.489e+00   3.189e+00  13  sdss  5924  82S  3 
  160  53705.343256  0  23.587  1.355  0.517  2.098   1.225e+00   1.965e+00   7.596e-01   3.083e+00  9  sdss  5924  82S  3 
