# SDSS CID:  18276 IAU:          RA: 347.316986 DEC:  -0.457934  (J2000)
# GALAXY_SB [ugriz] = [ 24.63 24.35 23.55 23.21 22.29 ] +/- [  0.00  0.16  0.09  0.07  0.11 ] (asinh mag/square arcsec)
# GALAXY_SB_FLUX [ugriz] = [  0.000E+00  4.849E-01  1.239E+00  1.633E+00  2.704E+00 ] +/- [  0.000E+00  1.149E-01  1.270E-01  1.281E-01  6.205E-01 ] (microJy per square arcsec)
#FLAG  MJD       FILT  MAG     MERR  MSKYERR MGALERR  FLUX       FLUXERR    SKYERR     GALERR    NPRE TELE   RUN  STRIP  IDCCD
   33  54346.259981  1  24.339  1.326  0.875  1.784   4.991e-01   1.075e+00   6.535e-01   1.332e+00  12  sdss  6920  82N  2 
    0  54346.256664  2  25.954  0.950  0.410  0.868  -1.103e+00   1.154e+00   5.277e-01   1.117e+00  13  sdss  6920  82N  2 
    0  54346.257493  3  24.566  1.105  0.926  0.947  -2.424e-01   1.557e+00   1.116e+00   1.141e+00  19  sdss  6920  82N  2 
   32  54346.259152  4  21.495  0.739  0.515  0.779   8.306e+00   6.170e+00   4.587e+00   6.937e+00  17  sdss  6920  82N  2 
   32  54348.290030  1  24.904  0.956  0.267  1.582   1.266e-01   6.450e-01   1.602e-01   9.493e-01  12  sdss  6934  82N  2 
   32  54348.286712  2  23.756  0.755  0.355  0.643   9.708e-01   8.729e-01   4.240e-01   7.672e-01  13  sdss  6934  82N  2 
   32  54348.287542  3  24.165  1.000  0.434  0.770   2.346e-01   1.370e+00   5.228e-01   9.270e-01  19  sdss  6934  82N  2 
    0  54348.289200  4  23.825  0.645  0.496  0.533  -5.544e+00   4.404e+00   3.456e+00   3.716e+00  17  sdss  6934  82N  2 
    0  54358.246246  1  22.205  0.166  0.049  0.291   4.656e+00   7.140e-01   2.109e-01   1.259e+00  12  sdss  6958  82N  2 
    0  54358.242929  2  21.835  0.147  0.054  0.143   6.640e+00   8.944e-01   3.330e-01   8.747e-01  13  sdss  6958  82N  2 
    0  54358.243758  3  21.727  0.192  0.105  0.135   7.221e+00   1.278e+00   7.032e-01   9.036e-01  19  sdss  6958  82N  2 
   32  54358.245417  4  22.732  0.830  0.206  0.885   4.909e-01   4.464e+00   1.010e+00   4.336e+00  17  sdss  6958  82N  2 
    4  54359.211965  1  21.855  0.219  0.214  0.175   6.442e+00   1.289e+00   1.273e+00   1.044e+00  12  sdss  6962  82N  2 
    4  54359.208648  2  21.427  0.235  0.166  0.107   9.690e+00   2.055e+00   1.479e+00   9.553e-01  13  sdss  6962  82N  2 
    4  54359.209478  3  21.317  0.283  0.213  0.098   1.058e+01   2.703e+00   2.078e+00   9.557e-01  19  sdss  6962  82N  2 
    4  54359.211136  4  24.309  1.298  1.012  0.454  -9.629e+00   1.114e+01   1.004e+01   4.506e+00  17  sdss  6962  82N  2 
    1  54365.278867  1  21.984  0.166  0.058  0.097   5.716e+00   8.707e-01   3.090e-01   5.123e-01  12  sdss  6982  82N  2 
    1  54365.275550  2  21.450  0.110  0.032  0.046   9.486e+00   9.497e-01   2.784e-01   4.008e-01  13  sdss  6982  82N  2 
    0  54365.276380  3  21.320  0.134  0.059  0.042   1.055e+01   1.293e+00   5.771e-01   4.042e-01  19  sdss  6982  82N  2 
   32  54365.278038  4  22.276  0.736  0.340  0.394   2.839e+00   4.198e+00   1.873e+00   2.169e+00  17  sdss  6982  82N  2 
    1  54373.353015  1  24.012  1.682  0.595  0.941   7.701e-01   1.600e+00   5.480e-01   8.669e-01  12  sdss  7006  82N  2 
 1153  54373.349698  2  21.975  0.345  0.124  0.184   5.829e+00   1.797e+00   6.665e-01   9.880e-01  13  sdss  7006  82N  2 
    1  54373.350527  3  21.485  0.212  0.132  0.105   9.050e+00   1.752e+00   1.107e+00   8.800e-01  19  sdss  7006  82N  2 
  160  54373.352185  4  22.250  0.868  0.572  0.740   2.980e+00   5.081e+00   3.183e+00   4.117e+00  17  sdss  7006  82N  2 
    0  54381.298090  1  22.874  0.245  0.058  0.358   2.486e+00   5.704e-01   1.373e-01   8.458e-01  12  sdss  7034  82N  2 
    0  54381.294773  2  22.209  0.206  0.069  0.180   4.685e+00   8.850e-01   3.022e-01   7.841e-01  13  sdss  7034  82N  2 
   32  54381.295603  3  22.064  0.261  0.065  0.152   5.258e+00   1.273e+00   3.225e-01   7.542e-01  19  sdss  7034  82N  2 
   32  54381.297261  4  21.691  0.606  0.428  0.497   6.655e+00   4.527e+00   3.296e+00   3.835e+00  17  sdss  7034  82N  2 
    0  54382.287773  1  22.839  0.287  0.303  0.620   2.570e+00   6.859e-01   7.391e-01   1.510e+00  12  sdss  7037  82N  2 
 1184  54382.284456  2  22.431  0.364  0.263  0.443   3.801e+00   1.256e+00   9.357e-01   1.579e+00  13  sdss  7037  82N  2 
   32  54382.285285  3  22.007  0.317  0.252  0.333   5.550e+00   1.610e+00   1.316e+00   1.737e+00  19  sdss  7037  82N  2 
   32  54382.286944  4  22.421  1.016  1.132  1.462   2.058e+00   5.898e+00   5.904e+00   7.623e+00  17  sdss  7037  82N  2 
    0  54386.290345  1  23.257  0.313  0.185  0.364   1.718e+00   5.165e-01   3.120e-01   6.132e-01  12  sdss  7054  82N  2 
   32  54386.287028  2  22.410  0.229  0.024  0.169   3.878e+00   8.210e-01   8.841e-02   6.147e-01  13  sdss  7054  82N  2 
    0  54386.287857  3  21.806  0.189  0.069  0.088   6.707e+00   1.173e+00   4.328e-01   5.510e-01  19  sdss  7054  82N  2 
   32  54386.289516  4  21.961  0.595  0.320  0.439   4.723e+00   3.817e+00   2.068e+00   2.835e+00  17  sdss  7054  82N  2 
    0  54388.294323  1  23.497  0.410  0.196  0.496   1.351e+00   5.457e-01   2.691e-01   6.827e-01  12  sdss  7060  82N  2 
  160  54388.291006  2  22.221  0.240  0.041  0.182   4.632e+00   1.016e+00   1.767e-01   7.851e-01  13  sdss  7060  82N  2 
    0  54388.291835  3  21.886  0.219  0.153  0.118   6.221e+00   1.257e+00   8.875e-01   6.877e-01  19  sdss  7060  82N  2 
  160  54388.293494  4  22.375  0.744  0.437  0.599   2.302e+00   4.138e+00   2.315e+00   3.174e+00  17  sdss  7060  82N  2 
    1  54393.279889  1  23.793  0.616  0.277  0.451   9.891e-01   6.354e-01   3.001e-01   4.891e-01  12  sdss  7080  82N  2 
    0  54393.276572  2  22.670  0.284  0.086  0.107   3.029e+00   8.027e-01   2.474e-01   3.090e-01  13  sdss  7080  82N  2 
    0  54393.277401  3  22.015  0.217  0.055  0.054   5.508e+00   1.112e+00   2.849e-01   2.788e-01  19  sdss  7080  82N  2 
   32  54393.279060  4  22.784  0.692  0.059  0.399   2.400e-01   3.609e+00   2.880e-01   1.946e+00  17  sdss  7080  82N  2 
    1  54403.206975  1  24.577  1.236  0.608  1.033   3.319e-01   9.356e-01   4.031e-01   6.851e-01  12  sdss  7106  82N  2 
  160  54403.203658  2  24.419  1.069  0.450  0.707   3.125e-01   1.026e+00   3.817e-01   5.994e-01  13  sdss  7106  82N  2 
    0  54403.204487  3  21.959  0.242  0.095  0.101   5.807e+00   1.298e+00   5.150e-01   5.514e-01  19  sdss  7106  82N  2 
    0  54403.206146  4  21.389  0.453  0.087  0.331   9.306e+00   4.234e+00   8.376e-01   3.205e+00  17  sdss  7106  82N  2 
    1  54405.262599  1  25.190  1.014  0.200  0.888  -4.223e-02   6.886e-01   1.183e-01   5.237e-01  12  sdss  7117  82N  2 
   32  54405.259283  2  22.924  0.395  0.090  0.161   2.370e+00   8.809e-01   2.086e-01   3.713e-01  13  sdss  7117  82N  2 
    0  54405.260112  3  22.024  0.236  0.066  0.062   5.462e+00   1.194e+00   3.389e-01   3.194e-01  19  sdss  7117  82N  2 
   32  54405.261770  4  22.507  0.765  0.324  0.445   1.615e+00   4.162e+00   1.647e+00   2.264e+00  17  sdss  7117  82N  2 
  128  54406.200475  1  23.195  0.313  0.239  0.412   1.825e+00   5.445e-01   4.255e-01   7.325e-01  12  sdss  7121  82N  2 
  168  54406.197158  2  23.203  0.494  0.668  0.314   1.793e+00   8.603e-01   1.218e+00   5.718e-01  13  sdss  7121  82N  2 
   32  54406.197987  3  22.986  0.563  0.332  0.242   2.102e+00   1.215e+00   7.489e-01   5.459e-01  19  sdss  7121  82N  2 
   32  54406.199646  4  21.705  0.610  0.237  0.457   6.545e+00   4.511e+00   1.808e+00   3.491e+00  17  sdss  7121  82N  2 
  128  54412.203028  1  25.454  0.768  0.559  1.007  -2.010e-01   5.061e-01   3.449e-01   6.217e-01  12  sdss  7140  82N  2 
   32  54412.199712  2  23.536  0.602  0.203  0.445   1.257e+00   8.065e-01   2.839e-01   6.228e-01  13  sdss  7140  82N  2 
   32  54412.200541  3  22.739  0.416  0.145  0.165   2.723e+00   1.110e+00   3.996e-01   4.561e-01  19  sdss  7140  82N  2 
    0  54412.202199  4  23.003  0.754  0.362  0.632  -8.348e-01   4.009e+00   1.784e+00   3.118e+00  17  sdss  7140  82N  2 
    0  54416.198825  1  23.476  0.366  0.172  0.396   1.380e+00   4.988e-01   2.408e-01   5.550e-01  12  sdss  7155  82N  2 
  160  54416.195508  2  23.925  0.769  0.351  0.619   7.794e-01   8.172e-01   3.763e-01   6.624e-01  13  sdss  7155  82N  2 
  160  54416.196337  3  22.747  0.425  0.101  0.150   2.701e+00   1.124e+00   2.781e-01   4.122e-01  19  sdss  7155  82N  2 
   32  54416.197996  4  22.693  0.739  0.531  0.520   6.823e-01   3.910e+00   2.608e+00   2.555e+00  17  sdss  7155  82N  2 
   33  54421.203724  1  24.268  1.164  0.579  0.847   5.533e-01   9.334e-01   4.507e-01   6.590e-01  12  sdss  7170  82N  2 
  161  54421.200407  2  23.052  0.537  0.185  0.240   2.088e+00   1.049e+00   3.828e-01   4.958e-01  13  sdss  7170  82N  2 
   32  54421.201236  3  22.592  0.447  0.155  0.154   3.157e+00   1.339e+00   4.843e-01   4.819e-01  19  sdss  7170  82N  2 
   32  54421.202894  4  22.094  0.742  0.097  0.502   3.887e+00   4.509e+00   5.846e-01   3.009e+00  17  sdss  7170  82N  2 
   61  54431.203885  2  23.011  2.066  8.457  0.731   2.175e+00   3.512e+00   1.810e+01   1.564e+00  13  sdss  7195  82N  2 
 1161  54431.204714  3  25.950  1.463  2.554  0.533  -2.625e+00   3.242e+00   6.843e+00   1.428e+00  19  sdss  7195  82N  2 
   33  54431.206373  4  22.411  1.619  2.995  1.189   2.107e+00   1.132e+01   1.566e+01   6.218e+00  17  sdss  7195  82N  2 
   33  54433.202422  1  24.660  1.519  1.427  2.116   2.777e-01   1.241e+00   9.160e-01   1.358e+00  12  sdss  7202  82N  2 
    9  54433.199106  2  26.150  1.386  1.714  0.922  -1.375e+00   1.848e+00   2.551e+00   1.372e+00  13  sdss  7202  82N  2 
   40  54433.199935  3  22.917  0.851  2.248  0.441   2.263e+00   1.847e+00   5.364e+00   1.052e+00  19  sdss  7202  82N  2 
   32  54433.201593  4  21.839  0.933  0.699  0.841   5.550e+00   6.359e+00   4.873e+00   5.864e+00  17  sdss  7202  82N  2 
