# SDSS CID:  13365 IAU:          RA:  25.624584 DEC:  -0.072954  (J2000)
# GALAXY_SB [ugriz] = [ 24.84 25.09 24.76 24.30 22.80 ] +/- [  0.33  0.10  0.09  0.08  0.08 ] (asinh mag/square arcsec)
# GALAXY_SB_FLUX [ugriz] = [ -2.001E-01  1.536E-02  3.615E-02  7.198E-02  1.536E-01 ] +/- [  3.246E-01  6.038E-02  7.283E-02  9.946E-02  3.986E-01 ] (microJy per square arcsec)
#FLAG  MJD       FILT  MAG     MERR  MSKYERR MGALERR  FLUX       FLUXERR    SKYERR     GALERR    NPRE TELE   RUN  STRIP  IDCCD
  129  53989.384790  1  21.521  0.201  0.078  0.043   8.770e+00   1.599e+00   6.329e-01   3.477e-01  21  sdss  6314  82N  3 
    1  53989.381473  2  20.716  0.099  0.030  0.024   1.868e+01   1.697e+00   5.140e-01   4.198e-01  22  sdss  6314  82N  3 
    1  53989.382302  3  20.965  0.120  0.034  0.028   1.466e+01   1.622e+00   4.575e-01   3.735e-01  23  sdss  6314  82N  3 
    0  53989.383961  4  21.064  0.343  0.155  0.114   1.298e+01   4.310e+00   2.004e+00   1.470e+00  22  sdss  6314  82N  3 
    1  53989.383131  0  26.193  2.016  0.193  0.964  -2.018e+00   3.785e+00   3.963e-01   1.982e+00  10  sdss  6314  82N  3 
    0  53995.399541  1  21.842  0.081  0.024  0.037   6.518e+00   4.865e-01   1.468e-01   2.215e-01  21  sdss  6362  82N  3 
    0  53995.396224  2  21.096  0.060  0.023  0.019   1.315e+01   7.216e-01   2.780e-01   2.258e-01  22  sdss  6362  82N  3 
    0  53995.397053  3  21.187  0.102  0.035  0.028   1.194e+01   1.121e+00   3.893e-01   3.038e-01  23  sdss  6362  82N  3 
    0  53995.398712  4  21.897  0.483  0.081  0.162   5.152e+00   3.249e+00   5.492e-01   1.105e+00  22  sdss  6362  82N  3 
 1152  53995.397883  0  25.526  1.018  0.058  1.097  -9.242e-01   1.316e+00   7.382e-02   1.399e+00  10  sdss  6362  82N  3 
    0  54000.360690  1  22.344  0.150  0.134  0.146   4.090e+00   5.644e-01   5.089e-01   5.532e-01  21  sdss  6383  82N  3 
    0  54000.357373  2  21.311  0.093  0.058  0.068   1.079e+01   9.214e-01   5.743e-01   6.799e-01  22  sdss  6383  82N  3 
    0  54000.358202  3  21.338  0.162  0.147  0.123   1.037e+01   1.545e+00   1.413e+00   1.182e+00  23  sdss  6383  82N  3 
 1152  54000.359861  4  21.336  0.499  0.370  0.330   9.838e+00   4.914e+00   3.803e+00   3.390e+00  22  sdss  6383  82N  3 
    0  54000.359031  0  24.969  1.405  0.170  3.795  -2.979e-01   1.792e+00   1.705e-01   3.815e+00  10  sdss  6383  82N  3 
 1180  54006.307511  1  22.476  0.627  1.848  0.146   3.615e+00   1.915e+00   6.222e+00   4.912e-01  21  sdss  6409  82N  3 
 1180  54006.304194  2  21.959  0.532  1.471  0.050   5.918e+00   2.723e+00   8.092e+00   2.778e-01  22  sdss  6409  82N  3 
 1180  54006.305023  3  18.740  0.255  1.836  0.003   1.141e+02   2.623e+01   1.927e+02   3.307e-01  23  sdss  6409  82N  3 
  156  54006.306682  4  25.076  0.383  2.928  0.108  -2.057e+01   7.216e+00   5.721e+01   2.103e+00  22  sdss  6409  82N  3 
 1164  54006.305852  0  22.384  2.563  1.462  0.417   4.237e+00   6.856e+00   5.744e+00   1.637e+00  10  sdss  6409  82N  3 
    0  54007.410837  1  22.853  0.262  0.096  0.262   2.535e+00   6.179e-01   2.295e-01   6.286e-01  21  sdss  6414  82N  3 
    0  54007.407519  2  21.597  0.112  0.026  0.059   8.281e+00   8.581e-01   1.967e-01   4.501e-01  22  sdss  6414  82N  3 
    0  54007.408349  3  21.741  0.225  0.072  0.127   7.131e+00   1.476e+00   4.771e-01   8.437e-01  23  sdss  6414  82N  3 
  128  54007.410007  4  20.961  0.419  0.336  0.262   1.437e+01   5.675e+00   4.734e+00   3.689e+00  22  sdss  6414  82N  3 
    8  54007.409178  0  22.671  0.706  0.546  1.110   3.219e+00   1.940e+00   1.668e+00   3.387e+00  10  sdss  6414  82N  3 
    8  54009.334903  1  23.096  0.238  0.141  0.139   2.009e+00   4.534e-01   2.724e-01   2.688e-01  21  sdss  6421  82N  3 
    0  54009.331585  2  21.655  0.113  0.011  0.064   7.848e+00   8.183e-01   7.897e-02   4.646e-01  22  sdss  6421  82N  3 
    0  54009.332415  3  21.542  0.146  0.049  0.059   8.586e+00   1.162e+00   3.953e-01   4.715e-01  23  sdss  6421  82N  3 
    0  54009.334073  4  21.160  0.298  0.208  0.137   1.179e+01   3.479e+00   2.477e+00   1.628e+00  22  sdss  6421  82N  3 
    8  54009.333244  0  22.699  0.511  0.169  0.598   3.133e+00   1.436e+00   5.027e-01   1.781e+00  10  sdss  6421  82N  3 
    0  54011.399491  1  22.878  0.188  0.033  0.074   2.475e+00   4.362e-01   7.760e-02   1.738e-01  21  sdss  6430  82N  3 
    0  54011.396174  2  21.839  0.110  0.025  0.028   6.616e+00   6.756e-01   1.514e-01   1.728e-01  22  sdss  6430  82N  3 
    0  54011.397003  3  21.555  0.134  0.028  0.026   8.483e+00   1.051e+00   2.238e-01   2.047e-01  23  sdss  6430  82N  3 
    0  54011.398662  4  21.408  0.314  0.130  0.078   9.118e+00   2.995e+00   1.259e+00   7.557e-01  22  sdss  6430  82N  3 
  128  54011.397832  0  23.986  1.012  0.072  0.829   7.021e-01   1.234e+00   8.370e-02   9.588e-01  10  sdss  6430  82N  3 
   25  54021.403414  1  26.444  0.830  4.795  0.398  -9.894e-01   8.313e-01   5.189e+00   4.300e-01  21  sdss  6450  82N  3 
    0  54021.400097  2  22.284  0.228  0.077  0.092   4.367e+00   9.209e-01   3.136e-01   3.770e-01  22  sdss  6450  82N  3 
  152  54021.400926  3  21.328  0.138  1.036  0.053   1.048e+01   1.336e+00   1.006e+01   5.150e-01  23  sdss  6450  82N  3 
   24  54021.402585  4  23.684  0.670  5.157  0.332  -4.590e+00   4.294e+00   3.327e+01   2.139e+00  22  sdss  6450  82N  3 
    9  54021.401756  0  22.852  1.044  1.194  0.816   2.696e+00   2.285e+00   3.114e+00   2.129e+00  10  sdss  6450  82N  3 
    0  54025.398635  1  23.137  0.349  0.290  0.326   1.930e+00   6.322e-01   5.416e-01   6.089e-01  21  sdss  6461  82N  3 
    0  54025.395318  2  22.135  0.203  0.076  0.111   5.022e+00   9.429e-01   3.574e-01   5.216e-01  22  sdss  6461  82N  3 
    0  54025.396147  3  22.496  0.442  0.189  0.214   3.471e+00   1.442e+00   6.443e-01   7.296e-01  23  sdss  6461  82N  3 
    0  54025.397805  4  21.641  0.658  0.103  0.359   7.056e+00   5.118e+00   8.390e-01   2.918e+00  22  sdss  6461  82N  3 
 1152  54025.396976  0  25.745  1.306  0.344  2.267  -1.227e+00   1.881e+00   5.049e-01   3.327e+00  10  sdss  6461  82N  3 
    0  54029.328673  1  23.500  0.370  0.066  0.234   1.346e+00   4.924e-01   9.000e-02   3.206e-01  21  sdss  6474  82N  3 
    0  54029.325356  2  22.799  0.322  0.147  0.129   2.676e+00   8.144e-01   3.802e-01   3.339e-01  22  sdss  6474  82N  3 
    0  54029.326185  3  22.662  0.495  0.242  0.180   2.943e+00   1.393e+00   7.160e-01   5.318e-01  23  sdss  6474  82N  3 
  128  54029.327843  4  21.251  0.434  0.168  0.169   1.075e+01   4.617e+00   1.850e+00   1.857e+00  22  sdss  6474  82N  3 
    8  54029.327014  0  25.816  1.160  0.667  1.793  -1.334e+00   1.697e+00   1.029e+00   2.764e+00  10  sdss  6474  82N  3 
    0  54031.315714  1  24.105  0.537  0.150  0.266   6.867e-01   4.543e-01   1.297e-01   2.297e-01  21  sdss  6484  82N  3 
    0  54031.312397  2  22.684  0.278  0.079  0.091   2.989e+00   7.804e-01   2.267e-01   2.593e-01  22  sdss  6484  82N  3 
    0  54031.313227  3  22.793  0.482  0.207  0.123   2.576e+00   1.224e+00   5.489e-01   3.259e-01  23  sdss  6484  82N  3 
    0  54031.314885  4  22.547  0.715  0.049  0.243   1.408e+00   3.831e+00   2.486e-01   1.225e+00  22  sdss  6484  82N  3 
    0  54031.314056  0  24.991  1.211  0.129  1.507  -3.196e-01   1.453e+00   1.302e-01   1.523e+00  10  sdss  6484  82N  3 
    8  54036.320417  1  23.987  0.675  0.841  0.696   7.932e-01   6.077e-01   7.874e-01   6.517e-01  21  sdss  6504  82N  3 
    0  54036.317100  2  23.591  0.817  0.313  0.535   1.181e+00   1.038e+00   4.218e-01   7.214e-01  22  sdss  6504  82N  3 
    0  54036.317929  3  22.604  0.492  0.195  0.249   3.119e+00   1.452e+00   6.035e-01   7.736e-01  23  sdss  6504  82N  3 
    0  54036.319588  4  22.216  0.846  0.746  0.522   3.173e+00   5.003e+00   4.240e+00   2.964e+00  22  sdss  6504  82N  3 
 1160  54036.318758  0  26.115  1.163  0.684  2.155  -1.860e+00   1.973e+00   1.322e+00   4.164e+00  10  sdss  6504  82N  3 
    0  54039.318259  1  23.615  0.556  0.386  0.300   1.196e+00   6.574e-01   4.805e-01   3.731e-01  21  sdss  6513  82N  3 
    0  54039.314942  2  22.810  0.377  0.211  0.148   2.648e+00   9.340e-01   5.403e-01   3.787e-01  22  sdss  6513  82N  3 
    0  54039.315771  3  23.056  0.692  0.229  0.243   1.948e+00   1.402e+00   4.925e-01   5.217e-01  23  sdss  6513  82N  3 
    0  54039.317429  4  21.218  0.399  0.196  0.152   1.112e+01   4.384e+00   2.220e+00   1.726e+00  22  sdss  6513  82N  3 
    0  54039.316600  0  23.921  1.333  0.121  1.781   7.791e-01   1.762e+00   1.451e-01   2.129e+00  10  sdss  6513  82N  3 
    1  54041.288927  1  24.121  1.268  0.411  0.252   6.730e-01   1.080e+00   3.507e-01   2.151e-01  21  sdss  6524  82N  3 
    1  54041.285610  2  22.660  0.382  0.237  0.070   3.059e+00   1.079e+00   6.925e-01   2.045e-01  22  sdss  6524  82N  3 
    1  54041.286439  3  23.093  0.666  0.220  0.125   1.869e+00   1.321e+00   4.596e-01   2.618e-01  23  sdss  6524  82N  3 
    0  54041.288098  4  21.934  0.548  0.196  0.159   4.904e+00   3.599e+00   1.302e+00   1.054e+00  22  sdss  6524  82N  3 
    1  54041.287268  0  24.069  1.742  0.553  0.999   6.079e-01   2.570e+00   6.154e-01   1.111e+00  10  sdss  6524  82N  3 
    1  54048.312950  1  24.221  0.984  0.270  0.246   5.900e-01   7.852e-01   2.158e-01   1.965e-01  21  sdss  6533  82N  3 
    1  54048.309633  2  23.450  0.597  0.049  0.137   1.381e+00   8.531e-01   7.344e-02   2.061e-01  22  sdss  6533  82N  3 
    0  54048.310462  3  22.842  0.457  0.113  0.098   2.449e+00   1.120e+00   2.881e-01   2.497e-01  23  sdss  6533  82N  3 
   32  54048.312121  4  22.683  0.590  0.156  0.197   7.346e-01   3.043e+00   7.675e-01   9.687e-01  22  sdss  6533  82N  3 
  129  54048.311292  0  25.373  1.576  0.206  0.978  -7.350e-01   2.217e+00   2.422e-01   1.146e+00  10  sdss  6533  82N  3 
   34  54052.316624  1  24.871  1.212  1.588  1.519   1.469e-01   8.792e-01   9.589e-01   9.175e-01  21  sdss  6552  82N  3 
    2  54052.313307  2  22.866  0.517  0.449  0.402   2.508e+00   1.189e+00   1.095e+00   9.814e-01  22  sdss  6552  82N  3 
    0  54052.314136  3  22.904  0.774  0.688  0.475   2.294e+00   1.721e+00   1.666e+00   1.149e+00  23  sdss  6552  82N  3 
    0  54052.315794  4  24.489  0.553  0.719  0.352  -1.160e+01   6.126e+00   8.429e+00   4.126e+00  22  sdss  6552  82N  3 
 1162  54052.314965  0  25.707  1.540  2.227  3.307  -1.170e+00   2.284e+00   3.184e+00   4.730e+00  10  sdss  6552  82N  3 
    0  54055.312898  1  23.569  0.442  0.162  0.339   1.255e+00   5.514e-01   2.097e-01   4.378e-01  21  sdss  6564  82N  3 
    0  54055.309581  2  23.880  0.770  0.363  0.425   8.281e-01   8.374e-01   4.008e-01   4.689e-01  22  sdss  6564  82N  3 
    0  54055.310410  3  23.688  0.827  0.370  0.396   8.499e-01   1.206e+00   5.250e-01   5.618e-01  23  sdss  6564  82N  3 
    0  54055.312068  4  21.679  0.521  0.144  0.278   6.751e+00   4.005e+00   1.137e+00   2.197e+00  22  sdss  6564  82N  3 
  128  54055.311239  0  22.860  0.791  0.112  1.093   2.675e+00   1.827e+00   2.913e-01   2.833e+00  10  sdss  6564  82N  3 
    0  54058.311092  1  25.344  0.797  0.545  0.634  -1.338e-01   5.193e-01   3.280e-01   3.814e-01  21  sdss  6577  82N  3 
    0  54058.307775  2  23.393  0.574  0.324  0.266   1.469e+00   8.581e-01   5.085e-01   4.174e-01  22  sdss  6577  82N  3 
    8  54058.308604  3  22.896  0.612  0.558  0.245   2.314e+00   1.405e+00   1.359e+00   5.977e-01  23  sdss  6577  82N  3 
    0  54058.310262  4  21.690  0.666  0.168  0.275   6.664e+00   5.013e+00   1.313e+00   2.151e+00  22  sdss  6577  82N  3 
    0  54058.309433  0  26.847  0.542  0.054  0.769  -3.851e+00   1.819e+00   1.948e-01   2.763e+00  10  sdss  6577  82N  3 
    0  54060.332648  1  23.265  0.332  0.193  0.236   1.703e+00   5.406e-01   3.225e-01   3.943e-01  21  sdss  6584  82N  3 
    0  54060.329331  2  23.209  0.528  0.220  0.286   1.781e+00   9.145e-01   4.019e-01   5.211e-01  22  sdss  6584  82N  3 
    0  54060.330160  3  22.446  0.459  0.243  0.264   3.645e+00   1.558e+00   8.628e-01   9.395e-01  23  sdss  6584  82N  3 
    0  54060.331819  4  23.966  0.599  0.156  0.275  -6.588e+00   4.510e+00   1.216e+00   2.136e+00  22  sdss  6584  82N  3 
  128  54060.330989  0  26.337  1.073  0.059  1.514  -2.340e+00   2.114e+00   1.368e-01   3.505e+00  10  sdss  6584  82N  3 
    0  54063.301481  1  24.143  0.590  0.109  0.367   6.543e-01   4.867e-01   9.192e-02   3.084e-01  21  sdss  6600  82N  3 
    0  54063.298164  2  22.864  0.316  0.029  0.116   2.513e+00   7.562e-01   6.997e-02   2.835e-01  22  sdss  6600  82N  3 
    0  54063.298993  3  22.443  0.366  0.110  0.119   3.655e+00   1.266e+00   3.928e-01   4.236e-01  23  sdss  6600  82N  3 
    0  54063.300652  4  22.323  0.749  0.346  0.267   2.578e+00   4.242e+00   1.878e+00   1.450e+00  22  sdss  6600  82N  3 
    0  54063.299823  0  24.606  1.314  0.419  2.070   5.730e-02   1.608e+00   4.061e-01   2.009e+00  10  sdss  6600  82N  3 
