# SDSS CID:  12950 IAU: 2006fy   RA: 351.667419 DEC:  -0.840320  (J2000)
# GALAXY_SB [ugriz] = [ 21.96 20.93 20.56 20.24 20.11 ] +/- [  0.07  0.01  0.01  0.00  0.01 ] (asinh mag/square arcsec)
# GALAXY_SB_FLUX [ugriz] = [  6.111E+00  1.506E+01  2.156E+01  2.858E+01  3.209E+01 ] +/- [  4.207E-01  1.016E-01  1.031E-01  1.152E-01  4.343E-01 ] (microJy per square arcsec)
#FLAG  MJD       FILT  MAG     MERR  MSKYERR MGALERR  FLUX       FLUXERR    SKYERR     GALERR    NPRE TELE   RUN  STRIP  IDCCD
    0  53974.287932  1  25.902  0.760  0.068  0.547  -5.026e-01   5.707e-01   5.107e-02   4.083e-01  31  sdss  6283  82N  1 
   32  53974.284614  2  24.550  0.873  0.111  0.437   2.032e-01   7.867e-01   9.112e-02   3.588e-01  31  sdss  6283  82N  1 
   32  53974.285444  3  24.268  0.892  0.274  0.295   1.110e-01   1.181e+00   3.258e-01   3.505e-01  33  sdss  6283  82N  1 
   32  53974.287102  4  22.722  0.683  0.055  0.326   5.397e-01   3.565e+00   2.703e-01   1.599e+00  32  sdss  6283  82N  1 
  136  53974.286273  0  24.689  1.217  0.765  2.155  -2.268e-02   1.442e+00   7.412e-01   2.089e+00  20  sdss  6283  82N  1 
   32  53975.281563  1  24.059  0.896  0.533  1.001   7.273e-01   7.652e-01   4.720e-01   8.878e-01  31  sdss  6287  82S  2 
   32  53975.278246  2  24.303  0.955  0.198  0.591   4.128e-01   9.128e-01   1.755e-01   5.229e-01  31  sdss  6287  82S  2 
    0  53975.279075  3  24.627  0.957  0.343  0.455  -3.165e-01   1.305e+00   4.186e-01   5.555e-01  33  sdss  6287  82S  2 
    0  53975.280734  4  24.155  0.595  0.428  0.326  -8.169e+00   5.074e+00   3.821e+00   2.909e+00  32  sdss  6287  82S  2 
   36  53975.279904  0  22.743  0.825  0.214  1.200   3.002e+00   2.034e+00   6.019e-01   3.372e+00  20  sdss  6287  82S  2 
    1  53989.291767  1  19.842  0.034  0.006  0.012   4.122e+01   1.283e+00   2.267e-01   4.682e-01  31  sdss  6314  82N  1 
    1  53989.288450  2  20.038  0.044  0.011  0.014   3.489e+01   1.414e+00   3.694e-01   4.502e-01  31  sdss  6314  82N  1 
    0  53989.289279  3  19.882  0.048  0.018  0.013   3.980e+01   1.762e+00   6.735e-01   4.816e-01  33  sdss  6314  82N  1 
    0  53989.290937  4  20.124  0.154  0.054  0.070   3.186e+01   4.537e+00   1.590e+00   2.071e+00  32  sdss  6314  82N  1 
    1  53989.290108  0  21.145  0.256  0.045  0.219   1.345e+01   2.980e+00   5.391e-01   2.593e+00  20  sdss  6314  82N  1 
  152  53993.349697  1  19.128  0.050  0.034  0.011   7.956e+01   3.640e+00   2.490e+00   8.271e-01  31  sdss  6348  82S  2 
 1180  53993.346380  2  19.509  0.109  0.907  0.014   5.680e+01   5.674e+00   4.749e+01   7.238e-01  31  sdss  6348  82S  2 
 1176  53993.347209  3  19.165  0.103  0.121  0.009   7.705e+01   7.303e+00   8.571e+00   6.748e-01  33  sdss  6348  82S  2 
    0  53993.348868  4  19.651  0.105  0.013  0.052   4.945e+01   4.749e+00   6.129e-01   2.364e+00  32  sdss  6348  82S  2 
  128  53993.348038  0  19.924  0.080  0.014  0.111   4.147e+01   2.919e+00   5.106e-01   4.051e+00  20  sdss  6348  82S  2 
    0  53996.288568  1  18.938  0.013  0.005  0.008   9.477e+01   1.088e+00   3.928e-01   6.894e-01  31  sdss  6367  82S  2 
    0  53996.285251  2  19.083  0.016  0.002  0.008   8.409e+01   1.269e+00   1.715e-01   6.351e-01  31  sdss  6367  82S  2 
    0  53996.286080  3  19.209  0.022  0.008  0.009   7.398e+01   1.495e+00   5.436e-01   5.922e-01  33  sdss  6367  82S  2 
    0  53996.287739  4  19.414  0.078  0.058  0.037   6.158e+01   4.425e+00   3.271e+00   2.102e+00  32  sdss  6367  82S  2 
    0  53996.286909  0  19.883  0.064  0.006  0.085   4.306e+01   2.417e+00   2.155e-01   3.200e+00  20  sdss  6367  82S  2 
    0  53997.387214  1  18.916  0.015  0.003  0.011   9.671e+01   1.363e+00   2.843e-01   9.608e-01  31  sdss  6373  82N  1 
    0  53997.383897  2  19.063  0.019  0.008  0.009   8.566e+01   1.509e+00   6.076e-01   7.282e-01  31  sdss  6373  82N  1 
    0  53997.384726  3  19.198  0.026  0.009  0.010   7.473e+01   1.801e+00   6.400e-01   7.131e-01  33  sdss  6373  82N  1 
 1176  53997.386385  4  19.262  0.106  0.477  0.050   7.086e+01   6.894e+00   3.107e+01   3.229e+00  32  sdss  6373  82N  1 
  136  53997.385556  0  19.941  0.076  0.081  0.142   4.083e+01   2.709e+00   2.909e+00   5.103e+00  20  sdss  6373  82N  1 
    8  53998.257035  1  18.875  0.012  0.004  0.005   1.004e+02   1.061e+00   3.612e-01   4.993e-01  31  sdss  6377  82S  2 
    0  53998.253718  2  19.037  0.014  0.001  0.004   8.773e+01   1.096e+00   7.554e-02   3.440e-01  31  sdss  6377  82S  2 
    0  53998.254547  3  19.203  0.019  0.006  0.006   7.439e+01   1.336e+00   4.389e-01   3.955e-01  33  sdss  6377  82S  2 
    0  53998.256206  4  19.403  0.073  0.010  0.034   6.220e+01   4.153e+00   5.660e-01   1.965e+00  32  sdss  6377  82S  2 
    8  53998.255377  0  19.786  0.050  0.012  0.052   4.709e+01   2.079e+00   5.076e-01   2.133e+00  20  sdss  6377  82S  2 
    0  54000.267097  1  18.908  0.017  0.003  0.013   9.742e+01   1.545e+00   2.496e-01   1.130e+00  31  sdss  6383  82N  1 
    0  54000.263780  2  18.990  0.022  0.007  0.012   9.162e+01   1.844e+00   5.765e-01   1.034e+00  31  sdss  6383  82N  1 
  128  54000.264609  3  19.246  0.050  0.017  0.017   7.151e+01   3.280e+00   1.092e+00   1.107e+00  33  sdss  6383  82N  1 
    0  54000.266268  4  19.404  0.099  0.080  0.080   6.214e+01   5.628e+00   4.598e+00   4.591e+00  32  sdss  6383  82N  1 
    2  54000.265439  0  20.088  0.083  0.010  0.237   3.565e+01   2.584e+00   3.211e-01   7.421e+00  20  sdss  6383  82N  1 
    0  54005.287303  1  19.034  0.013  0.002  0.005   8.675e+01   1.005e+00   1.901e-01   4.130e-01  31  sdss  6402  82S  2 
    0  54005.283986  2  19.040  0.014  0.002  0.005   8.749e+01   1.094e+00   1.782e-01   3.659e-01  31  sdss  6402  82S  2 
    0  54005.284816  3  19.263  0.021  0.007  0.006   7.039e+01   1.344e+00   4.443e-01   3.658e-01  33  sdss  6402  82S  2 
    0  54005.286474  4  19.636  0.084  0.029  0.030   5.014e+01   3.886e+00   1.333e+00   1.386e+00  32  sdss  6402  82S  2 
    0  54005.285645  0  20.661  0.104  0.011  0.111   2.102e+01   1.920e+00   2.044e-01   2.061e+00  20  sdss  6402  82S  2 
    0  54007.317280  1  19.226  0.017  0.006  0.012   7.268e+01   1.111e+00   3.914e-01   7.786e-01  31  sdss  6414  82N  1 
    0  54007.313963  2  19.077  0.019  0.005  0.009   8.456e+01   1.492e+00   3.777e-01   7.376e-01  31  sdss  6414  82N  1 
    0  54007.314793  3  19.393  0.033  0.006  0.010   6.245e+01   1.876e+00   3.438e-01   5.951e-01  33  sdss  6414  82N  1 
    0  54007.316451  4  19.720  0.114  0.017  0.058   4.638e+01   4.858e+00   7.116e-01   2.495e+00  32  sdss  6414  82N  1 
  128  54007.315622  0  21.447  0.226  0.010  0.418   1.017e+01   2.005e+00   8.896e-02   3.758e+00  20  sdss  6414  82N  1 
    0  54008.247802  1  19.235  0.015  0.004  0.008   7.209e+01   9.782e-01   2.913e-01   4.941e-01  31  sdss  6417  82S  2 
    0  54008.244485  2  19.161  0.016  0.002  0.006   7.826e+01   1.131e+00   1.309e-01   4.067e-01  31  sdss  6417  82S  2 
    0  54008.245314  3  19.504  0.025  0.008  0.008   5.638e+01   1.305e+00   4.136e-01   4.368e-01  33  sdss  6417  82S  2 
    0  54008.246973  4  19.986  0.114  0.044  0.049   3.623e+01   3.801e+00   1.479e+00   1.644e+00  32  sdss  6417  82S  2 
  136  54008.246144  0  21.001  0.148  0.078  0.184   1.536e+01   1.987e+00   1.050e+00   2.491e+00  20  sdss  6417  82S  2 
    1  54009.240831  1  19.415  0.018  0.002  0.011   6.107e+01   1.003e+00   1.023e-01   5.974e-01  31  sdss  6421  82N  1 
    0  54009.237514  2  19.133  0.017  0.004  0.007   8.031e+01   1.290e+00   3.198e-01   4.833e-01  31  sdss  6421  82N  1 
    0  54009.238343  3  19.539  0.031  0.010  0.010   5.459e+01   1.562e+00   5.143e-01   5.085e-01  33  sdss  6421  82N  1 
    0  54009.240001  4  19.891  0.116  0.069  0.058   3.958e+01   4.231e+00   2.527e+00   2.108e+00  32  sdss  6421  82N  1 
    8  54009.239172  0  21.497  0.222  0.104  0.339   9.709e+00   1.882e+00   8.960e-01   2.909e+00  20  sdss  6421  82N  1 
    1  54010.242136  1  19.440  0.024  0.006  0.007   5.968e+01   1.295e+00   3.012e-01   3.553e-01  31  sdss  6425  82S  2 
    0  54010.238819  2  19.185  0.017  0.003  0.004   7.655e+01   1.175e+00   1.860e-01   2.855e-01  31  sdss  6425  82S  2 
    0  54010.239648  3  19.618  0.028  0.006  0.006   5.076e+01   1.301e+00   2.973e-01   2.782e-01  33  sdss  6425  82S  2 
    0  54010.241307  4  20.001  0.109  0.047  0.039   3.573e+01   3.591e+00   1.571e+00   1.286e+00  32  sdss  6425  82S  2 
    9  54010.240478  0  21.308  0.206  0.077  0.164   1.156e+01   2.075e+00   7.807e-01   1.670e+00  20  sdss  6425  82S  2 
    1  54011.305310  1  19.566  0.024  0.005  0.008   5.314e+01   1.163e+00   2.306e-01   3.697e-01  31  sdss  6430  82N  1 
    1  54011.301993  2  19.231  0.018  0.003  0.004   7.338e+01   1.197e+00   2.168e-01   2.427e-01  31  sdss  6430  82N  1 
    0  54011.302822  3  19.625  0.037  0.004  0.005   5.043e+01   1.716e+00   1.976e-01   2.513e-01  33  sdss  6430  82N  1 
    0  54011.304480  4  19.875  0.108  0.036  0.039   4.017e+01   4.015e+00   1.330e+00   1.445e+00  32  sdss  6430  82N  1 
  129  54011.303651  0  21.507  0.283  0.011  0.218   9.620e+00   2.358e+00   9.107e-02   1.856e+00  20  sdss  6430  82N  1 
    1  54012.235223  1  19.599  0.035  0.017  0.008   5.155e+01   1.631e+00   7.909e-01   3.670e-01  31  sdss  6433  82S  2 
    1  54012.231906  2  19.366  0.025  0.005  0.005   6.479e+01   1.521e+00   3.184e-01   2.746e-01  31  sdss  6433  82S  2 
    1  54012.232736  3  19.661  0.041  0.008  0.007   4.878e+01   1.831e+00   3.575e-01   2.976e-01  33  sdss  6433  82S  2 
    0  54012.234394  4  19.942  0.126  0.039  0.039   3.775e+01   4.390e+00   1.351e+00   1.363e+00  32  sdss  6433  82S  2 
    1  54012.233565  0  21.240  0.356  0.027  0.176   1.232e+01   3.734e+00   2.954e-01   1.907e+00  20  sdss  6433  82S  2 
   33  54019.255135  1  20.501  0.076  0.095  0.064   2.246e+01   1.551e+00   1.936e+00   1.309e+00  31  sdss  6441  82N  1 
 1049  54019.251818  2  19.701  0.038  0.202  0.011   4.759e+01   1.659e+00   8.851e+00   4.855e-01  31  sdss  6441  82N  1 
    8  54019.252647  3  19.763  0.039  0.049  0.012   4.441e+01   1.599e+00   2.018e+00   4.851e-01  33  sdss  6441  82N  1 
   40  54019.254305  4  20.238  0.195  0.334  0.121   2.863e+01   5.147e+00   8.902e+00   3.237e+00  32  sdss  6441  82N  1 
 1193  54019.253476  0  23.518  1.799  1.061  2.478   1.331e+00   2.908e+00   1.611e+00   3.762e+00  20  sdss  6441  82N  1 
    1  54020.240553  1  20.392  0.048  0.019  0.031   2.483e+01   1.093e+00   4.258e-01   6.961e-01  31  sdss  6447  82S  2 
    0  54020.237236  2  19.695  0.028  0.008  0.012   4.785e+01   1.215e+00   3.643e-01   5.275e-01  31  sdss  6447  82S  2 
    0  54020.238065  3  19.756  0.036  0.010  0.013   4.470e+01   1.503e+00   4.064e-01   5.190e-01  33  sdss  6447  82S  2 
    0  54020.239724  4  19.772  0.140  0.100  0.054   4.420e+01   5.694e+00   4.072e+00   2.200e+00  32  sdss  6447  82S  2 
   33  54020.238895  0  21.979  0.451  0.036  0.561   6.200e+00   2.368e+00   1.988e-01   3.101e+00  20  sdss  6447  82S  2 
  152  54022.289858  1  20.584  0.063  0.122  0.037   2.080e+01   1.186e+00   2.321e+00   7.052e-01  31  sdss  6453  82S  2 
 1048  54022.286542  2  19.799  0.039  0.123  0.012   4.348e+01   1.568e+00   4.944e+00   4.965e-01  31  sdss  6453  82S  2 
 1176  54022.287371  3  19.865  0.060  0.228  0.012   4.043e+01   2.223e+00   8.525e+00   4.585e-01  33  sdss  6453  82S  2 
    0  54022.289029  4  20.078  0.152  0.121  0.069   3.326e+01   4.671e+00   3.728e+00   2.139e+00  32  sdss  6453  82S  2 
   44  54022.288200  0  22.147  0.483  0.457  0.667   5.301e+00   2.167e+00   2.176e+00   3.172e+00  20  sdss  6453  82S  2 
   32  54025.303709  1  20.977  0.068  0.022  0.091   1.448e+01   8.966e-01   2.908e-01   1.201e+00  31  sdss  6461  82N  1 
   32  54025.300392  2  19.967  0.046  0.014  0.039   3.725e+01   1.562e+00   4.901e-01   1.340e+00  31  sdss  6461  82N  1 
   32  54025.301221  3  19.793  0.050  0.032  0.031   4.319e+01   1.987e+00   1.295e+00   1.230e+00  33  sdss  6461  82N  1 
   32  54025.302879  4  19.804  0.174  0.201  0.161   4.291e+01   6.833e+00   7.950e+00   6.364e+00  32  sdss  6461  82N  1 
   32  54028.230477  1  20.971  0.057  0.009  0.049   1.456e+01   7.551e-01   1.142e-01   6.476e-01  31  sdss  6468  82S  2 
    0  54028.227160  2  20.039  0.035  0.012  0.017   3.486e+01   1.119e+00   3.849e-01   5.303e-01  31  sdss  6468  82S  2 
    0  54028.227989  3  19.830  0.037  0.015  0.015   4.175e+01   1.436e+00   5.889e-01   5.623e-01  33  sdss  6468  82S  2 
    0  54028.229648  4  19.738  0.111  0.040  0.052   4.562e+01   4.674e+00   1.697e+00   2.188e+00  32  sdss  6468  82S  2 
   40  54028.228819  0  22.300  0.501  0.323  0.741   4.588e+00   1.952e+00   1.339e+00   3.071e+00  20  sdss  6468  82S  2 
   32  54029.233539  1  21.414  0.076  0.018  0.055   9.678e+00   6.718e-01   1.615e-01   4.866e-01  31  sdss  6474  82N  1 
    0  54029.230222  2  20.059  0.033  0.009  0.013   3.423e+01   1.048e+00   2.731e-01   4.156e-01  31  sdss  6474  82N  1 
    0  54029.231052  3  19.954  0.044  0.016  0.013   3.725e+01   1.503e+00   5.364e-01   4.574e-01  33  sdss  6474  82N  1 
    0  54029.232710  4  19.925  0.141  0.032  0.069   3.834e+01   4.968e+00   1.133e+00   2.455e+00  32  sdss  6474  82N  1 
   32  54029.231881  0  22.876  0.733  0.035  0.964   2.632e+00   1.664e+00   8.663e-02   2.416e+00  20  sdss  6474  82N  1 
    0  54030.233877  1  21.247  0.064  0.004  0.036   1.129e+01   6.576e-01   4.521e-02   3.749e-01  31  sdss  6479  82S  2 
    0  54030.230560  2  20.192  0.033  0.002  0.011   3.028e+01   9.102e-01   6.311e-02   2.947e-01  31  sdss  6479  82S  2 
    0  54030.231389  3  19.905  0.034  0.008  0.007   3.896e+01   1.213e+00   3.051e-01   2.623e-01  33  sdss  6479  82S  2 
    0  54030.233048  4  19.887  0.102  0.039  0.035   3.973e+01   3.723e+00   1.440e+00   1.291e+00  32  sdss  6479  82S  2 
   40  54030.232218  0  23.251  0.989  0.307  0.989   1.793e+00   1.651e+00   5.673e-01   1.829e+00  20  sdss  6479  82S  2 
   32  54031.220485  1  21.487  0.078  0.010  0.052   9.047e+00   6.464e-01   8.165e-02   4.317e-01  31  sdss  6484  82N  1 
    0  54031.217168  2  20.175  0.034  0.005  0.011   3.076e+01   9.676e-01   1.543e-01   3.165e-01  31  sdss  6484  82N  1 
    0  54031.217997  3  20.043  0.043  0.012  0.011   3.431e+01   1.349e+00   3.714e-01   3.350e-01  33  sdss  6484  82N  1 
    0  54031.219655  4  20.017  0.138  0.017  0.062   3.520e+01   4.477e+00   5.471e-01   2.016e+00  32  sdss  6484  82N  1 
   40  54031.218826  0  22.984  0.789  0.407  1.201   2.363e+00   1.629e+00   9.313e-01   2.750e+00  20  sdss  6484  82N  1 
   32  54035.309281  1  21.353  0.105  0.040  0.127   1.024e+01   9.749e-01   3.779e-01   1.188e+00  31  sdss  6501  82S  2 
   32  54035.305964  2  20.490  0.081  0.051  0.056   2.301e+01   1.711e+00   1.084e+00   1.191e+00  31  sdss  6501  82S  2 
   32  54035.306793  3  20.259  0.081  0.094  0.056   2.811e+01   2.102e+00   2.441e+00   1.444e+00  33  sdss  6501  82S  2 
   32  54035.308452  4  20.258  0.241  0.177  0.152   2.810e+01   6.230e+00   4.630e+00   3.987e+00  32  sdss  6501  82S  2 
   34  54035.307623  0  23.805  1.969  0.230  5.457   9.233e-01   3.247e+00   2.903e-01   6.896e+00  20  sdss  6501  82S  2 
   32  54036.224939  1  21.725  0.131  0.080  0.182   7.261e+00   8.640e-01   5.299e-01   1.210e+00  31  sdss  6504  82N  1 
   32  54036.221623  2  20.516  0.058  0.028  0.040   2.246e+01   1.192e+00   5.899e-01   8.194e-01  31  sdss  6504  82N  1 
  160  54036.222452  3  20.374  0.080  0.023  0.044   2.529e+01   1.865e+00   5.396e-01   1.024e+00  33  sdss  6504  82N  1 
   32  54036.224110  4  20.046  0.167  0.101  0.117   3.426e+01   5.260e+00   3.224e+00   3.708e+00  32  sdss  6504  82N  1 
    0  54036.223281  0  26.491  0.859  0.317  2.006  -2.727e+00   1.946e+00   8.182e-01   5.183e+00  20  sdss  6504  82N  1 
   36  54037.214702  1  21.855  0.167  0.082  0.069   6.438e+00   9.783e-01   4.823e-01   4.089e-01  31  sdss  6508  82S  2 
   12  54037.211385  2  20.718  0.075  0.042  0.017   1.865e+01   1.291e+00   7.192e-01   2.866e-01  31  sdss  6508  82S  2 
    0  54037.212215  3  20.623  0.084  0.025  0.015   2.010e+01   1.555e+00   4.650e-01   2.775e-01  33  sdss  6508  82S  2 
   12  54037.213873  4  20.229  0.206  0.194  0.055   2.887e+01   5.487e+00   5.217e+00   1.471e+00  32  sdss  6508  82S  2 
   44  54037.213044  0  22.714  0.968  0.521  0.626   3.086e+00   2.351e+00   1.500e+00   1.803e+00  20  sdss  6508  82S  2 
   33  54039.223060  1  21.778  0.174  0.020  0.076   6.913e+00   1.090e+00   1.284e-01   4.799e-01  31  sdss  6513  82N  1 
    1  54039.219743  2  20.586  0.059  0.011  0.017   2.106e+01   1.149e+00   2.133e-01   3.318e-01  31  sdss  6513  82N  1 
    0  54039.220572  3  20.409  0.067  0.019  0.016   2.448e+01   1.507e+00   4.318e-01   3.669e-01  33  sdss  6513  82N  1 
   32  54039.222231  4  20.377  0.178  0.091  0.077   2.516e+01   4.156e+00   2.139e+00   1.817e+00  32  sdss  6513  82N  1 
    1  54039.221401  0  22.008  0.490  0.167  0.471   6.034e+00   2.484e+00   8.994e-01   2.540e+00  20  sdss  6513  82N  1 
   33  54040.228828  1  21.638  0.228  0.132  0.070   7.870e+00   1.618e+00   9.515e-01   5.033e-01  31  sdss  6518  82S  2 
    1  54040.225512  2  20.652  0.091  0.027  0.021   1.982e+01   1.652e+00   4.944e-01   3.922e-01  31  sdss  6518  82S  2 
    1  54040.226341  3  20.458  0.080  0.025  0.017   2.340e+01   1.718e+00   5.478e-01   3.759e-01  33  sdss  6518  82S  2 
   32  54040.227999  4  20.542  0.246  0.077  0.086   2.153e+01   4.931e+00   1.570e+00   1.740e+00  32  sdss  6518  82S  2 
   33  54040.227170  0  23.170  2.006  0.502  1.244   1.953e+00   3.705e+00   9.896e-01   2.451e+00  20  sdss  6518  82S  2 
   33  54048.216929  1  21.768  0.150  0.032  0.067   6.978e+00   9.541e-01   2.041e-01   4.269e-01  31  sdss  6533  82N  1 
    1  54048.213612  2  20.872  0.069  0.010  0.023   1.618e+01   1.031e+00   1.470e-01   3.452e-01  31  sdss  6533  82N  1 
   32  54048.214441  3  20.975  0.101  0.016  0.025   1.452e+01   1.351e+00   2.148e-01   3.389e-01  33  sdss  6533  82N  1 
   32  54048.216100  4  20.519  0.188  0.073  0.078   2.200e+01   3.871e+00   1.507e+00   1.610e+00  32  sdss  6533  82N  1 
  161  54048.215270  0  23.450  1.531  0.209  1.529   1.440e+00   2.363e+00   3.327e-01   2.436e+00  20  sdss  6533  82N  1 
   33  54049.254384  1  21.918  0.280  0.035  0.191   6.074e+00   1.523e+00   1.942e-01   1.060e+00  31  sdss  6537  82S  2 
   33  54049.251067  2  20.700  0.095  0.040  0.056   1.896e+01   1.654e+00   7.073e-01   9.804e-01  31  sdss  6537  82S  2 
   32  54049.251896  3  21.515  0.207  0.116  0.100   8.800e+00   1.676e+00   9.521e-01   8.167e-01  33  sdss  6537  82S  2 
   32  54049.253555  4  20.656  0.306  0.236  0.177   1.931e+01   5.496e+00   4.340e+00   3.240e+00  32  sdss  6537  82S  2 
   33  54049.252725  0  21.810  0.687  0.113  0.664   7.260e+00   3.941e+00   7.277e-01   4.280e+00  20  sdss  6537  82S  2 
   34  54050.212620  1  21.429  0.157  0.191  0.286   9.544e+00   1.358e+00   1.667e+00   2.492e+00  31  sdss  6542  82S  2 
  162  54050.209303  2  21.111  0.172  0.135  0.180   1.298e+01   2.041e+00   1.618e+00   2.153e+00  31  sdss  6542  82S  2 
   34  54050.210133  3  21.543  0.313  0.513  0.310   8.573e+00   2.441e+00   4.103e+00   2.483e+00  33  sdss  6542  82S  2 
   42  54050.211791  4  22.634  1.293  3.349  1.428   9.755e-01   7.948e+00   1.660e+01   7.081e+00  32  sdss  6542  82S  2 
   42  54050.210962  0  22.255  1.004  1.281  2.813   4.787e+00   3.508e+00   5.530e+00   1.214e+01  20  sdss  6542  82S  2 
   34  54052.220433  1  21.879  0.177  0.170  0.312   6.297e+00   1.014e+00   9.831e-01   1.801e+00  31  sdss  6552  82N  1 
   32  54052.217116  2  21.352  0.136  0.050  0.108   1.039e+01   1.295e+00   4.800e-01   1.038e+00  31  sdss  6552  82N  1 
   32  54052.217946  3  21.017  0.164  0.110  0.097   1.396e+01   2.108e+00   1.424e+00   1.259e+00  33  sdss  6552  82N  1 
   32  54052.219604  4  21.068  0.698  0.504  0.506   1.293e+01   8.158e+00   6.462e+00   6.490e+00  32  sdss  6552  82N  1 
   34  54052.218775  0  23.334  1.485  0.318  4.247   1.639e+00   2.369e+00   5.508e-01   7.369e+00  20  sdss  6552  82N  1 
   32  54053.218424  1  21.907  0.129  0.065  0.115   6.136e+00   7.224e-01   3.655e-01   6.491e-01  31  sdss  6555  82S  2 
   32  54053.215107  2  20.965  0.089  0.018  0.040   1.485e+01   1.222e+00   2.504e-01   5.447e-01  31  sdss  6555  82S  2 
   32  54053.215936  3  20.963  0.096  0.046  0.038   1.468e+01   1.308e+00   6.250e-01   5.166e-01  33  sdss  6555  82S  2 
   32  54053.217595  4  20.864  0.283  0.065  0.145   1.581e+01   4.244e+00   9.871e-01   2.211e+00  32  sdss  6555  82S  2 
   32  54053.216765  0  23.326  1.217  0.119  1.925   1.653e+00   1.924e+00   2.081e-01   3.360e+00  20  sdss  6555  82S  2 
   32  54054.238953  1  21.320  0.171  0.093  0.222   1.055e+01   1.634e+00   8.993e-01   2.144e+00  31  sdss  6559  82N  1 
   34  54054.235636  2  21.133  0.145  0.140  0.179   1.272e+01   1.687e+00   1.644e+00   2.104e+00  31  sdss  6559  82N  1 
   34  54054.236465  3  21.646  0.325  0.250  0.298   7.789e+00   2.305e+00   1.820e+00   2.168e+00  33  sdss  6559  82N  1 
   34  54054.238124  4  21.128  0.682  0.649  0.631   1.218e+01   7.620e+00   7.900e+00   7.687e+00  32  sdss  6559  82N  1 
    2  54054.237295  0  26.769  1.186  0.253  3.491  -3.575e+00   3.055e+00   8.310e-01   1.147e+01  20  sdss  6559  82N  1 
   32  54055.216594  1  21.979  0.151  0.026  0.156   5.740e+00   7.896e-01   1.359e-01   8.233e-01  31  sdss  6564  82N  1 
   32  54055.213278  2  21.330  0.103  0.042  0.058   1.060e+01   1.002e+00   4.135e-01   5.693e-01  31  sdss  6564  82N  1 
   32  54055.214107  3  21.346  0.155  0.063  0.070   1.030e+01   1.477e+00   6.000e-01   6.727e-01  33  sdss  6564  82N  1 
   32  54055.215765  4  21.291  0.439  0.077  0.262   1.031e+01   4.512e+00   8.147e-01   2.784e+00  32  sdss  6564  82N  1 
    0  54055.214936  0  25.657  1.333  0.182  2.560  -1.099e+00   1.863e+00   2.496e-01   3.502e+00  20  sdss  6564  82N  1 
   32  54056.219762  1  21.580  0.131  0.068  0.167   8.302e+00   9.911e-01   5.171e-01   1.269e+00  31  sdss  6568  82S  2 
   34  54056.216446  2  21.105  0.128  0.101  0.124   1.305e+01   1.533e+00   1.218e+00   1.492e+00  31  sdss  6568  82S  2 
   32  54056.217275  3  21.321  0.197  0.164  0.148   1.054e+01   1.914e+00   1.610e+00   1.452e+00  33  sdss  6568  82S  2 
   32  54056.218933  4  22.647  1.040  0.790  0.773   9.108e-01   5.922e+00   3.911e+00   3.824e+00  32  sdss  6568  82S  2 
   34  54056.218104  0  23.082  1.665  0.356  3.231   2.139e+00   2.976e+00   7.521e-01   6.831e+00  20  sdss  6568  82S  2 
   32  54058.214674  1  22.655  0.285  0.190  0.314   3.055e+00   7.934e-01   5.391e-01   8.940e-01  31  sdss  6577  82N  1 
   32  54058.211358  2  21.256  0.106  0.052  0.067   1.135e+01   1.110e+00   5.454e-01   7.002e-01  31  sdss  6577  82N  1 
   32  54058.212187  3  21.516  0.188  0.081  0.079   8.792e+00   1.523e+00   6.628e-01   6.453e-01  33  sdss  6577  82N  1 
   32  54058.213845  4  20.552  0.270  0.133  0.164   2.132e+01   5.344e+00   2.676e+00   3.297e+00  32  sdss  6577  82N  1 
   40  54058.213016  0  21.870  0.362  0.363  0.805   6.865e+00   2.134e+00   2.218e+00   4.914e+00  20  sdss  6577  82N  1 
  162  54059.213746  1  21.698  0.158  0.090  0.265   7.445e+00   1.068e+00   6.098e-01   1.802e+00  31  sdss  6580  82S  2 
   32  54059.210429  2  21.205  0.127  0.033  0.123   1.190e+01   1.393e+00   3.608e-01   1.347e+00  31  sdss  6580  82S  2 
   34  54059.211258  3  21.477  0.227  0.113  0.224   9.117e+00   1.900e+00   9.564e-01   1.900e+00  33  sdss  6580  82S  2 
  160  54059.212917  4  21.605  0.798  0.888  0.699   7.345e+00   6.248e+00   7.381e+00   5.812e+00  32  sdss  6580  82S  2 
   42  54059.212087  0  21.665  0.413  0.413  1.068   8.308e+00   2.904e+00   3.040e+00   7.862e+00  20  sdss  6580  82S  2 
   32  54060.236157  1  22.247  0.166  0.059  0.123   4.476e+00   6.805e-01   2.414e-01   5.085e-01  31  sdss  6584  82N  1 
   32  54060.232840  2  21.256  0.090  0.019  0.039   1.135e+01   9.377e-01   1.977e-01   4.129e-01  31  sdss  6584  82N  1 
   32  54060.233669  3  21.345  0.137  0.023  0.039   1.031e+01   1.311e+00   2.232e-01   3.763e-01  33  sdss  6584  82N  1 
   32  54060.235328  4  21.011  0.294  0.113  0.112   1.369e+01   3.886e+00   1.518e+00   1.506e+00  32  sdss  6584  82N  1 
   40  54060.234498  0  24.102  1.478  1.187  3.320   5.711e-01   1.976e+00   1.295e+00   3.622e+00  20  sdss  6584  82N  1 
  162  54062.218755  1  21.991  0.210  0.185  0.346   5.676e+00   1.079e+00   9.628e-01   1.803e+00  31  sdss  6596  82S  2 
   32  54062.215439  2  21.196  0.129  0.033  0.109   1.200e+01   1.424e+00   3.650e-01   1.207e+00  31  sdss  6596  82S  2 
   32  54062.216268  3  21.574  0.237  0.129  0.146   8.330e+00   1.814e+00   1.004e+00   1.138e+00  33  sdss  6596  82S  2 
   32  54062.217926  4  20.702  0.402  0.289  0.251   1.848e+01   6.811e+00   5.091e+00   4.431e+00  32  sdss  6596  82S  2 
   38  54062.217097  0  22.070  0.626  0.143  1.252   5.693e+00   2.897e+00   7.262e-01   6.380e+00  20  sdss  6596  82S  2 
   32  54063.204896  1  22.487  0.229  0.058  0.224   3.577e+00   7.476e-01   1.921e-01   7.426e-01  31  sdss  6600  82N  1 
   32  54063.201579  2  21.421  0.115  0.038  0.061   9.744e+00   1.036e+00   3.438e-01   5.523e-01  31  sdss  6600  82N  1 
   32  54063.202408  3  21.538  0.190  0.064  0.065   8.614e+00   1.509e+00   5.107e-01   5.260e-01  33  sdss  6600  82N  1 
   32  54063.204067  4  21.952  0.902  0.599  0.498   4.781e+00   5.889e+00   3.925e+00   3.262e+00  32  sdss  6600  82N  1 
    0  54063.203237  0  25.978  1.242  0.426  2.616  -1.604e+00   1.939e+00   7.288e-01   4.473e+00  20  sdss  6600  82N  1 
