# SDSS CID:  18831 IAU:          RA:  50.134560 DEC:   1.101352  (J2000)
# GALAXY_SB [ugriz] = [ 24.48 24.56 24.02 23.32 22.20 ] +/- [  0.23  0.09  0.10  0.10  0.11 ] (asinh mag/square arcsec)
# GALAXY_SB_FLUX [ugriz] = [  1.459E-01  3.406E-01  6.846E-01  1.437E+00  3.247E+00 ] +/- [  2.250E-01  6.002E-02  1.016E-01  1.775E-01  6.102E-01 ] (microJy per square arcsec)
#FLAG  MJD       FILT  MAG     MERR  MSKYERR MGALERR  FLUX       FLUXERR    SKYERR     GALERR    NPRE TELE   RUN  STRIP  IDCCD
    1  54346.456509  1  22.794  0.441  0.485  0.169   2.682e+00   1.066e+00   1.230e+00   4.284e-01  22  sdss  6921  82N  6 
    1  54346.453191  2  22.005  0.233  0.129  0.129   5.672e+00   1.217e+00   6.856e-01   6.874e-01  23  sdss  6921  82N  6 
    0  54346.454020  3  22.312  0.380  0.299  0.266   4.151e+00   1.477e+00   1.204e+00   1.069e+00  25  sdss  6921  82N  6 
   32  54346.455679  4  21.562  0.473  0.216  0.492   7.716e+00   3.960e+00   1.863e+00   4.245e+00  22  sdss  6921  82N  6 
    1  54346.454850  0  25.543  1.775  1.120  1.361  -9.460e-01   2.733e+00   1.442e+00   1.753e+00  16  sdss  6921  82N  6 
    1  54348.460752  1  23.022  0.358  0.187  0.171   2.158e+00   7.202e-01   3.875e-01   3.554e-01  22  sdss  6934  82N  6 
    0  54348.457434  2  21.826  0.159  0.106  0.103   6.699e+00   9.867e-01   6.611e-01   6.430e-01  23  sdss  6934  82N  6 
    0  54348.458264  3  21.984  0.268  0.157  0.201   5.674e+00   1.416e+00   8.439e-01   1.083e+00  25  sdss  6934  82N  6 
    0  54348.459922  4  21.599  0.518  0.313  0.432   7.401e+00   4.210e+00   2.626e+00   3.620e+00  22  sdss  6934  82N  6 
    4  54348.459093  0  21.875  0.348  0.147  0.259   6.833e+00   2.088e+00   9.133e-01   1.607e+00  16  sdss  6934  82N  6 
    0  54358.417369  1  23.011  0.278  0.297  0.265   2.181e+00   5.718e-01   6.219e-01   5.543e-01  22  sdss  6958  82N  6 
    0  54358.414052  2  22.341  0.209  0.149  0.145   4.138e+00   8.081e-01   5.815e-01   5.676e-01  23  sdss  6958  82N  6 
   32  54358.414881  3  22.814  0.551  0.281  0.404   2.520e+00   1.367e+00   7.357e-01   1.057e+00  25  sdss  6958  82N  6 
   32  54358.416540  4  21.921  0.691  0.448  0.597   4.991e+00   4.567e+00   3.000e+00   4.001e+00  22  sdss  6958  82N  6 
    4  54358.415710  0  22.610  0.548  0.158  0.483   3.413e+00   1.645e+00   5.087e-01   1.552e+00  16  sdss  6958  82N  6 
    0  54365.451027  1  22.609  0.150  0.062  0.067   3.193e+00   4.464e-01   1.856e-01   2.002e-01  22  sdss  6982  82N  6 
    0  54365.447709  2  22.217  0.170  0.071  0.109   4.648e+00   7.390e-01   3.123e-01   4.760e-01  23  sdss  6982  82N  6 
   32  54365.448539  3  22.835  0.468  0.245  0.298   2.465e+00   1.158e+00   6.303e-01   7.662e-01  25  sdss  6982  82N  6 
    0  54365.450197  4  21.383  0.353  0.170  0.229   9.370e+00   3.428e+00   1.687e+00   2.273e+00  22  sdss  6982  82N  6 
    8  54365.449368  0  23.221  0.720  0.360  0.459   1.851e+00   1.287e+00   6.928e-01   8.817e-01  16  sdss  6982  82N  6 
    0  54381.471753  1  22.844  0.211  0.072  0.129   2.557e+00   5.064e-01   1.745e-01   3.132e-01  22  sdss  7034  82N  6 
    0  54381.468436  2  22.086  0.169  0.097  0.117   5.259e+00   8.278e-01   4.789e-01   5.767e-01  23  sdss  7034  82N  6 
    0  54381.469265  3  22.193  0.297  0.151  0.211   4.654e+00   1.297e+00   6.735e-01   9.406e-01  25  sdss  7034  82N  6 
    0  54381.470924  4  21.467  0.452  0.252  0.334   8.565e+00   4.063e+00   2.335e+00   3.102e+00  22  sdss  7034  82N  6 
    8  54381.470095  0  23.857  1.241  1.380  1.191   8.583e-01   1.632e+00   1.708e+00   1.474e+00  16  sdss  7034  82N  6 
    0  54386.464078  1  23.030  0.242  0.212  0.130   2.141e+00   4.908e-01   4.372e-01   2.671e-01  22  sdss  7054  82N  6 
    0  54386.460761  2  22.118  0.182  0.115  0.105   5.104e+00   8.625e-01   5.530e-01   5.029e-01  23  sdss  7054  82N  6 
    0  54386.461590  3  22.213  0.312  0.267  0.199   4.565e+00   1.338e+00   1.170e+00   8.733e-01  25  sdss  7054  82N  6 
   32  54386.463249  4  21.969  0.537  0.354  0.403   4.675e+00   3.468e+00   2.307e+00   2.622e+00  22  sdss  7054  82N  6 
  132  54386.462420  0  25.356  1.355  0.382  1.187  -7.150e-01   1.782e+00   4.437e-01   1.379e+00  16  sdss  7054  82N  6 
    0  54388.468256  1  23.010  0.238  0.108  0.124   2.183e+00   4.908e-01   2.258e-01   2.591e-01  22  sdss  7060  82N  6 
    0  54388.464938  2  22.027  0.162  0.074  0.087   5.557e+00   8.355e-01   3.860e-01   4.550e-01  23  sdss  7060  82N  6 
   32  54388.465768  3  22.576  0.415  0.261  0.245   3.205e+00   1.277e+00   8.325e-01   7.830e-01  25  sdss  7060  82N  6 
    0  54388.467426  4  21.430  0.415  0.058  0.238   8.912e+00   3.855e+00   5.499e-01   2.278e+00  22  sdss  7060  82N  6 
    8  54388.466597  0  22.829  0.648  0.423  0.446   2.759e+00   1.583e+00   1.123e+00   1.186e+00  16  sdss  7060  82N  6 
    0  54392.466370  1  22.935  0.249  0.151  0.180   2.345e+00   5.493e-01   3.388e-01   4.028e-01  22  sdss  7077  82N  6 
    0  54392.463053  2  23.247  0.538  0.333  0.339   1.713e+00   9.084e-01   5.913e-01   6.014e-01  23  sdss  7077  82N  6 
   32  54392.463882  3  22.603  0.450  0.196  0.288   3.120e+00   1.346e+00   6.132e-01   8.986e-01  25  sdss  7077  82N  6 
    0  54392.465541  4  21.313  0.435  0.224  0.320   1.008e+01   4.415e+00   2.351e+00   3.359e+00  22  sdss  7077  82N  6 
  160  54392.464711  0  24.646  1.312  0.351  1.378   1.859e-02   1.604e+00   3.403e-01   1.336e+00  16  sdss  7077  82N  6 
    0  54393.472221  1  22.982  0.273  0.185  0.203   2.242e+00   5.747e-01   3.967e-01   4.358e-01  22  sdss  7081  82N  6 
    0  54393.468904  2  22.069  0.232  0.132  0.187   5.344e+00   1.147e+00   6.593e-01   9.388e-01  23  sdss  7081  82N  6 
   32  54393.469733  3  22.538  0.509  0.271  0.356   3.331e+00   1.592e+00   8.953e-01   1.176e+00  25  sdss  7081  82N  6 
  160  54393.471392  4  22.495  0.840  0.403  0.614   1.673e+00   4.649e+00   2.059e+00   3.140e+00  22  sdss  7081  82N  6 
  128  54393.470563  0  26.178  1.039  0.559  0.861  -1.987e+00   1.851e+00   1.135e+00   1.747e+00  16  sdss  7081  82N  6 
    3  54396.336007  1  22.856  0.898  0.473  0.390   2.528e+00   1.816e+00   1.136e+00   9.361e-01  22  sdss  7095  82N  6 
    1  54396.332690  2  22.436  0.556  0.438  0.415   3.784e+00   1.854e+00   1.574e+00   1.489e+00  23  sdss  7095  82N  6 
   34  54396.333519  3  24.120  1.519  1.886  2.466   2.884e-01   2.460e+00   2.290e+00   2.993e+00  25  sdss  7095  82N  6 
   34  54396.335178  4  21.779  0.951  0.958  1.247   5.988e+00   6.740e+00   7.063e+00   9.186e+00  22  sdss  7095  82N  6 
    1  54396.334349  0  25.786  2.820  4.305  3.162  -1.289e+00   7.134e+00   6.496e+00   4.769e+00  16  sdss  7095  82N  6 
   29  54403.382744  1  23.241  2.278  7.072  0.197   1.745e+00   3.075e+00   1.210e+01   3.368e-01  22  sdss  7106  82N  6 
 1053  54403.379427  2  22.452  0.786  8.065  0.145   3.727e+00   2.420e+00   2.855e+01   5.150e-01  23  sdss  7106  82N  6 
 1085  54403.380256  3  22.775  1.676 10.862  0.334   2.623e+00   3.748e+00   2.934e+01   9.023e-01  25  sdss  7106  82N  6 
   45  54403.381915  4  22.075  1.993  4.726  0.507   4.000e+00   1.662e+01   2.889e+01   3.100e+00  22  sdss  7106  82N  6 
    5  54403.381086  0  22.776  2.641  1.089  0.422   2.907e+00   6.566e+00   3.026e+00   1.172e+00  16  sdss  7106  82N  6 
    1  54406.376523  1  22.973  0.262  0.106  0.111   2.262e+00   5.585e-01   2.287e-01   2.398e-01  22  sdss  7121  82N  6 
    0  54406.373206  2  22.399  0.220  0.097  0.111   3.918e+00   8.064e-01   3.595e-01   4.126e-01  23  sdss  7121  82N  6 
    0  54406.374036  3  22.176  0.269  0.084  0.161   4.729e+00   1.199e+00   3.821e-01   7.293e-01  25  sdss  7121  82N  6 
    0  54406.375694  4  21.660  0.426  0.108  0.301   6.901e+00   3.346e+00   8.684e-01   2.412e+00  22  sdss  7121  82N  6 
    8  54406.374865  0  24.762  1.273  1.212  0.991  -9.399e-02   1.538e+00   1.179e+00   9.634e-01  16  sdss  7121  82N  6 
    0  54409.381376  1  23.170  0.261  0.111  0.132   1.870e+00   4.674e-01   2.029e-01   2.409e-01  22  sdss  7130  82N  6 
    0  54409.378059  2  22.740  0.296  0.129  0.156   2.832e+00   7.944e-01   3.540e-01   4.266e-01  23  sdss  7130  82N  6 
  160  54409.378888  3  22.458  0.375  0.175  0.218   3.603e+00   1.285e+00   6.193e-01   7.731e-01  25  sdss  7130  82N  6 
   32  54409.380547  4  22.067  0.641  0.380  0.407   4.049e+00   3.948e+00   2.337e+00   2.502e+00  22  sdss  7130  82N  6 
    0  54409.379718  0  23.888  1.133  0.172  0.829   8.193e-01   1.448e+00   2.094e-01   1.008e+00  16  sdss  7130  82N  6 
    0  54412.402534  1  23.096  0.330  0.378  0.188   2.009e+00   6.246e-01   7.341e-01   3.651e-01  22  sdss  7142  82N  6 
    0  54412.399217  2  22.158  0.256  0.227  0.149   4.913e+00   1.162e+00   1.047e+00   6.892e-01  23  sdss  7142  82N  6 
   36  54412.400046  3  22.188  0.449  0.335  0.327   4.675e+00   1.918e+00   1.505e+00   1.469e+00  25  sdss  7142  82N  6 
    4  54412.401705  4  20.724  0.365  0.222  0.216   1.809e+01   6.140e+00   3.853e+00   3.762e+00  22  sdss  7142  82N  6 
    4  54412.400876  0  25.436  1.529  0.581  1.332  -8.100e-01   2.140e+00   7.033e-01   1.613e+00  16  sdss  7142  82N  6 
    0  54416.375327  1  23.265  0.277  0.080  0.119   1.704e+00   4.564e-01   1.341e-01   1.991e-01  22  sdss  7155  82N  6 
    0  54416.372010  2  22.468  0.218  0.082  0.106   3.670e+00   7.518e-01   2.865e-01   3.687e-01  23  sdss  7155  82N  6 
    0  54416.372839  3  22.509  0.366  0.123  0.174   3.427e+00   1.203e+00   4.157e-01   5.902e-01  25  sdss  7155  82N  6 
    0  54416.374498  4  21.459  0.403  0.174  0.204   8.639e+00   3.666e+00   1.625e+00   1.907e+00  22  sdss  7155  82N  6 
    0  54416.373668  0  23.057  0.703  0.059  0.351   2.195e+00   1.419e+00   1.300e-01   7.712e-01  16  sdss  7155  82N  6 
    0  54421.381060  1  22.908  0.240  0.126  0.171   2.406e+00   5.413e-01   2.900e-01   3.915e-01  22  sdss  7170  82N  6 
    0  54421.377743  2  22.715  0.406  0.314  0.408   2.901e+00   1.093e+00   8.808e-01   1.144e+00  23  sdss  7170  82N  6 
   32  54421.378572  3  22.112  0.429  0.342  0.479   5.027e+00   1.970e+00   1.644e+00   2.299e+00  25  sdss  7170  82N  6 
   32  54421.380231  4  22.373  0.938  0.754  0.828   2.309e+00   5.412e+00   4.014e+00   4.405e+00  22  sdss  7170  82N  6 
    0  54421.379402  0  25.191  1.524  0.543  2.236  -5.290e-01   2.063e+00   5.853e-01   2.412e+00  16  sdss  7170  82N  6 
    0  54423.357590  1  23.275  0.308  0.193  0.215   1.687e+00   5.009e-01   3.200e-01   3.580e-01  22  sdss  7177  82N  6 
    0  54423.354272  2  22.303  0.213  0.139  0.168   4.288e+00   8.508e-01   5.613e-01   6.799e-01  23  sdss  7177  82N  6 
   32  54423.355102  3  22.524  0.389  0.213  0.298   3.377e+00   1.258e+00   7.110e-01   9.963e-01  25  sdss  7177  82N  6 
   32  54423.356760  4  22.280  0.669  0.489  0.615   2.812e+00   3.804e+00   2.700e+00   3.399e+00  22  sdss  7177  82N  6 
    0  54423.355931  0  23.455  1.024  0.252  0.903   1.432e+00   1.539e+00   4.057e-01   1.452e+00  16  sdss  7177  82N  6 
 1153  54433.380211  1  22.421  0.464  0.376  0.180   3.807e+00   1.561e+00   1.339e+00   6.418e-01  22  sdss  7202  82N  6 
   33  54433.376894  2  23.307  1.058  0.612  0.501   1.610e+00   1.564e+00   1.036e+00   8.463e-01  23  sdss  7202  82N  6 
  160  54433.377723  3  22.329  0.611  0.297  0.433   4.084e+00   2.229e+00   1.179e+00   1.714e+00  25  sdss  7202  82N  6 
    0  54433.379382  4  23.054  1.121  0.831  1.008  -1.085e+00   6.544e+00   4.136e+00   5.019e+00  22  sdss  7202  82N  6 
    1  54433.378553  0  23.765  2.365  0.690  2.187   9.757e-01   4.678e+00   9.013e-01   2.855e+00  16  sdss  7202  82N  6 
