# SDSS CID:   1971 IAU: 2006oz   RA: 332.189056 DEC:   0.891130  (J2000)
# GALAXY_SB [ugriz] = [ 23.30 22.99 22.51 21.99 22.02 ] +/- [  0.22  0.05  0.05  0.05  0.13 ] (asinh mag/square arcsec)
# GALAXY_SB_FLUX [ugriz] = [  1.644E+00  2.207E+00  3.521E+00  5.643E+00  4.326E+00 ] +/- [  3.974E-01  1.094E-01  1.692E-01  2.866E-01  8.296E-01 ] (microJy per square arcsec)
#FLAG  MJD       FILT  MAG     MERR  MSKYERR MGALERR  FLUX       FLUXERR    SKYERR     GALERR    NPRE TELE   RUN  STRIP  IDCCD
   34  53622.251707  1  22.647  0.298  0.416  0.634   3.078e+00   8.470e-01   1.209e+00   1.841e+00  11  sdss  5582  82S  6 
   32  53622.248390  2  22.567  0.338  0.118  0.535   3.343e+00   1.051e+00   3.781e-01   1.712e+00  11  sdss  5582  82S  6 
   32  53622.249219  3  22.901  0.804  0.569  1.274   2.301e+00   1.792e+00   1.388e+00   3.111e+00  11  sdss  5582  82S  6 
    0  53622.250878  4  21.010  0.487  0.224  0.653   1.369e+01   6.295e+00   3.043e+00   8.865e+00  11  sdss  5582  82S  6 
   10  53622.250049  0  21.151  0.204  0.315  0.545   1.338e+01   2.449e+00   3.824e+00   6.609e+00  5  sdss  5582  82S  6 
    1  53625.247372  1  22.779  0.230  0.090  0.135   2.719e+00   5.864e-01   2.331e-01   3.493e-01  11  sdss  5597  82S  6 
   32  53625.244055  2  22.506  0.246  0.061  0.142   3.543e+00   8.180e-01   2.068e-01   4.803e-01  11  sdss  5597  82S  6 
   32  53625.244884  3  22.128  0.274  0.085  0.183   4.950e+00   1.275e+00   4.028e-01   8.666e-01  11  sdss  5597  82S  6 
   32  53625.246543  4  21.808  0.548  0.240  0.408   5.772e+00   3.883e+00   1.735e+00   2.951e+00  11  sdss  5597  82S  6 
    0  53625.245713  0  22.897  0.703  0.117  0.569   2.578e+00   1.615e+00   2.943e-01   1.437e+00  5  sdss  5597  82S  6 
   33  53627.208522  1  24.750  1.426  0.586  0.936   2.209e-01   1.119e+00   3.655e-01   5.834e-01  11  sdss  5607  82S  6 
   33  53627.205205  2  22.303  0.295  0.112  0.195   4.290e+00   1.169e+00   4.536e-01   7.908e-01  11  sdss  5607  82S  6 
   32  53627.206035  3  22.093  0.341  0.089  0.274   5.118e+00   1.622e+00   4.357e-01   1.342e+00  11  sdss  5607  82S  6 
   32  53627.207693  4  22.233  0.798  0.104  0.679   3.077e+00   4.674e+00   5.871e-01   3.834e+00  11  sdss  5607  82S  6 
    1  53627.206864  0  23.400  1.659  0.353  1.409   1.523e+00   2.682e+00   5.943e-01   2.371e+00  5  sdss  5607  82S  6 
 1185  53634.200816  1  24.721  2.563  2.065  4.755   2.391e-01   3.365e+00   1.298e+00   2.991e+00  11  sdss  5619  82S  6 
   33  53634.197499  2  23.526  2.101  1.939  3.189   1.271e+00   3.185e+00   2.761e+00   4.541e+00  11  sdss  5619  82S  6 
   34  53634.198329  3  22.569  0.939  0.528  1.922   3.230e+00   2.598e+00   1.700e+00   6.192e+00  11  sdss  5619  82S  6 
 1154  53634.199987  4  20.833  0.536  0.624  1.112   1.629e+01   7.970e+00   9.900e+00   1.764e+01  11  sdss  5619  82S  6 
    3  53634.199158  0  21.175  0.453  0.213  0.935   1.308e+01   5.092e+00   2.529e+00   1.109e+01  5  sdss  5619  82S  6 
    1  53636.206203  1  22.614  0.236  0.083  0.159   3.176e+00   6.957e-01   2.482e-01   4.760e-01  11  sdss  5628  82S  6 
   32  53636.202885  2  22.664  0.305  0.101  0.224   3.048e+00   8.751e-01   2.958e-01   6.579e-01  11  sdss  5628  82S  6 
   32  53636.203715  3  22.479  0.398  0.181  0.302   3.529e+00   1.337e+00   6.310e-01   1.051e+00  11  sdss  5628  82S  6 
   32  53636.205373  4  21.860  0.636  0.235  0.543   5.404e+00   4.353e+00   1.639e+00   3.795e+00  11  sdss  5628  82S  6 
    0  53636.204544  0  23.284  1.127  0.060  1.009   1.731e+00   1.852e+00   1.100e-01   1.856e+00  5  sdss  5628  82S  6 
   32  53648.247939  1  23.064  0.352  0.117  0.482   2.071e+00   6.836e-01   2.353e-01   9.643e-01  11  sdss  5698  82S  6 
   32  53648.244622  2  22.590  0.364  0.341  0.545   3.271e+00   1.104e+00   1.070e+00   1.709e+00  11  sdss  5698  82S  6 
   32  53648.245451  3  21.910  0.304  0.168  0.398   6.084e+00   1.709e+00   9.703e-01   2.295e+00  11  sdss  5698  82S  6 
   32  53648.247110  4  22.466  0.997  0.860  1.200   1.824e+00   5.731e+00   4.440e+00   6.192e+00  11  sdss  5698  82S  6 
    4  53648.246281  0  22.071  0.488  0.147  0.879   5.690e+00   2.404e+00   7.713e-01   4.599e+00  5  sdss  5698  82S  6 
   33  53655.176988  1  24.191  1.443  0.178  1.181   6.145e-01   1.244e+00   1.455e-01   9.661e-01  11  sdss  5713  82S  6 
   33  53655.173672  2  23.519  1.217  0.375  1.332   1.281e+00   1.581e+00   5.364e-01   1.906e+00  11  sdss  5713  82S  6 
   32  53655.174501  3  22.488  0.554  0.156  0.629   3.498e+00   1.794e+00   5.389e-01   2.172e+00  11  sdss  5713  82S  6 
   32  53655.176159  4  21.737  0.732  0.315  0.804   6.295e+00   5.353e+00   2.391e+00   6.114e+00  11  sdss  5713  82S  6 
  129  53655.175330  0  26.236  1.793  0.619  2.249  -2.110e+00   3.268e+00   1.325e+00   4.811e+00  5  sdss  5713  82S  6 
   33  53664.201519  1  22.761  0.527  0.116  0.467   2.764e+00   1.292e+00   3.049e-01   1.223e+00  11  sdss  5754  82S  6 
   33  53664.198202  2  23.591  1.181  0.191  1.444   1.181e+00   1.482e+00   2.590e-01   1.957e+00  11  sdss  5754  82S  6 
   32  53664.199032  3  21.954  0.379  0.239  0.576   5.836e+00   2.027e+00   1.324e+00   3.190e+00  11  sdss  5754  82S  6 
  160  53664.200690  4  22.612  1.084  0.603  1.851   1.084e+00   6.269e+00   3.003e+00   9.218e+00  11  sdss  5754  82S  6 
    1  53664.199861  0  21.798  0.544  0.081  0.737   7.343e+00   3.382e+00   5.432e-01   4.941e+00  5  sdss  5754  82S  6 
    0  53666.164853  1  22.713  0.183  0.064  0.145   2.893e+00   4.977e-01   1.744e-01   3.970e-01  11  sdss  5763  82S  6 
   32  53666.161536  2  22.827  0.322  0.106  0.223   2.605e+00   7.999e-01   2.698e-01   5.666e-01  11  sdss  5763  82S  6 
   32  53666.162365  3  22.483  0.421  0.132  0.339   3.515e+00   1.405e+00   4.593e-01   1.178e+00  11  sdss  5763  82S  6 
    0  53666.164023  4  21.225  0.435  0.138  0.284   1.104e+01   4.756e+00   1.558e+00   3.222e+00  11  sdss  5763  82S  6 
    0  53666.163194  0  23.107  0.794  0.172  0.732   2.086e+00   1.528e+00   3.641e-01   1.551e+00  5  sdss  5763  82S  6 
   32  53669.160196  1  22.702  0.189  0.090  0.187   2.923e+00   5.172e-01   2.498e-01   5.164e-01  11  sdss  5776  82S  6 
   32  53669.156882  2  22.708  0.317  0.174  0.327   2.922e+00   8.737e-01   4.912e-01   9.224e-01  11  sdss  5776  82S  6 
   32  53669.157709  3  23.001  0.650  0.243  0.602   2.068e+00   1.384e+00   5.471e-01   1.358e+00  11  sdss  5776  82S  6 
    0  53669.159367  4  21.226  0.404  0.181  0.332   1.103e+01   4.432e+00   2.048e+00   3.753e+00  11  sdss  5776  82S  6 
    0  53669.158538  0  22.771  0.607  0.045  0.704   2.920e+00   1.580e+00   1.260e-01   1.980e+00  5  sdss  5776  82S  6 
   32  53671.244714  1  22.719  0.295  0.209  0.506   2.877e+00   7.850e-01   5.683e-01   1.377e+00  11  sdss  5786  82S  6 
   34  53671.241387  2  23.304  0.884  0.424  1.552   1.614e+00   1.346e+00   7.196e-01   2.632e+00  11  sdss  5786  82S  6 
   32  53671.242227  3  22.350  0.528  0.372  0.878   4.002e+00   1.932e+00   1.450e+00   3.422e+00  11  sdss  5786  82S  6 
 1184  53671.243885  4  21.682  0.813  0.425  0.966   6.727e+00   6.109e+00   3.363e+00   7.643e+00  11  sdss  5786  82S  6 
   10  53671.243056  0  21.321  0.315  0.606  0.780   1.143e+01   3.177e+00   6.281e+00   8.089e+00  5  sdss  5786  82S  6 
   32  53674.143802  1  22.755  0.204  0.037  0.213   2.780e+00   5.314e-01   9.778e-02   5.608e-01  11  sdss  5797  82S  6 
   32  53674.140485  2  22.469  0.248  0.025  0.228   3.669e+00   8.516e-01   8.866e-02   7.978e-01  11  sdss  5797  82S  6 
   32  53674.141315  3  21.982  0.253  0.116  0.255   5.684e+00   1.346e+00   6.250e-01   1.377e+00  11  sdss  5797  82S  6 
    0  53674.142973  4  21.551  0.488  0.176  0.468   7.809e+00   4.127e+00   1.537e+00   4.086e+00  11  sdss  5797  82S  6 
    8  53674.142144  0  22.057  0.285  0.217  0.343   5.766e+00   1.480e+00   1.148e+00   1.819e+00  5  sdss  5797  82S  6 
    0  53676.233469  1  22.660  0.180  0.067  0.119   3.042e+00   5.113e-01   1.927e-01   3.409e-01  11  sdss  5807  82S  6 
    8  53676.230152  2  22.243  0.194  0.152  0.136   4.538e+00   8.241e-01   6.509e-01   5.831e-01  11  sdss  5807  82S  6 
  160  53676.230982  3  22.017  0.244  0.069  0.179   5.500e+00   1.259e+00   3.636e-01   9.359e-01  11  sdss  5807  82S  6 
    0  53676.232640  4  21.617  0.435  0.042  0.265   7.251e+00   3.527e+00   3.497e-01   2.202e+00  11  sdss  5807  82S  6 
    0  53676.231811  0  23.116  0.881  0.140  0.774   2.066e+00   1.659e+00   2.948e-01   1.629e+00  5  sdss  5807  82S  6 
   32  53679.205025  1  22.608  0.222  0.217  0.352   3.194e+00   6.593e-01   6.542e-01   1.058e+00  11  sdss  5820  82S  6 
   32  53679.201708  2  22.563  0.341  0.180  0.525   3.356e+00   1.065e+00   5.776e-01   1.687e+00  11  sdss  5820  82S  6 
   32  53679.202538  3  22.464  0.494  0.399  0.889   3.582e+00   1.651e+00   1.407e+00   3.137e+00  11  sdss  5820  82S  6 
   32  53679.204196  4  21.491  0.621  0.698  0.967   8.342e+00   5.389e+00   6.376e+00   8.837e+00  11  sdss  5820  82S  6 
    2  53679.203367  0  22.471  0.722  0.257  1.779   3.899e+00   2.349e+00   9.403e-01   6.503e+00  5  sdss  5820  82S  6 
   32  53681.196312  1  22.773  0.212  0.095  0.161   2.734e+00   5.445e-01   2.460e-01   4.165e-01  11  sdss  5836  82S  6 
   32  53681.192995  2  22.879  0.361  0.119  0.310   2.477e+00   8.529e-01   2.900e-01   7.523e-01  11  sdss  5836  82S  6 
   32  53681.193825  3  22.196  0.307  0.109  0.283   4.639e+00   1.337e+00   4.868e-01   1.263e+00  11  sdss  5836  82S  6 
    0  53681.195483  4  21.870  0.551  0.069  0.397   5.334e+00   3.762e+00   4.819e-01   2.754e+00  11  sdss  5836  82S  6 
    0  53681.194654  0  24.750  1.358  0.144  1.988  -8.232e-02   1.688e+00   1.398e-01   1.932e+00  5  sdss  5836  82S  6 
   25  53685.154923  1  21.796  0.248  0.516  0.067   6.798e+00   1.539e+00   3.252e+00   4.242e-01  11  sdss  5853  82S  6 
    9  53685.151606  2  21.949  0.309  0.349  0.123   5.973e+00   1.685e+00   1.951e+00   6.879e-01  11  sdss  5853  82S  6 
   33  53685.152435  3  22.887  0.930  0.279  0.487   2.335e+00   2.052e+00   6.889e-01   1.203e+00  11  sdss  5853  82S  6 
   32  53685.154094  4  22.089  0.868  0.382  0.583   3.915e+00   5.377e+00   2.323e+00   3.542e+00  11  sdss  5853  82S  6 
    1  53685.153265  0  22.533  1.257  0.163  0.486   3.674e+00   3.321e+00   5.624e-01   1.683e+00  5  sdss  5853  82S  6 
    1  53687.192893  1  22.245  0.390  0.072  0.124   4.483e+00   1.568e+00   3.031e-01   5.192e-01  11  sdss  5870  82S  6 
   33  53687.189576  2  22.481  0.480  0.121  0.245   3.627e+00   1.569e+00   4.171e-01   8.485e-01  11  sdss  5870  82S  6 
   33  53687.190405  3  22.194  0.435  0.106  0.321   4.648e+00   1.857e+00   4.721e-01   1.436e+00  11  sdss  5870  82S  6 
   32  53687.192063  4  21.710  0.619  0.288  0.448   6.509e+00   4.641e+00   2.234e+00   3.473e+00  11  sdss  5870  82S  6 
    1  53687.191234  0  22.052  1.121  0.166  0.487   5.792e+00   4.589e+00   8.866e-01   2.591e+00  5  sdss  5870  82S  6 
 1060  53697.151827  1  24.188  2.633  0.983  0.730   6.169e-01   3.635e+00   8.052e-01   5.986e-01  11  sdss  5895  82S  6 
 1037  53697.148510  2  25.409  3.705 23.824  0.915  -5.110e-01   1.315e+01   2.213e+01   8.495e-01  11  sdss  5895  82S  6 
 1028  53697.149339  3  27.137  3.398  1.215  0.166  -8.234e+00   1.683e+01   9.385e+00   1.287e+00  11  sdss  5895  82S  6 
 1028  53697.150998  4  20.136  1.322  0.333  0.127   3.152e+01   2.782e+01   9.871e+00   3.767e+00  11  sdss  5895  82S  6 
 1028  53697.150168  0  20.109  0.435  0.108  0.079   3.497e+01   1.306e+01   3.404e+00   2.514e+00  5  sdss  5895  82S  6 
    0  53700.150429  1  22.473  0.166  0.055  0.162   3.625e+00   5.619e-01   1.867e-01   5.509e-01  11  sdss  5905  82S  6 
   32  53700.147112  2  22.467  0.255  0.056  0.241   3.676e+00   8.779e-01   1.959e-01   8.438e-01  11  sdss  5905  82S  6 
   32  53700.147942  3  22.108  0.296  0.137  0.296   5.045e+00   1.399e+00   6.632e-01   1.432e+00  11  sdss  5905  82S  6 
   32  53700.149600  4  21.662  0.549  0.177  0.474   6.886e+00   4.274e+00   1.425e+00   3.808e+00  11  sdss  5905  82S  6 
    0  53700.148771  0  23.140  0.956  0.090  1.153   2.015e+00   1.749e+00   1.850e-01   2.380e+00  5  sdss  5905  82S  6 
   32  53705.136387  1  22.339  0.163  0.082  0.216   4.107e+00   6.230e-01   3.138e-01   8.289e-01  11  sdss  5924  82S  6 
   32  53705.133070  2  21.962  0.178  0.070  0.237   5.900e+00   9.739e-01   3.875e-01   1.310e+00  11  sdss  5924  82S  6 
   32  53705.133900  3  21.914  0.250  0.085  0.310   6.061e+00   1.412e+00   4.893e-01   1.782e+00  11  sdss  5924  82S  6 
    0  53705.135558  4  21.223  0.382  0.136  0.407   1.106e+01   4.216e+00   1.543e+00   4.617e+00  11  sdss  5924  82S  6 
    0  53705.134729  0  21.857  0.287  0.063  0.444   6.950e+00   1.784e+00   3.994e-01   2.825e+00  5  sdss  5924  82S  6 
