# SDSS CID:  18700 IAU: 2005gc   RA:  20.486786 DEC:  -1.013371  (J2000)
# GALAXY_SB [ugriz] = [ 23.44 22.36 21.61 21.26 20.99 ] +/- [  0.31  0.03  0.02  0.02  0.05 ] (asinh mag/square arcsec)
# GALAXY_SB_FLUX [ugriz] = [  1.398E+00  4.007E+00  8.194E+00  1.114E+01  1.390E+01 ] +/- [  4.973E-01  1.166E-01  1.164E-01  1.572E-01  6.779E-01 ] (microJy per square arcsec)
#FLAG  MJD       FILT  MAG     MERR  MSKYERR MGALERR  FLUX       FLUXERR    SKYERR     GALERR    NPRE TELE   RUN  STRIP  IDCCD
   33  54346.350591  1  22.001  0.295  0.213  0.294   5.623e+00   1.496e+00   1.103e+00   1.527e+00  17  sdss  6920  82N  1 
   33  54346.347273  2  21.837  0.299  0.151  0.257   6.630e+00   1.790e+00   9.278e-01   1.572e+00  17  sdss  6920  82N  1 
   32  54346.348103  3  21.432  0.274  0.189  0.256   9.507e+00   2.358e+00   1.665e+00   2.251e+00  19  sdss  6920  82N  1 
    0  54346.349761  4  23.927  0.819  0.203  1.031  -6.286e+00   5.907e+00   1.522e+00   7.746e+00  20  sdss  6920  82N  1 
   32  54348.380973  1  23.655  0.732  0.111  0.882   1.147e+00   8.158e-01   1.336e-01   1.062e+00  17  sdss  6934  82N  1 
    0  54348.377656  2  24.937  1.245  0.615  1.641  -1.078e-01   1.230e+00   4.952e-01   1.321e+00  17  sdss  6934  82N  1 
   32  54348.378485  3  22.110  0.332  0.089  0.237   5.033e+00   1.539e+00   4.261e-01   1.129e+00  19  sdss  6934  82N  1 
  128  54348.380144  4  24.045  0.635  0.545  0.715  -7.223e+00   4.977e+00   4.462e+00   5.848e+00  20  sdss  6934  82N  1 
   32  54348.379314  0  24.150  1.588  0.352  4.955   5.184e-01   2.196e+00   3.791e-01   5.328e+00  12  sdss  6934  82N  1 
   32  54358.337265  1  22.646  0.245  0.139  0.386   3.084e+00   6.970e-01   4.017e-01   1.114e+00  17  sdss  6958  82N  1 
    0  54358.333948  2  27.143  0.317  0.285  0.368  -3.697e+00   1.076e+00   9.918e-01   1.282e+00  17  sdss  6958  82N  1 
   32  54358.334777  3  22.825  0.740  0.469  0.600   2.492e+00   1.747e+00   1.208e+00   1.545e+00  19  sdss  6958  82N  1 
   32  54358.336436  4  21.254  0.527  0.448  0.492   1.071e+01   5.463e+00   4.884e+00   5.363e+00  20  sdss  6958  82N  1 
    0  54358.335607  0  26.134  1.272  0.171  3.441  -1.899e+00   2.168e+00   3.370e-01   6.761e+00  12  sdss  6958  82N  1 
   36  54359.331247  1  23.118  1.035  0.501  0.860   1.967e+00   1.613e+00   9.493e-01   1.632e+00  17  sdss  6963  82N  1 
   36  54359.327930  2  22.529  0.554  0.232  0.311   3.466e+00   1.687e+00   7.612e-01   1.019e+00  17  sdss  6963  82N  1 
   36  54359.328759  3  22.365  0.751  0.441  0.326   3.941e+00   2.539e+00   1.678e+00   1.241e+00  19  sdss  6963  82N  1 
    4  54359.330418  4  24.159  1.551  1.321  0.749  -8.200e+00   1.267e+01   1.177e+01   6.675e+00  20  sdss  6963  82N  1 
    4  54359.329589  0  25.388  2.033  0.463  4.730  -7.529e-01   3.412e+00   5.481e-01   5.593e+00  12  sdss  6963  82N  1 
   32  54365.370660  1  23.459  0.396  0.133  0.507   1.404e+00   5.431e-01   1.877e-01   7.179e-01  17  sdss  6982  82N  1 
   32  54365.367343  2  23.323  0.486  0.060  0.273   1.582e+00   7.737e-01   9.957e-02   4.524e-01  17  sdss  6982  82N  1 
   32  54365.368172  3  22.547  0.381  0.125  0.178   3.301e+00   1.200e+00   4.071e-01   5.769e-01  19  sdss  6982  82N  1 
    0  54365.369831  4  23.241  0.694  0.174  0.583  -2.038e+00   3.793e+00   9.077e-01   3.040e+00  20  sdss  6982  82N  1 
   40  54365.369001  0  24.010  1.095  0.856  2.292   6.748e-01   1.348e+00   9.787e-01   2.622e+00  12  sdss  6982  82N  1 
   32  54381.390701  1  20.770  0.043  0.030  0.062   1.753e+01   6.957e-01   4.784e-01   9.980e-01  17  sdss  7034  82N  1 
    0  54381.387384  2  20.228  0.047  0.007  0.027   2.931e+01   1.263e+00   1.788e-01   7.268e-01  17  sdss  7034  82N  1 
   32  54381.388213  3  20.057  0.054  0.020  0.032   3.388e+01   1.664e+00   6.296e-01   9.941e-01  19  sdss  7034  82N  1 
   32  54381.389872  4  19.824  0.116  0.068  0.104   4.215e+01   4.456e+00   2.614e+00   4.009e+00  20  sdss  7034  82N  1 
   32  54381.389043  0  21.696  0.252  0.031  0.622   8.075e+00   1.815e+00   2.251e-01   4.565e+00  12  sdss  7034  82N  1 
    0  54384.397132  1  20.563  0.036  0.016  0.031   2.120e+01   7.059e-01   3.076e-01   6.089e-01  17  sdss  7047  82N  1 
    0  54384.393814  2  20.226  0.035  0.004  0.016   2.936e+01   9.328e-01   1.080e-01   4.297e-01  17  sdss  7047  82N  1 
    0  54384.394644  3  19.945  0.040  0.010  0.015   3.756e+01   1.393e+00   3.446e-01   5.057e-01  19  sdss  7047  82N  1 
   32  54384.396302  4  20.050  0.140  0.043  0.103   3.416e+01   4.370e+00   1.352e+00   3.249e+00  20  sdss  7047  82N  1 
  128  54384.395473  0  21.498  0.197  0.025  0.345   9.695e+00   1.711e+00   2.221e-01   3.032e+00  12  sdss  7047  82N  1 
   32  54386.382789  1  20.622  0.051  0.056  0.083   2.009e+01   9.448e-01   1.029e+00   1.538e+00  17  sdss  7054  82N  1 
  172  54386.379472  2  20.202  0.066  0.097  0.035   3.001e+01   1.808e+00   2.661e+00   9.609e-01  17  sdss  7054  82N  1 
  172  54386.380301  3  19.813  0.065  0.110  0.036   4.242e+01   2.521e+00   4.282e+00   1.399e+00  19  sdss  7054  82N  1 
   32  54386.381960  4  19.659  0.139  0.048  0.155   4.913e+01   6.210e+00   2.151e+00   6.971e+00  20  sdss  7054  82N  1 
   42  54386.381131  0  21.557  0.264  0.326  0.898   9.179e+00   2.155e+00   2.712e+00   7.473e+00  12  sdss  7054  82N  1 
   32  54388.386869  1  20.853  0.049  0.008  0.076   1.623e+01   7.218e-01   1.234e-01   1.135e+00  17  sdss  7060  82N  1 
    0  54388.383551  2  20.323  0.040  0.010  0.021   2.684e+01   9.805e-01   2.456e-01   5.266e-01  17  sdss  7060  82N  1 
   32  54388.384381  3  19.949  0.042  0.012  0.020   3.742e+01   1.445e+00   4.278e-01   6.818e-01  19  sdss  7060  82N  1 
   32  54388.386039  4  19.872  0.118  0.063  0.094   4.031e+01   4.332e+00   2.316e+00   3.459e+00  20  sdss  7060  82N  1 
   32  54388.385210  0  21.892  0.307  0.052  0.644   6.729e+00   1.838e+00   3.164e-01   3.949e+00  12  sdss  7060  82N  1 
  160  54392.384380  1  20.673  0.067  0.045  0.095   1.916e+01   1.173e+00   7.824e-01   1.663e+00  17  sdss  7077  82N  1 
    0  54392.381063  2  20.300  0.046  0.013  0.032   2.742e+01   1.151e+00   3.257e-01   8.127e-01  17  sdss  7077  82N  1 
  160  54392.381893  3  19.903  0.060  0.024  0.032   3.904e+01   2.146e+00   8.482e-01   1.138e+00  19  sdss  7077  82N  1 
   32  54392.383551  4  19.864  0.144  0.113  0.143   4.061e+01   5.321e+00   4.225e+00   5.311e+00  20  sdss  7077  82N  1 
  170  54392.382722  0  22.374  0.688  0.461  2.000   4.277e+00   2.449e+00   1.831e+00   7.942e+00  12  sdss  7077  82N  1 
   32  54393.390597  1  20.937  0.054  0.014  0.077   1.502e+01   7.407e-01   1.996e-01   1.062e+00  17  sdss  7081  82N  1 
    0  54393.387280  2  20.367  0.041  0.015  0.019   2.578e+01   9.724e-01   3.434e-01   4.478e-01  17  sdss  7081  82N  1 
   32  54393.388109  3  20.083  0.055  0.008  0.029   3.307e+01   1.661e+00   2.561e-01   8.704e-01  19  sdss  7081  82N  1 
   32  54393.389768  4  19.967  0.145  0.069  0.108   3.691e+01   4.903e+00   2.337e+00   3.659e+00  20  sdss  7081  82N  1 
   32  54393.388939  0  21.838  0.302  0.023  0.628   7.075e+00   1.896e+00   1.513e-01   4.045e+00  12  sdss  7081  82N  1 
   35  54396.253828  1  20.099  0.122  0.080  0.131   3.252e+01   3.622e+00   2.387e+00   3.893e+00  17  sdss  7095  82N  1 
   33  54396.250512  2  20.482  0.105  0.054  0.072   2.318e+01   2.228e+00   1.143e+00   1.536e+00  17  sdss  7095  82N  1 
   35  54396.251341  3  19.849  0.079  0.056  0.069   4.103e+01   2.984e+00   2.102e+00   2.606e+00  19  sdss  7095  82N  1 
    2  54396.252999  4  25.460  0.323  0.364  0.576  -2.953e+01   8.577e+00   9.929e+00   1.570e+01  20  sdss  7095  82N  1 
   35  54396.252170  0  21.247  0.804  0.467  1.402   1.223e+01   7.574e+00   5.166e+00   1.550e+01  12  sdss  7095  82N  1 
    9  54403.300632  1  21.273  0.127  0.214  0.068   1.102e+01   1.278e+00   2.163e+00   6.916e-01  17  sdss  7106  82N  1 
    9  54403.297315  2  20.311  0.055  0.045  0.020   2.714e+01   1.368e+00   1.121e+00   4.865e-01  17  sdss  7106  82N  1 
    0  54403.298145  3  19.944  0.048  0.018  0.017   3.759e+01   1.651e+00   6.132e-01   5.759e-01  19  sdss  7106  82N  1 
   40  54403.299803  4  19.920  0.152  0.186  0.082   3.856e+01   5.353e+00   6.565e+00   2.906e+00  20  sdss  7106  82N  1 
    9  54403.298974  0  27.684  0.347  0.170  0.370  -8.448e+00   2.579e+00   1.302e+00   2.838e+00  12  sdss  7106  82N  1 
 1081  54404.357949  1  20.898  0.119  0.672  0.059   1.558e+01   1.690e+00   9.593e+00   8.475e-01  17  sdss  7112  82N  1 
 1177  54404.354632  2  20.331  0.063  0.308  0.020   2.665e+01   1.530e+00   7.521e+00   4.906e-01  17  sdss  7112  82N  1 
 1085  54404.355462  3  20.022  0.075  0.487  0.020   3.498e+01   2.403e+00   1.564e+01   6.305e-01  19  sdss  7112  82N  1 
   56  54404.357120  4  19.951  0.191  0.602  0.091   3.746e+01   6.494e+00   2.073e+01   3.119e+00  20  sdss  7112  82N  1 
    5  54404.356291  0  26.778  2.050  0.580  1.137  -3.607e+00   4.781e+00   1.965e+00   3.852e+00  12  sdss  7112  82N  1 
   33  54405.355922  1  21.434  0.098  0.030  0.084   9.498e+00   8.531e-01   2.605e-01   7.290e-01  17  sdss  7117  82N  1 
    0  54405.352605  2  20.426  0.049  0.030  0.019   2.441e+01   1.090e+00   6.773e-01   4.157e-01  17  sdss  7117  82N  1 
    0  54405.353434  3  20.050  0.046  0.016  0.015   3.410e+01   1.437e+00   4.864e-01   4.693e-01  19  sdss  7117  82N  1 
   32  54405.355093  4  20.084  0.150  0.061  0.088   3.310e+01   4.537e+00   1.852e+00   2.684e+00  20  sdss  7117  82N  1 
   41  54405.354264  0  23.090  1.311  0.538  1.444   2.122e+00   2.360e+00   1.154e+00   3.093e+00  12  sdss  7117  82N  1 
   32  54406.294262  1  21.285  0.065  0.027  0.070   1.090e+01   6.520e-01   2.653e-01   7.041e-01  17  sdss  7121  82N  1 
  128  54406.290945  2  20.488  0.053  0.010  0.023   2.305e+01   1.118e+00   2.056e-01   4.768e-01  17  sdss  7121  82N  1 
    0  54406.291774  3  20.014  0.038  0.003  0.014   3.524e+01   1.243e+00   1.095e-01   4.408e-01  19  sdss  7121  82N  1 
   32  54406.293432  4  19.876  0.106  0.035  0.078   4.017e+01   3.892e+00   1.277e+00   2.861e+00  20  sdss  7121  82N  1 
   32  54406.292603  0  23.355  0.998  0.071  1.672   1.601e+00   1.587e+00   1.231e-01   2.904e+00  12  sdss  7121  82N  1 
   32  54412.319979  1  21.779  0.112  0.058  0.185   6.906e+00   7.121e-01   3.672e-01   1.173e+00  17  sdss  7142  82N  1 
   32  54412.316663  2  20.617  0.071  0.056  0.044   2.047e+01   1.340e+00   1.059e+00   8.352e-01  17  sdss  7142  82N  1 
   32  54412.317492  3  20.403  0.092  0.047  0.067   2.462e+01   2.081e+00   1.062e+00   1.511e+00  19  sdss  7142  82N  1 
   32  54412.319150  4  19.745  0.122  0.052  0.107   4.536e+01   5.042e+00   2.171e+00   4.458e+00  20  sdss  7142  82N  1 
 1194  54412.318321  0  23.036  1.382  0.814  3.381   2.243e+00   2.552e+00   1.822e+00   7.572e+00  12  sdss  7142  82N  1 
   32  54416.292576  1  21.772  0.092  0.015  0.107   6.951e+00   5.842e-01   9.763e-02   6.845e-01  17  sdss  7155  82N  1 
    0  54416.289259  2  20.639  0.048  0.006  0.020   2.006e+01   8.810e-01   1.058e-01   3.714e-01  17  sdss  7155  82N  1 
    0  54416.290089  3  20.067  0.042  0.009  0.016   3.356e+01   1.302e+00   2.652e-01   4.937e-01  19  sdss  7155  82N  1 
   32  54416.291747  4  19.920  0.115  0.052  0.065   3.856e+01   4.055e+00   1.833e+00   2.293e+00  20  sdss  7155  82N  1 
   32  54416.290918  0  23.117  0.788  0.120  1.323   2.063e+00   1.503e+00   2.505e-01   2.773e+00  12  sdss  7155  82N  1 
   32  54421.298073  1  21.833  0.113  0.018  0.153   6.569e+00   6.802e-01   1.081e-01   9.247e-01  17  sdss  7170  82N  1 
   32  54421.294756  2  20.809  0.067  0.032  0.049   1.716e+01   1.046e+00   5.002e-01   7.711e-01  17  sdss  7170  82N  1 
   32  54421.295585  3  20.136  0.054  0.025  0.026   3.150e+01   1.554e+00   7.260e-01   7.486e-01  19  sdss  7170  82N  1 
   32  54421.297243  4  19.883  0.143  0.075  0.100   3.991e+01   5.206e+00   2.737e+00   3.677e+00  20  sdss  7170  82N  1 
  160  54421.296414  0  22.206  0.501  0.100  0.956   5.013e+00   2.173e+00   4.632e-01   4.413e+00  12  sdss  7170  82N  1 
   33  54423.274508  1  21.699  0.168  0.057  0.154   7.436e+00   1.138e+00   3.903e-01   1.053e+00  17  sdss  7177  82N  1 
   32  54423.271191  2  20.624  0.073  0.029  0.046   2.034e+01   1.368e+00   5.360e-01   8.624e-01  17  sdss  7177  82N  1 
   32  54423.272020  3  20.085  0.057  0.019  0.034   3.301e+01   1.711e+00   5.843e-01   1.030e+00  19  sdss  7177  82N  1 
   32  54423.273679  4  19.933  0.130  0.078  0.114   3.809e+01   4.521e+00   2.742e+00   3.977e+00  20  sdss  7177  82N  1 
   33  54423.272850  0  23.080  1.532  0.766  2.502   2.144e+00   2.752e+00   1.654e+00   5.403e+00  12  sdss  7177  82N  1 
 1069  54431.298096  2  20.138  4.137  1.824  0.035   3.184e+01   3.721e+01   5.324e+01   1.031e+00  17  sdss  7195  82N  1 
 1085  54431.298925  3  20.155  4.455 11.735  0.045   3.095e+01   4.962e+01   3.334e+02   1.270e+00  19  sdss  7195  82N  1 
 1069  54431.300584  4  19.521  4.081  5.801  0.111   5.581e+01   1.261e+02   2.958e+02   5.649e+00  20  sdss  7195  82N  1 
   61  54432.289364  1  22.196  1.356  3.083  0.252   4.692e+00   4.089e+00   1.338e+01   1.096e+00  17  sdss  7199  82N  1 
 1085  54432.286047  2  20.805  0.167  2.152  0.043   1.722e+01   2.625e+00   3.402e+01   6.771e-01  17  sdss  7199  82N  1 
 1085  54432.286876  3  20.966  0.403  2.148  0.062   1.464e+01   5.191e+00   2.895e+01   8.296e-01  19  sdss  7199  82N  1 
  189  54432.288535  4  19.911  0.385  1.003  0.123   3.888e+01   1.319e+01   3.578e+01   4.402e+00  20  sdss  7199  82N  1 
  173  54432.287706  0  22.314  2.992  1.533  1.139   4.527e+00   9.336e+00   6.428e+00   4.773e+00  12  sdss  7199  82N  1 
  161  54433.296682  1  21.898  0.323  0.156  0.241   6.185e+00   1.787e+00   8.911e-01   1.375e+00  17  sdss  7202  82N  1 
   33  54433.293366  2  20.532  0.096  0.095  0.068   2.214e+01   1.937e+00   1.926e+00   1.383e+00  17  sdss  7202  82N  1 
   40  54433.294195  3  20.169  0.090  0.142  0.058   3.055e+01   2.504e+00   3.986e+00   1.617e+00  19  sdss  7202  82N  1 
 1184  54433.295853  4  20.409  0.403  0.304  0.389   2.440e+01   8.781e+00   6.916e+00   8.824e+00  20  sdss  7202  82N  1 
  171  54433.295024  0  23.128  2.664  3.295  5.446   2.040e+00   6.382e+00   6.841e+00   1.131e+01  12  sdss  7202  82N  1 
