# SDSS CID:  19825 IAU: 2005ge   RA:  34.637814 DEC:   0.880791  (J2000)
# GALAXY_SB [ugriz] = [ 24.09 23.42 21.95 21.28 20.74 ] +/- [  0.22  0.06  0.02  0.02  0.05 ] (asinh mag/square arcsec)
# GALAXY_SB_FLUX [ugriz] = [  5.454E-01  1.450E+00  5.945E+00  1.098E+01  1.767E+01 ] +/- [  2.406E-01  8.225E-02  1.305E-01  2.189E-01  7.863E-01 ] (microJy per square arcsec)
#FLAG  MJD       FILT  MAG     MERR  MSKYERR MGALERR  FLUX       FLUXERR    SKYERR     GALERR    NPRE TELE   RUN  STRIP  IDCCD
    1  54347.402621  1  25.387  1.239  0.580  0.962  -1.599e-01   9.078e-01   3.524e-01   5.839e-01  14  sdss  6930  82S  6 
    0  54347.399304  2  25.094  1.252  0.577  1.443  -2.363e-01   1.253e+00   4.782e-01   1.195e+00  14  sdss  6930  82S  6 
    0  54347.400133  3  24.461  1.119  0.629  1.299  -1.169e-01   1.575e+00   7.482e-01   1.545e+00  15  sdss  6930  82S  6 
   32  54347.401792  4  21.721  0.571  0.417  0.637   6.425e+00   4.265e+00   3.203e+00   4.898e+00  14  sdss  6930  82S  6 
    1  54347.400962  0  22.090  0.487  0.141  0.361   5.587e+00   2.359e+00   7.262e-01   1.859e+00  13  sdss  6930  82S  6 
   40  54357.378183  1  25.065  0.705  0.455  0.540   3.136e-02   4.454e-01   2.682e-01   3.182e-01  14  sdss  6955  82S  6 
   32  54357.374866  2  23.917  0.671  0.126  0.341   7.887e-01   7.181e-01   1.364e-01   3.691e-01  14  sdss  6955  82S  6 
    0  54357.375695  3  24.556  0.871  0.241  0.514  -2.310e-01   1.155e+00   2.902e-01   6.187e-01  15  sdss  6955  82S  6 
    0  54357.377354  4  23.423  0.611  0.351  0.527  -3.026e+00   3.502e+00   1.972e+00   2.963e+00  14  sdss  6955  82S  6 
  128  54357.376525  0  23.757  1.016  0.155  0.768   9.862e-01   1.339e+00   2.040e-01   1.011e+00  13  sdss  6955  82S  6 
    0  54362.428202  1  25.637  0.673  0.173  0.447  -3.174e-01   4.573e-01   1.136e-01   2.938e-01  14  sdss  6976  82S  6 
   40  54362.424885  2  23.917  0.712  0.354  0.465   7.887e-01   7.627e-01   3.835e-01   5.039e-01  14  sdss  6976  82S  6 
   32  54362.425714  3  23.688  0.889  0.343  0.659   8.505e-01   1.308e+00   4.882e-01   9.370e-01  15  sdss  6976  82S  6 
    0  54362.427373  4  24.256  0.419  0.153  0.325  -9.104e+00   3.961e+00   1.493e+00   3.165e+00  14  sdss  6976  82S  6 
    0  54362.426544  0  25.489  1.058  0.148  0.727  -8.759e-01   1.358e+00   1.850e-01   9.102e-01  13  sdss  6976  82S  6 
    1  54376.423931  1  25.421  0.908  0.224  0.497  -1.806e-01   6.122e-01   1.370e-01   3.042e-01  14  sdss  7016  82S  6 
   32  54376.420614  2  24.484  0.939  0.269  0.565   2.578e-01   8.663e-01   2.246e-01   4.716e-01  14  sdss  7016  82S  6 
    0  54376.421443  3  25.094  0.908  0.250  0.560  -9.343e-01   1.366e+00   3.671e-01   8.215e-01  15  sdss  7016  82S  6 
    0  54376.423102  4  23.322  0.743  0.180  0.536  -2.467e+00   4.179e+00   9.675e-01   2.886e+00  14  sdss  7016  82S  6 
    1  54376.422273  0  24.180  1.371  0.765  0.961   4.867e-01   1.759e+00   8.145e-01   1.023e+00  13  sdss  7016  82S  6 
   32  54382.409311  1  23.840  0.572  0.149  0.749   9.384e-01   5.749e-01   1.558e-01   7.846e-01  14  sdss  7038  82S  6 
   32  54382.405994  2  23.928  0.967  0.334  1.293   7.758e-01   1.039e+00   3.586e-01   1.389e+00  14  sdss  7038  82S  6 
    0  54382.406823  3  25.172  0.994  0.579  1.120  -1.050e+00   1.550e+00   8.882e-01   1.717e+00  15  sdss  7038  82S  6 
   32  54382.408482  4  21.272  0.522  0.397  0.610   1.051e+01   5.408e+00   4.319e+00   6.643e+00  14  sdss  7038  82S  6 
    0  54382.407652  0  26.130  1.088  0.214  1.410  -1.890e+00   1.881e+00   4.204e-01   2.770e+00  13  sdss  7038  82S  6 
   32  54385.427355  1  23.119  0.277  0.167  0.230   1.965e+00   5.183e-01   3.194e-01   4.387e-01  14  sdss  7051  82S  6 
   32  54385.424038  2  22.270  0.204  0.030  0.149   4.427e+00   8.415e-01   1.252e-01   6.225e-01  14  sdss  7051  82S  6 
   32  54385.424867  3  22.208  0.298  0.090  0.222   4.587e+00   1.288e+00   3.953e-01   9.801e-01  15  sdss  7051  82S  6 
   32  54385.426526  4  22.505  0.681  0.384  0.559   1.622e+00   3.660e+00   1.961e+00   2.852e+00  14  sdss  7051  82S  6 
    0  54385.425696  0  24.230  1.235  0.472  1.092   4.331e-01   1.512e+00   4.929e-01   1.142e+00  13  sdss  7051  82S  6 
   34  54387.427805  1  22.703  0.277  0.080  0.492   2.922e+00   7.495e-01   2.217e-01   1.360e+00  14  sdss  7057  82S  6 
   34  54387.424487  2  22.044  0.252  0.058  0.446   5.469e+00   1.272e+00   2.950e-01   2.288e+00  14  sdss  7057  82S  6 
   34  54387.425317  3  21.829  0.297  0.128  0.506   6.565e+00   1.801e+00   7.939e-01   3.134e+00  15  sdss  7057  82S  6 
    0  54387.426975  4  22.925  0.972  0.467  1.750  -4.525e-01   5.411e+00   2.284e+00   8.567e+00  14  sdss  7057  82S  6 
    2  54387.426146  0  22.404  0.668  0.398  1.083   4.159e+00   2.341e+00   1.545e+00   4.204e+00  13  sdss  7057  82S  6 
    2  54390.420155  1  22.096  0.144  0.031  0.217   5.150e+00   6.858e-01   1.503e-01   1.039e+00  14  sdss  7071  82S  6 
   34  54390.416838  2  21.596  0.167  0.124  0.217   8.291e+00   1.280e+00   9.614e-01   1.674e+00  14  sdss  7071  82S  6 
   34  54390.417667  3  21.781  0.376  0.337  0.424   6.868e+00   2.348e+00   2.180e+00   2.748e+00  15  sdss  7071  82S  6 
   32  54390.419325  4  21.209  0.588  0.513  0.756   1.122e+01   6.330e+00   5.882e+00   8.666e+00  14  sdss  7071  82S  6 
   10  54390.418496  0  23.529  1.473  2.545  2.295   1.313e+00   2.216e+00   3.900e+00   3.516e+00  13  sdss  7071  82S  6 
   34  54391.425083  2  21.684  0.257  0.078  0.534   7.642e+00   1.799e+00   5.588e-01   3.807e+00  14  sdss  7074  82S  6 
   34  54391.425912  3  21.974  0.478  0.575  1.162   5.728e+00   2.458e+00   3.128e+00   6.320e+00  15  sdss  7074  82S  6 
  162  54391.427571  4  20.555  0.538  0.879  1.102   2.124e+01   1.015e+01   1.780e+01   2.231e+01  14  sdss  7074  82S  6 
 1152  54391.426741  0  21.692  1.176  0.661  1.182   8.100e+00   6.465e+00   4.884e+00   8.736e+00  13  sdss  7074  82S  6 
    0  54394.410501  1  21.788  0.108  0.118  0.146   6.851e+00   6.842e-01   7.519e-01   9.259e-01  14  sdss  7084  82S  6 
   32  54394.407184  2  21.302  0.112  0.072  0.125   1.088e+01   1.134e+00   7.326e-01   1.265e+00  14  sdss  7084  82S  6 
   32  54394.408013  3  21.252  0.166  0.187  0.204   1.124e+01   1.724e+00   1.965e+00   2.136e+00  15  sdss  7084  82S  6 
   32  54394.409672  4  20.818  0.361  0.335  0.453   1.652e+01   5.620e+00   5.370e+00   7.258e+00  14  sdss  7084  82S  6 
    0  54394.408843  0  25.802  1.424  1.664  1.690  -1.314e+00   2.126e+00   2.551e+00   2.591e+00  13  sdss  7084  82S  6 
   11  54396.430606  1  22.280  0.292  0.730  0.274   4.341e+00   1.156e+00   2.958e+00   1.110e+00  14  sdss  7096  82S  6 
   43  54396.427289  2  21.516  0.229  0.339  0.243   8.929e+00   1.875e+00   2.817e+00   2.019e+00  14  sdss  7096  82S  6 
   32  54396.428118  3  21.651  0.337  0.229  0.382   7.755e+00   2.380e+00   1.671e+00   2.779e+00  15  sdss  7096  82S  6 
   32  54396.429776  4  21.130  0.616  0.544  0.787   1.215e+01   7.023e+00   6.658e+00   9.647e+00  14  sdss  7096  82S  6 
    3  54396.428947  0  22.136  0.852  1.211  1.035   5.352e+00   3.562e+00   5.977e+00   5.108e+00  13  sdss  7096  82S  6 
    1  54402.420790  1  22.326  0.415  0.098  0.125   4.159e+00   1.540e+00   3.822e-01   4.843e-01  14  sdss  7101  82S  6 
   33  54402.417472  2  21.269  0.154  0.049  0.072   1.122e+01   1.596e+00   5.143e-01   7.500e-01  14  sdss  7101  82S  6 
   33  54402.418302  3  21.192  0.172  0.046  0.104   1.189e+01   1.886e+00   5.111e-01   1.153e+00  15  sdss  7101  82S  6 
   32  54402.419960  4  21.080  0.419  0.200  0.321   1.277e+01   5.161e+00   2.557e+00   4.106e+00  14  sdss  7101  82S  6 
    1  54402.419131  0  25.620  2.508  0.276  1.614  -1.048e+00   5.342e+00   3.738e-01   2.188e+00  13  sdss  7101  82S  6 
    0  54408.335170  1  22.534  0.152  0.054  0.097   3.425e+00   4.862e-01   1.738e-01   3.121e-01  14  sdss  7127  82S  6 
   40  54408.331853  2  21.473  0.101  0.048  0.069   9.290e+00   8.739e-01   4.167e-01   5.951e-01  14  sdss  7127  82S  6 
   32  54408.332683  3  21.429  0.158  0.056  0.111   9.536e+00   1.403e+00   5.028e-01   9.903e-01  15  sdss  7127  82S  6 
   32  54408.334341  4  20.872  0.278  0.062  0.199   1.567e+01   4.179e+00   9.506e-01   3.048e+00  14  sdss  7127  82S  6 
    0  54408.333512  0  25.353  1.131  0.192  0.868  -7.114e-01   1.414e+00   2.237e-01   1.010e+00  13  sdss  7127  82S  6 
    0  54411.293140  1  22.612  0.172  0.059  0.139   3.183e+00   5.129e-01   1.761e-01   4.160e-01  14  sdss  7136  82S  6 
   40  54411.289823  2  21.647  0.106  0.043  0.066   7.909e+00   7.803e-01   3.193e-01   4.860e-01  14  sdss  7136  82S  6 
   32  54411.290652  3  21.531  0.158  0.019  0.116   8.673e+00   1.276e+00   1.522e-01   9.398e-01  15  sdss  7136  82S  6 
   32  54411.292311  4  21.212  0.364  0.169  0.374   1.118e+01   4.059e+00   1.938e+00   4.278e+00  14  sdss  7136  82S  6 
    0  54411.291481  0  25.019  1.218  0.149  1.091  -3.486e-01   1.470e+00   1.523e-01   1.111e+00  13  sdss  7136  82S  6 
   32  54413.333621  1  22.945  0.294  0.231  0.451   2.323e+00   6.408e-01   5.129e-01   1.004e+00  14  sdss  7145  82S  6 
   32  54413.330303  2  21.696  0.165  0.055  0.250   7.558e+00   1.155e+00   3.849e-01   1.761e+00  14  sdss  7145  82S  6 
   32  54413.331133  3  21.569  0.219  0.167  0.307   8.372e+00   1.697e+00   1.314e+00   2.410e+00  15  sdss  7145  82S  6 
   32  54413.332791  4  22.557  0.980  0.588  1.684   1.359e+00   5.540e+00   2.961e+00   8.483e+00  14  sdss  7145  82S  6 
    2  54413.331962  0  25.563  1.469  2.548  2.873  -9.724e-01   2.074e+00   3.333e+00   3.760e+00  13  sdss  7145  82S  6 
   32  54415.345451  1  22.928  0.222  0.095  0.162   2.361e+00   4.950e-01   2.140e-01   3.664e-01  14  sdss  7152  82S  6 
   32  54415.342134  2  21.781  0.127  0.017  0.084   6.984e+00   8.233e-01   1.083e-01   5.502e-01  14  sdss  7152  82S  6 
   32  54415.342963  3  21.815  0.207  0.074  0.145   6.652e+00   1.284e+00   4.650e-01   9.090e-01  15  sdss  7152  82S  6 
 1184  54415.344621  4  20.571  0.252  0.133  0.279   2.092e+01   4.949e+00   2.647e+00   5.565e+00  14  sdss  7152  82S  6 
    0  54415.343792  0  23.828  1.165  0.918  1.023   8.943e-01   1.526e+00   1.159e+00   1.291e+00  13  sdss  7152  82S  6 
   32  54417.335605  1  23.498  0.358  0.035  0.258   1.350e+00   4.815e-01   4.855e-02   3.560e-01  14  sdss  7158  82S  6 
   32  54417.332288  2  21.788  0.134  0.065  0.106   6.940e+00   8.664e-01   4.211e-01   6.863e-01  14  sdss  7158  82S  6 
   32  54417.333117  3  21.944  0.257  0.094  0.203   5.892e+00   1.409e+00   5.225e-01   1.132e+00  15  sdss  7158  82S  6 
 1184  54417.334776  4  20.478  0.274  0.137  0.257   2.285e+01   5.832e+00   2.979e+00   5.585e+00  14  sdss  7158  82S  6 
    0  54417.333947  0  24.088  1.205  0.931  1.128   5.860e-01   1.496e+00   1.029e+00   1.245e+00  13  sdss  7158  82S  6 
   32  54418.333555  1  23.932  0.604  0.514  0.741   8.455e-01   5.686e-01   5.029e-01   7.250e-01  14  sdss  7161  82S  6 
   32  54418.330238  2  21.978  0.191  0.025  0.238   5.816e+00   1.029e+00   1.370e-01   1.295e+00  14  sdss  7161  82S  6 
   32  54418.331068  3  22.008  0.312  0.213  0.400   5.547e+00   1.605e+00   1.124e+00   2.110e+00  15  sdss  7161  82S  6 
   32  54418.332726  4  21.137  0.423  0.224  0.504   1.207e+01   4.972e+00   2.731e+00   6.136e+00  14  sdss  7161  82S  6 
    2  54418.331897  0  21.689  0.291  0.272  0.494   8.123e+00   2.110e+00   2.017e+00   3.660e+00  13  sdss  7161  82S  6 
   32  54422.338269  1  23.569  0.475  0.281  0.591   1.255e+00   5.929e-01   3.658e-01   7.692e-01  14  sdss  7173  82S  6 
   32  54422.334952  2  22.023  0.185  0.034  0.182   5.577e+00   9.582e-01   1.776e-01   9.542e-01  14  sdss  7173  82S  6 
   32  54422.335781  3  21.740  0.224  0.085  0.233   7.136e+00   1.484e+00   5.736e-01   1.564e+00  15  sdss  7173  82S  6 
   32  54422.337439  4  21.393  0.527  0.377  0.639   9.269e+00   4.973e+00   3.725e+00   6.301e+00  14  sdss  7173  82S  6 
    0  54422.336610  0  23.776  1.407  1.522  2.076   9.622e-01   1.955e+00   1.983e+00   2.703e+00  13  sdss  7173  82S  6 
   33  54424.274190  1  24.599  1.307  0.418  0.650   3.173e-01   1.005e+00   2.751e-01   4.277e-01  14  sdss  7183  82S  6 
   33  54424.270874  2  22.154  0.268  0.042  0.167   4.935e+00   1.222e+00   1.954e-01   7.749e-01  14  sdss  7183  82S  6 
   32  54424.271703  3  21.800  0.278  0.139  0.254   6.747e+00   1.732e+00   8.846e-01   1.615e+00  15  sdss  7183  82S  6 
   32  54424.273361  4  21.259  0.418  0.250  0.434   1.066e+01   4.450e+00   2.756e+00   4.780e+00  14  sdss  7183  82S  6 
    1  54424.272532  0  23.980  1.888  1.642  1.629   7.095e-01   2.974e+00   1.908e+00   1.893e+00  13  sdss  7183  82S  6 
