# SDSS CID:  15475 IAU: 2006lc   RA: 341.101929 DEC:  -0.165039  (J2000)
# GALAXY_SB [ugriz] = [ 23.55 21.81 21.10 20.69 20.41 ] +/- [  0.22  0.02  0.01  0.01  0.03 ] (asinh mag/square arcsec)
# GALAXY_SB_FLUX [ugriz] = [  1.238E+00  6.688E+00  1.313E+01  1.894E+01  2.429E+01 ] +/- [  3.232E-01  1.178E-01  1.318E-01  1.660E-01  5.943E-01 ] (microJy per square arcsec)
#FLAG  MJD       FILT  MAG     MERR  MSKYERR MGALERR  FLUX       FLUXERR    SKYERR     GALERR    NPRE TELE   RUN  STRIP  IDCCD
   33  53989.262260  1  24.240  1.270  0.483  0.614   5.753e-01   1.043e+00   3.814e-01   4.853e-01  12  sdss  6314  82N  3 
   33  53989.258943  2  23.281  0.715  0.175  0.266   1.654e+00   1.135e+00   3.010e-01   4.577e-01  13  sdss  6314  82N  3 
   32  53989.259772  3  22.498  0.453  0.176  0.165   3.461e+00   1.476e+00   5.978e-01   5.631e-01  14  sdss  6314  82N  3 
   32  53989.261431  4  21.632  0.509  0.146  0.218   7.126e+00   4.042e+00   1.189e+00   1.784e+00  14  sdss  6314  82N  3 
    1  53989.260602  0  24.809  1.777  0.307  1.665  -1.394e-01   2.603e+00   2.999e-01   1.627e+00  11  sdss  6314  82N  3 
   32  53995.251366  1  24.054  0.589  0.187  0.383   7.314e-01   5.122e-01   1.672e-01   3.413e-01  12  sdss  6360  82N  3 
    0  53995.248049  2  25.046  0.832  0.269  0.382  -1.965e-01   7.426e-01   2.201e-01   3.133e-01  13  sdss  6360  82N  3 
   32  53995.248879  3  22.967  0.508  0.141  0.151   2.145e+00   1.127e+00   3.243e-01   3.493e-01  14  sdss  6360  82N  3 
   32  53995.250537  4  21.550  0.405  0.162  0.155   7.817e+00   3.441e+00   1.403e+00   1.350e+00  14  sdss  6360  82N  3 
   32  53995.249708  0  23.986  1.118  0.162  0.999   7.018e-01   1.389e+00   1.874e-01   1.153e+00  11  sdss  6360  82N  3 
   32  54000.237412  1  23.429  0.551  0.404  0.827   1.447e+00   7.535e-01   5.853e-01   1.199e+00  12  sdss  6383  82N  3 
  160  54000.234095  2  24.203  1.071  0.936  1.184   5.034e-01   1.071e+00   8.645e-01   1.094e+00  13  sdss  6383  82N  3 
   32  54000.234924  3  24.322  1.159  0.669  1.179   4.705e-02   1.648e+00   7.928e-01   1.398e+00  14  sdss  6383  82N  3 
   32  54000.236583  4  21.920  0.811  0.689  0.666   4.994e+00   5.361e+00   4.615e+00   4.462e+00  14  sdss  6383  82N  3 
   32  54000.235754  0  23.299  1.244  0.496  2.225   1.702e+00   2.008e+00   8.945e-01   4.017e+00  11  sdss  6383  82N  3 
   32  54007.287489  1  24.986  0.911  0.357  1.031   7.796e-02   6.039e-01   2.117e-01   6.117e-01  12  sdss  6414  82N  3 
   32  54007.284172  2  24.125  0.932  0.258  0.658   5.768e-01   9.300e-01   2.474e-01   6.308e-01  13  sdss  6414  82N  3 
   32  54007.285001  3  22.918  0.580  0.180  0.256   2.260e+00   1.321e+00   4.321e-01   6.149e-01  14  sdss  6414  82N  3 
   32  54007.286660  4  21.897  0.611  0.366  0.308   5.149e+00   4.092e+00   2.488e+00   2.098e+00  14  sdss  6414  82N  3 
   32  54007.285831  0  23.830  1.224  0.208  1.315   8.913e-01   1.614e+00   2.607e-01   1.650e+00  11  sdss  6414  82N  3 
    1  54009.211010  1  25.212  1.004  0.341  0.719  -5.547e-02   6.801e-01   2.016e-01   4.252e-01  12  sdss  6421  82N  3 
   32  54009.207693  2  23.241  0.563  0.127  0.262   1.724e+00   9.474e-01   2.265e-01   4.649e-01  13  sdss  6421  82N  3 
   32  54009.208522  3  23.952  0.944  0.233  0.403   4.971e-01   1.311e+00   2.965e-01   5.113e-01  14  sdss  6421  82N  3 
   32  54009.210180  4  21.682  0.544  0.150  0.242   6.724e+00   4.159e+00   1.185e+00   1.906e+00  14  sdss  6421  82N  3 
  161  54009.209351  0  24.619  1.411  0.504  1.946   4.559e-02   1.786e+00   4.884e-01   1.887e+00  11  sdss  6421  82N  3 
    1  54011.275461  1  26.578  0.905  0.254  0.284  -1.143e+00   9.786e-01   3.055e-01   3.407e-01  12  sdss  6430  82N  3 
  161  54011.272144  2  23.325  0.703  0.148  0.186   1.579e+00   1.082e+00   2.450e-01   3.091e-01  13  sdss  6430  82N  3 
   33  54011.272973  3  22.827  0.533  0.129  0.125   2.485e+00   1.311e+00   3.333e-01   3.232e-01  14  sdss  6430  82N  3 
   32  54011.274631  4  22.203  0.645  0.134  0.218   3.245e+00   3.757e+00   7.678e-01   1.245e+00  14  sdss  6430  82N  3 
    1  54011.273802  0  25.601  1.514  0.421  0.804  -1.023e+00   2.175e+00   5.609e-01   1.071e+00  11  sdss  6430  82N  3 
   33  54019.225172  1  24.230  0.956  0.163  0.508   5.834e-01   7.587e-01   1.295e-01   4.043e-01  12  sdss  6441  82N  3 
   32  54019.221855  2  23.099  0.481  0.115  0.194   1.991e+00   9.192e-01   2.303e-01   3.877e-01  13  sdss  6441  82N  3 
   32  54019.222684  3  23.508  0.781  0.239  0.263   1.119e+00   1.222e+00   3.764e-01   4.138e-01  14  sdss  6441  82N  3 
   32  54019.224343  4  22.393  0.701  0.318  0.337   2.201e+00   3.871e+00   1.682e+00   1.780e+00  14  sdss  6441  82N  3 
   33  54019.223513  0  22.747  0.774  0.268  0.495   2.989e+00   1.955e+00   7.615e-01   1.409e+00  11  sdss  6441  82N  3 
   32  54025.273667  1  23.878  0.714  0.526  0.872   8.996e-01   6.860e-01   5.327e-01   8.834e-01  12  sdss  6461  82N  3 
   32  54025.270350  2  23.985  1.023  0.510  0.915   7.162e-01   1.081e+00   5.288e-01   9.475e-01  13  sdss  6461  82N  3 
   32  54025.271180  3  22.553  0.514  0.214  0.344   3.279e+00   1.582e+00   6.939e-01   1.117e+00  14  sdss  6461  82N  3 
   32  54025.272838  4  22.276  0.890  0.540  0.671   2.834e+00   5.206e+00   2.984e+00   3.708e+00  14  sdss  6461  82N  3 
   32  54025.272009  0  22.764  0.833  0.123  1.140   2.940e+00   2.045e+00   3.451e-01   3.195e+00  11  sdss  6461  82N  3 
    0  54029.203875  1  20.174  0.027  0.009  0.018   3.036e+01   7.463e-01   2.594e-01   4.902e-01  12  sdss  6474  82N  3 
    0  54029.200558  2  19.129  0.024  0.005  0.005   8.062e+01   1.783e+00   3.806e-01   4.023e-01  13  sdss  6474  82N  3 
    0  54029.201387  3  18.923  0.019  0.004  0.006   9.634e+01   1.658e+00   3.971e-01   4.948e-01  14  sdss  6474  82N  3 
    0  54029.203045  4  19.002  0.058  0.015  0.025   9.014e+01   4.775e+00   1.234e+00   2.051e+00  14  sdss  6474  82N  3 
   32  54029.202216  0  21.717  0.239  0.062  0.225   7.913e+00   1.683e+00   4.444e-01   1.607e+00  11  sdss  6474  82N  3 
    0  54031.190797  1  19.302  0.023  0.004  0.007   6.778e+01   1.406e+00   2.578e-01   4.297e-01  12  sdss  6484  82N  3 
    0  54031.187480  2  18.456  0.014  0.002  0.003   1.498e+02   1.998e+00   2.430e-01   4.044e-01  13  sdss  6484  82N  3 
 1152  54031.188309  3  18.235  0.057  0.003  0.004   1.816e+02   9.592e+00   5.486e-01   7.235e-01  14  sdss  6484  82N  3 
    0  54031.189968  4  18.407  0.034  0.012  0.013   1.560e+02   4.820e+00   1.694e+00   1.820e+00  14  sdss  6484  82N  3 
    0  54031.189138  0  20.809  0.110  0.041  0.092   1.833e+01   1.799e+00   6.695e-01   1.503e+00  11  sdss  6484  82N  3 
    0  54036.194773  1  18.351  0.019  0.003  0.007   1.628e+02   2.853e+00   3.850e-01   1.026e+00  12  sdss  6504  82N  3 
    0  54036.191457  2  17.642  0.012  0.001  0.003   3.171e+02   3.542e+00   3.871e-01   8.838e-01  13  sdss  6504  82N  3 
    0  54036.192286  3  17.529  0.010  0.002  0.003   3.479e+02   3.322e+00   7.453e-01   9.469e-01  14  sdss  6504  82N  3 
  128  54036.193944  4  17.621  0.043  0.013  0.012   3.218e+02   1.287e+01   3.775e+00   3.492e+00  14  sdss  6504  82N  3 
    0  54036.193115  0  19.898  0.057  0.018  0.077   4.245e+01   2.146e+00   6.687e-01   2.927e+00  11  sdss  6504  82N  3 
    1  54039.192865  1  18.151  0.012  0.004  0.005   1.956e+02   2.177e+00   6.411e-01   8.508e-01  12  sdss  6513  82N  3 
    1  54039.189548  2  17.431  0.012  0.001  0.002   3.851e+02   4.288e+00   5.281e-01   6.131e-01  13  sdss  6513  82N  3 
    1  54039.190378  3  17.173  0.023  0.001  0.001   4.829e+02   1.029e+01   6.450e-01   6.629e-01  14  sdss  6513  82N  3 
    0  54039.192036  4  17.380  0.024  0.007  0.008   4.018e+02   8.702e+00   2.721e+00   3.009e+00  14  sdss  6513  82N  3 
    9  54039.191207  0  19.633  0.072  0.074  0.045   5.419e+01   3.470e+00   3.578e+00   2.173e+00  11  sdss  6513  82N  3 
    1  54048.186654  1  18.563  0.010  0.002  0.003   1.339e+02   1.271e+00   2.665e-01   4.233e-01  12  sdss  6533  82N  3 
    0  54048.183337  2  17.484  0.021  0.001  0.001   3.668e+02   7.113e+00   3.286e-01   4.238e-01  13  sdss  6533  82N  3 
    0  54048.184166  3  17.201  0.016  0.001  0.001   4.706e+02   7.003e+00   2.453e-01   4.510e-01  14  sdss  6533  82N  3 
    0  54048.185825  4  17.177  0.016  0.004  0.004   4.845e+02   6.938e+00   1.990e+00   1.732e+00  14  sdss  6533  82N  3 
    1  54048.184995  0  21.196  0.191  0.098  0.125   1.282e+01   2.174e+00   1.125e+00   1.438e+00  11  sdss  6533  82N  3 
    0  54052.190558  1  19.051  0.015  0.006  0.013   8.541e+01   1.146e+00   4.543e-01   1.013e+00  12  sdss  6552  82N  3 
    0  54052.187242  2  17.819  0.017  0.002  0.005   2.694e+02   4.249e+00   4.821e-01   1.144e+00  13  sdss  6552  82N  3 
    0  54052.188071  3  17.445  0.014  0.002  0.003   3.759e+02   4.932e+00   7.696e-01   1.040e+00  14  sdss  6552  82N  3 
    0  54052.189729  4  17.398  0.021  0.008  0.010   3.952e+02   7.505e+00   2.942e+00   3.609e+00  14  sdss  6552  82N  3 
   32  54052.188900  0  21.673  0.258  0.142  0.416   8.243e+00   1.885e+00   1.055e+00   3.096e+00  11  sdss  6552  82N  3 
    0  54054.209066  1  19.263  0.018  0.008  0.023   7.026e+01   1.144e+00   5.157e-01   1.456e+00  12  sdss  6559  82N  3 
    2  54054.205750  2  18.029  0.010  0.006  0.010   2.220e+02   2.108e+00   1.279e+00   1.954e+00  13  sdss  6559  82N  3 
    2  54054.206579  3  17.618  0.025  0.008  0.009   3.205e+02   7.446e+00   2.422e+00   2.556e+00  14  sdss  6559  82N  3 
    0  54054.208237  4  17.507  0.025  0.020  0.020   3.575e+02   8.108e+00   6.616e+00   6.466e+00  14  sdss  6559  82N  3 
  162  54054.207408  0  21.630  0.338  0.134  0.632   8.579e+00   2.533e+00   1.034e+00   4.886e+00  11  sdss  6559  82N  3 
    0  54055.186275  1  19.333  0.031  0.004  0.011   6.588e+01   1.900e+00   2.624e-01   6.647e-01  12  sdss  6564  82N  3 
    0  54055.182958  2  18.046  0.018  0.002  0.003   2.186e+02   3.660e+00   3.362e-01   6.298e-01  13  sdss  6564  82N  3 
    0  54055.183787  3  17.630  0.009  0.001  0.002   3.170e+02   2.491e+00   4.125e-01   7.211e-01  14  sdss  6564  82N  3 
    0  54055.185446  4  17.518  0.024  0.009  0.008   3.539e+02   7.715e+00   2.786e+00   2.749e+00  14  sdss  6564  82N  3 
  168  54055.184616  0  21.920  0.303  0.240  0.395   6.549e+00   1.758e+00   1.424e+00   2.345e+00  11  sdss  6564  82N  3 
    0  54058.184340  1  19.547  0.021  0.018  0.023   5.408e+01   1.046e+00   8.833e-01   1.161e+00  12  sdss  6577  82N  3 
    0  54058.181024  2  18.249  0.010  0.004  0.004   1.813e+02   1.746e+00   6.126e-01   7.312e-01  13  sdss  6577  82N  3 
    0  54058.181853  3  17.810  0.012  0.002  0.004   2.686e+02   3.094e+00   5.946e-01   1.081e+00  14  sdss  6577  82N  3 
    0  54058.183511  4  17.631  0.030  0.011  0.013   3.189e+02   8.708e+00   3.156e+00   3.887e+00  14  sdss  6577  82N  3 
   40  54058.182682  0  22.306  0.461  0.371  0.669   4.562e+00   1.835e+00   1.555e+00   2.806e+00  11  sdss  6577  82N  3 
    0  54060.206241  1  19.663  0.019  0.010  0.016   4.861e+01   8.682e-01   4.244e-01   7.020e-01  12  sdss  6584  82N  3 
    0  54060.202924  2  18.338  0.012  0.002  0.003   1.670e+02   1.915e+00   3.364e-01   5.214e-01  13  sdss  6584  82N  3 
    0  54060.203754  3  17.906  0.011  0.003  0.003   2.458e+02   2.423e+00   6.800e-01   7.859e-01  14  sdss  6584  82N  3 
    0  54060.205412  4  17.667  0.030  0.005  0.009   3.085e+02   8.437e+00   1.477e+00   2.683e+00  14  sdss  6584  82N  3 
  160  54060.204583  0  22.304  0.469  0.117  0.589   4.571e+00   1.867e+00   4.937e-01   2.475e+00  11  sdss  6584  82N  3 
    0  54063.174540  1  19.826  0.023  0.006  0.022   4.183e+01   8.712e-01   2.479e-01   8.349e-01  12  sdss  6600  82N  3 
    0  54063.171223  2  18.524  0.017  0.003  0.006   1.407e+02   2.262e+00   4.059e-01   7.733e-01  13  sdss  6600  82N  3 
    0  54063.172052  3  18.051  0.015  0.004  0.005   2.151e+02   2.907e+00   7.607e-01   9.325e-01  14  sdss  6600  82N  3 
    0  54063.173711  4  17.807  0.028  0.013  0.014   2.712e+02   6.987e+00   3.340e+00   3.574e+00  14  sdss  6600  82N  3 
   32  54063.172881  0  21.735  0.319  0.204  0.579   7.782e+00   2.180e+00   1.436e+00   4.068e+00  11  sdss  6600  82N  3 
