# SDSS CID:  14831 IAU:          RA:  32.080658 DEC:  -0.331435  (J2000)
# GALAXY_SB [ugriz] = [ 25.07 24.97 24.49 24.17 22.67 ] +/- [  0.25  0.11  0.11  0.11  0.10 ] (asinh mag/square arcsec)
# GALAXY_SB_FLUX [ugriz] = [ -4.333E-01  8.337E-02  2.528E-01  2.268E-01  7.902E-01 ] +/- [  2.617E-01  6.730E-02  9.240E-02  1.304E-01  5.017E-01 ] (microJy per square arcsec)
#FLAG  MJD       FILT  MAG     MERR  MSKYERR MGALERR  FLUX       FLUXERR    SKYERR     GALERR    NPRE TELE   RUN  STRIP  IDCCD
    0  53975.391250  1  25.368  0.833  1.968  1.038  -1.485e-01   5.487e-01   1.190e+00   6.273e-01  14  sdss  6287  82S  3 
   16  53975.387932  2  25.347  0.860  2.334  0.793  -4.542e-01   8.176e-01   2.105e+00   7.154e-01  13  sdss  6287  82S  3 
   16  53975.388761  3  25.088  0.863  2.234  0.730  -9.244e-01   1.287e+00   3.256e+00   1.063e+00  12  sdss  6287  82S  3 
    0  53975.390420  4  23.434  0.768  0.550  0.578  -3.084e+00   4.479e+00   3.102e+00   3.261e+00  13  sdss  6287  82S  3 
   32  53975.389591  0  23.893  1.225  1.034  1.824   8.128e-01   1.594e+00   1.260e+00   2.222e+00  12  sdss  6287  82S  3 
   32  53994.415518  1  24.697  0.864  1.867  0.771   2.544e-01   5.885e-01   1.184e+00   4.891e-01  14  sdss  6355  82S  3 
   16  53994.412201  2  25.300  0.856  1.764  0.678  -4.122e-01   8.041e-01   1.561e+00   5.996e-01  13  sdss  6355  82S  3 
   16  53994.413030  3  25.308  0.754  1.807  0.558  -1.267e+00   1.228e+00   3.001e+00   9.264e-01  12  sdss  6355  82S  3 
    0  53994.414689  4  22.610  0.760  0.997  0.551   1.095e+00   4.070e+00   4.966e+00   2.742e+00  13  sdss  6355  82S  3 
   32  53994.413859  0  23.216  1.038  0.621  1.211   1.859e+00   1.792e+00   1.209e+00   2.358e+00  12  sdss  6355  82S  3 
  176  53996.399428  1  25.007  0.803  1.923  0.948   6.554e-02   5.190e-01   1.138e+00   5.612e-01  14  sdss  6367  82S  3 
  144  53996.396111  2  25.189  0.962  2.935  1.170  -3.159e-01   9.010e-01   2.495e+00   9.948e-01  13  sdss  6367  82S  3 
   16  53996.396941  3  24.729  0.909  2.247  0.804  -4.428e-01   1.244e+00   2.813e+00   1.006e+00  12  sdss  6367  82S  3 
    0  53996.398599  4  23.623  0.708  0.782  0.556  -4.203e+00   4.421e+00   4.866e+00   3.464e+00  13  sdss  6367  82S  3 
   32  53996.397770  0  23.218  1.039  0.922  1.773   1.855e+00   1.791e+00   1.792e+00   3.445e+00  12  sdss  6367  82S  3 
    0  54005.412690  1  23.521  0.347  0.312  0.193   1.318e+00   4.577e-01   4.216e-01   2.605e-01  14  sdss  6404  82S  3 
   16  54005.409373  2  23.177  0.371  0.471  0.161   1.839e+00   6.767e-01   8.823e-01   3.014e-01  13  sdss  6404  82S  3 
   16  54005.410202  3  23.207  0.572  0.744  0.281   1.639e+00   1.062e+00   1.425e+00   5.393e-01  12  sdss  6404  82S  3 
    0  54005.411861  4  23.323  0.604  0.419  0.287  -2.472e+00   3.345e+00   2.257e+00   1.544e+00  13  sdss  6404  82S  3 
   32  54005.411031  0  23.935  1.076  0.307  0.815   7.627e-01   1.348e+00   3.658e-01   9.707e-01  12  sdss  6404  82S  3 
   16  54008.359406  1  23.222  0.315  0.723  0.288   1.777e+00   5.362e-01   1.260e+00   5.021e-01  14  sdss  6417  82S  3 
   16  54008.356089  2  22.989  0.383  0.858  0.284   2.221e+00   8.145e-01   1.885e+00   6.239e-01  13  sdss  6417  82S  3 
   16  54008.356918  3  23.067  0.608  1.148  0.409   1.923e+00   1.234e+00   2.442e+00   8.700e-01  12  sdss  6417  82S  3 
    0  54008.358577  4  22.421  0.782  0.591  0.522   2.058e+00   4.342e+00   3.091e+00   2.732e+00  13  sdss  6417  82S  3 
   40  54008.357747  0  23.404  1.072  1.142  1.299   1.517e+00   1.661e+00   1.922e+00   2.186e+00  12  sdss  6417  82S  3 
   16  54010.353871  1  23.364  0.289  0.273  0.135   1.544e+00   4.378e-01   4.205e-01   2.082e-01  14  sdss  6425  82S  3 
   16  54010.350554  2  22.626  0.225  0.242  0.091   3.159e+00   6.685e-01   7.290e-01   2.759e-01  13  sdss  6425  82S  3 
  144  54010.351383  3  22.634  0.344  0.327  0.099   3.026e+00   1.015e+00   9.875e-01   3.004e-01  12  sdss  6425  82S  3 
    0  54010.353041  4  23.424  0.515  0.213  0.213  -3.027e+00   2.931e+00   1.198e+00   1.195e+00  13  sdss  6425  82S  3 
  160  54010.352212  0  23.398  0.781  0.407  0.513   1.527e+00   1.241e+00   6.879e-01   8.681e-01  12  sdss  6425  82S  3 
   17  54012.347076  1  22.614  0.415  0.837  0.087   3.176e+00   1.187e+00   2.504e+00   2.593e-01  14  sdss  6433  82S  3 
    1  54012.343759  2  23.528  0.879  0.968  0.236   1.269e+00   1.153e+00   1.370e+00   3.335e-01  13  sdss  6433  82S  3 
    1  54012.344588  3  22.784  0.585  0.887  0.214   2.599e+00   1.469e+00   2.365e+00   5.719e-01  12  sdss  6433  82S  3 
    0  54012.346247  4  22.396  0.801  0.727  0.284   2.189e+00   4.488e+00   3.839e+00   1.498e+00  13  sdss  6433  82S  3 
    1  54012.345418  0  26.143  1.407  0.185  0.517  -1.915e+00   2.409e+00   3.679e-01   1.029e+00  12  sdss  6433  82S  3 
    1  54020.352919  1  23.845  0.941  1.117  0.465   9.337e-01   9.060e-01   1.166e+00   4.856e-01  14  sdss  6447  82S  3 
    0  54020.349602  2  22.367  0.295  0.596  0.188   4.037e+00   1.096e+00   2.266e+00   7.129e-01  13  sdss  6447  82S  3 
    0  54020.350432  3  23.044  0.771  1.395  0.513   1.973e+00   1.559e+00   3.022e+00   1.111e+00  12  sdss  6447  82S  3 
    0  54020.352090  4  22.867  0.868  0.427  0.545  -1.662e-01   4.701e+00   2.082e+00   2.658e+00  13  sdss  6447  82S  3 
    1  54020.351261  0  24.948  1.785  1.646  2.599  -2.765e-01   2.632e+00   1.647e+00   2.601e+00  12  sdss  6447  82S  3 
    0  54024.434636  1  23.911  0.740  0.981  0.609   8.667e-01   6.969e-01   9.749e-01   6.048e-01  14  sdss  6458  82S  3 
    0  54024.431318  2  23.351  0.631  1.354  0.443   1.536e+00   9.648e-01   2.199e+00   7.195e-01  13  sdss  6458  82S  3 
    0  54024.432148  3  22.845  0.585  1.234  0.448   2.440e+00   1.401e+00   3.129e+00   1.136e+00  12  sdss  6458  82S  3 
   32  54024.433806  4  22.658  0.884  1.165  0.717   8.567e-01   4.838e+00   5.757e+00   3.544e+00  13  sdss  6458  82S  3 
  128  54024.432977  0  22.504  0.745  0.331  0.722   3.780e+00   2.353e+00   1.182e+00   2.573e+00  12  sdss  6458  82S  3 
    0  54028.423214  1  24.189  0.662  0.899  0.508   6.167e-01   5.338e-01   7.363e-01   4.164e-01  14  sdss  6471  82S  3 
    0  54028.419897  2  22.708  0.319  0.480  0.164   2.920e+00   8.719e-01   1.346e+00   4.611e-01  13  sdss  6471  82S  3 
   16  54028.420726  3  23.029  0.611  1.021  0.320   2.005e+00   1.275e+00   2.236e+00   7.012e-01  12  sdss  6471  82S  3 
    0  54028.422385  4  22.495  0.869  0.665  0.476   1.675e+00   4.833e+00   3.399e+00   2.436e+00  13  sdss  6471  82S  3 
  160  54028.421556  0  24.543  1.377  0.812  1.763   1.189e-01   1.725e+00   7.912e-01   1.719e+00  12  sdss  6471  82S  3 
   16  54030.346857  1  24.038  0.506  0.617  0.251   7.465e-01   4.491e-01   5.590e-01   2.274e-01  14  sdss  6479  82S  3 
   16  54030.343540  2  22.596  0.234  0.270  0.086   3.251e+00   7.160e-01   8.353e-01   2.658e-01  13  sdss  6479  82S  3 
   16  54030.344369  3  22.754  0.425  0.454  0.127   2.681e+00   1.123e+00   1.242e+00   3.461e-01  12  sdss  6479  82S  3 
    0  54030.346027  4  22.631  0.671  0.290  0.260   9.904e-01   3.525e+00   1.439e+00   1.292e+00  13  sdss  6479  82S  3 
  128  54030.345198  0  25.289  1.099  0.416  0.890  -6.377e-01   1.346e+00   4.692e-01   1.005e+00  12  sdss  6479  82S  3 
    0  54035.422565  1  24.077  0.835  2.012  0.967   7.116e-01   7.112e-01   1.774e+00   8.532e-01  14  sdss  6501  82S  3 
    0  54035.419247  2  24.890  1.153  3.092  0.963  -7.039e-02   1.106e+00   2.479e+00   7.719e-01  13  sdss  6501  82S  3 
    0  54035.420077  3  22.395  0.530  1.507  0.415   3.829e+00   1.849e+00   5.593e+00   1.543e+00  12  sdss  6501  82S  3 
    0  54035.421735  4  23.401  0.946  1.243  0.627  -2.899e+00   5.606e+00   6.909e+00   3.488e+00  13  sdss  6501  82S  3 
   34  54035.420906  0  22.866  1.183  0.543  1.358   2.658e+00   2.506e+00   1.413e+00   3.531e+00  12  sdss  6501  82S  3 
   16  54037.328096  1  24.991  0.687  0.816  0.374   7.499e-02   4.337e-01   4.837e-01   2.216e-01  14  sdss  6508  82S  3 
   16  54037.324779  2  23.288  0.404  0.490  0.157   1.641e+00   6.703e-01   8.371e-01   2.680e-01  13  sdss  6508  82S  3 
  144  54037.325608  3  23.016  0.484  0.638  0.236   2.034e+00   1.036e+00   1.412e+00   5.222e-01  12  sdss  6508  82S  3 
    0  54037.327267  4  22.343  0.544  0.417  0.241   2.471e+00   2.991e+00   2.245e+00   1.299e+00  13  sdss  6508  82S  3 
  128  54037.326438  0  24.908  1.109  0.365  1.035  -2.371e-01   1.284e+00   3.619e-01   1.028e+00  12  sdss  6508  82S  3 
    1  54040.342397  1  25.463  1.370  1.601  0.733  -2.064e-01   1.052e+00   9.905e-01   4.537e-01  14  sdss  6518  82S  3 
   33  54040.339080  2  24.642  1.145  2.045  0.578   1.284e-01   1.098e+00   1.652e+00   4.666e-01  13  sdss  6518  82S  3 
    0  54040.339909  3  23.163  0.773  1.229  0.353   1.726e+00   1.449e+00   2.433e+00   6.987e-01  12  sdss  6518  82S  3 
    0  54040.341568  4  22.327  0.778  0.468  0.352   2.558e+00   4.418e+00   2.532e+00   1.908e+00  13  sdss  6518  82S  3 
  161  54040.340739  0  23.839  1.547  0.690  1.282   8.805e-01   2.200e+00   8.671e-01   1.610e+00  12  sdss  6518  82S  3 
    3  54047.372923  1  22.208  0.915  1.796  0.399   4.640e+00   3.252e+00   7.767e+00   1.723e+00  14  sdss  6530  82S  3 
    3  54047.369606  2  22.250  0.741  1.369  0.386   4.508e+00   2.748e+00   5.787e+00   1.632e+00  13  sdss  6530  82S  3 
   35  54047.370435  3  22.431  1.190  4.231  0.759   3.698e+00   3.408e+00   1.523e+01   2.731e+00  12  sdss  6530  82S  3 
    2  54047.372094  4  24.318  1.039  1.392  0.898  -9.721e+00   9.311e+00   1.420e+01   9.160e+00  13  sdss  6530  82S  3 
   35  54047.371264  0  22.913  3.061  3.290  3.141   2.539e+00   9.131e+00   8.224e+00   7.855e+00  12  sdss  6530  82S  3 
   33  54049.368448  1  25.055  1.530  2.834  1.001   3.726e-02   1.230e+00   1.672e+00   5.902e-01  14  sdss  6537  82S  3 
   33  54049.365131  2  23.467  0.887  1.710  0.452   1.357e+00   1.207e+00   2.536e+00   6.707e-01  13  sdss  6537  82S  3 
   16  54049.365961  3  22.880  0.683  1.552  0.386   2.353e+00   1.567e+00   3.828e+00   9.506e-01  12  sdss  6537  82S  3 
    0  54049.367619  4  21.846  0.795  0.862  0.471   5.503e+00   5.451e+00   6.061e+00   3.311e+00  13  sdss  6537  82S  3 
    1  54049.366790  0  22.592  1.564  0.372  0.783   3.473e+00   3.710e+00   1.227e+00   2.583e+00  12  sdss  6537  82S  3 
 1168  54053.348190  1  23.963  0.654  2.437  0.412   8.161e-01   6.010e-01   2.330e+00   3.944e-01  14  sdss  6556  82S  3 
   48  54053.344873  2  24.137  0.847  1.697  0.463   5.655e-01   8.337e-01   1.619e+00   4.414e-01  13  sdss  6556  82S  3 
 1168  54053.345702  3  27.079  0.183  1.356  0.095  -7.801e+00   1.316e+00   9.850e+00   6.875e-01  12  sdss  6556  82S  3 
 1176  54053.347360  4  19.969  0.161  1.249  0.062   3.683e+01   5.463e+00   4.279e+01   2.126e+00  13  sdss  6556  82S  3 
  128  54053.346531  0  22.811  0.692  0.580  0.580   2.806e+00   1.715e+00   1.581e+00   1.582e+00  12  sdss  6556  82S  3 
   16  54056.334170  1  25.980  0.765  2.040  0.762  -5.624e-01   5.964e-01   1.601e+00   5.982e-01  14  sdss  6568  82S  3 
   16  54056.330853  2  25.259  0.969  2.513  0.802  -3.762e-01   9.210e-01   2.188e+00   6.982e-01  13  sdss  6568  82S  3 
   16  54056.331682  3  23.121  0.709  1.752  0.464   1.811e+00   1.374e+00   3.578e+00   9.481e-01  12  sdss  6568  82S  3 
    0  54056.333341  4  22.075  0.824  0.997  0.524   4.004e+00   5.103e+00   6.097e+00   3.204e+00  13  sdss  6568  82S  3 
  128  54056.332512  0  26.204  1.120  0.432  1.241  -2.041e+00   2.021e+00   9.028e-01   2.595e+00  12  sdss  6568  82S  3 
   16  54059.328291  1  25.724  0.784  2.037  0.799  -3.758e-01   5.543e-01   1.393e+00   5.458e-01  14  sdss  6580  82S  3 
   16  54059.324974  2  25.305  0.934  2.840  0.761  -4.167e-01   8.904e-01   2.516e+00   6.741e-01  13  sdss  6580  82S  3 
   16  54059.325803  3  23.084  0.726  1.671  0.525   1.887e+00   1.437e+00   3.511e+00   1.102e+00  12  sdss  6580  82S  3 
    0  54059.327462  4  23.171  0.979  0.832  0.758  -1.676e+00   5.579e+00   4.258e+00   3.876e+00  13  sdss  6580  82S  3 
    0  54059.326633  0  26.801  0.634  0.379  0.879  -3.685e+00   2.018e+00   1.319e+00   3.064e+00  12  sdss  6580  82S  3 
   16  54061.339615  1  25.383  1.032  4.031  1.533  -1.576e-01   7.135e-01   2.445e+00   9.297e-01  14  sdss  6592  82S  3 
   18  54061.336298  2  25.171  1.272  7.000  1.901  -3.007e-01   1.290e+00   5.917e+00   1.607e+00  13  sdss  6592  82S  3 
   18  54061.337127  3  24.621  1.250  5.961  1.673  -3.092e-01   1.847e+00   7.260e+00   2.037e+00  12  sdss  6592  82S  3 
    0  54061.338786  4  24.306  0.708  0.959  0.605  -9.600e+00   6.635e+00   9.678e+00   6.106e+00  13  sdss  6592  82S  3 
  130  54061.337956  0  21.975  0.602  0.776  1.156   6.228e+00   3.155e+00   4.452e+00   6.630e+00  12  sdss  6592  82S  3 
   48  54062.333002  1  25.087  0.780  1.500  0.576   1.844e-02   4.997e-01   8.836e-01   3.395e-01  14  sdss  6596  82S  3 
   48  54062.329685  2  24.600  0.887  1.645  0.509   1.625e-01   7.979e-01   1.337e+00   4.141e-01  13  sdss  6596  82S  3 
   32  54062.330515  3  23.990  0.933  1.447  0.476   4.486e-01   1.284e+00   1.815e+00   5.969e-01  12  sdss  6596  82S  3 
    0  54062.332173  4  23.304  0.824  0.563  0.327  -2.370e+00   4.666e+00   3.009e+00   1.747e+00  13  sdss  6596  82S  3 
   32  54062.331344  0  23.977  1.308  1.220  1.267   7.125e-01   1.702e+00   1.421e+00   1.477e+00  12  sdss  6596  82S  3 
    0  54064.329406  1  25.971  0.684  1.190  0.524  -5.554e-01   5.302e-01   9.291e-01   4.093e-01  14  sdss  6604  82S  3 
   16  54064.326089  2  26.120  0.567  0.920  0.287  -1.331e+00   7.944e-01   1.345e+00   4.197e-01  13  sdss  6604  82S  3 
   16  54064.326918  3  23.682  0.842  1.504  0.492   8.590e-01   1.233e+00   2.141e+00   7.004e-01  12  sdss  6604  82S  3 
    0  54064.328576  4  23.135  0.816  0.409  0.409  -1.492e+00   4.469e+00   2.074e+00   2.072e+00  13  sdss  6604  82S  3 
    0  54064.327747  0  25.872  1.119  0.957  0.976  -1.425e+00   1.684e+00   1.547e+00   1.577e+00  12  sdss  6604  82S  3 
  131  54068.313301  1  25.951  1.447  3.282  1.218  -5.400e-01   1.222e+00   2.532e+00   9.397e-01  14  sdss  6618  82S  3 
    0  54068.309984  2  25.516  1.287  4.075  1.022  -6.128e-01   1.384e+00   3.987e+00   1.000e+00  13  sdss  6618  82S  3 
   16  54068.310814  3  25.415  1.104  3.498  0.886  -1.452e+00   1.905e+00   6.239e+00   1.580e+00  12  sdss  6618  82S  3 
    0  54068.312472  4  24.685  0.531  0.776  0.458  -1.410e+01   6.936e+00   1.076e+01   6.350e+00  13  sdss  6618  82S  3 
    2  54068.311643  0  21.788  0.502  0.449  0.658   7.406e+00   3.194e+00   3.050e+00   4.473e+00  12  sdss  6618  82S  3 
