# SDSS CID:  21379 IAU:          RA:  45.488674 DEC:  -0.258934  (J2000)
# GALAXY_SB [ugriz] = [ 23.85 24.49 23.82 23.39 22.32 ] +/- [  0.20  0.09  0.07  0.06  0.08 ] (asinh mag/square arcsec)
# GALAXY_SB_FLUX [ugriz] = [  8.264E-01  3.884E-01  8.965E-01  1.317E+00  2.544E+00 ] +/- [  2.479E-01  6.365E-02  7.676E-02  1.102E-01  4.466E-01 ] (microJy per square arcsec)
#FLAG  MJD       FILT  MAG     MERR  MSKYERR MGALERR  FLUX       FLUXERR    SKYERR     GALERR    NPRE TELE   RUN  STRIP  IDCCD
    1  54347.431989  1  24.387  1.039  0.701  0.369   4.636e-01   7.883e-01   5.086e-01   2.676e-01  14  sdss  6930  82S  3 
   32  54347.428671  2  24.139  0.971  0.352  0.354   5.637e-01   9.699e-01   3.350e-01   3.371e-01  14  sdss  6930  82S  3 
   32  54347.429501  3  23.966  0.914  0.318  0.371   4.799e-01   1.259e+00   4.018e-01   4.691e-01  14  sdss  6930  82S  3 
    0  54347.431159  4  23.156  0.609  0.106  0.287  -1.600e+00   3.230e+00   5.381e-01   1.460e+00  13  sdss  6930  82S  3 
  129  54347.430330  0  25.431  1.566  0.489  1.201  -8.040e-01   2.216e+00   5.913e-01   1.454e+00  10  sdss  6930  82S  3 
    0  54357.407241  1  25.195  0.687  0.339  0.375  -4.538e-02   4.326e-01   1.999e-01   2.211e-01  14  sdss  6955  82S  3 
   32  54357.403923  2  24.659  0.775  0.151  0.330   1.149e-01   6.763e-01   1.214e-01   2.655e-01  14  sdss  6955  82S  3 
   32  54357.404753  3  24.008  0.900  0.241  0.286   4.270e-01   1.227e+00   3.004e-01   3.566e-01  14  sdss  6955  82S  3 
    0  54357.406411  4  23.527  0.488  0.263  0.205  -3.622e+00   2.894e+00   1.551e+00   1.208e+00  13  sdss  6955  82S  3 
    0  54357.405582  0  24.640  1.177  0.402  1.174   2.441e-02   1.378e+00   3.900e-01   1.138e+00  10  sdss  6955  82S  3 
    0  54362.457720  1  25.439  0.712  0.511  0.464  -1.919e-01   4.635e-01   3.143e-01   2.848e-01  14  sdss  6976  82S  3 
    0  54362.454402  2  25.237  0.744  0.146  0.266  -3.569e-01   6.762e-01   1.258e-01   2.300e-01  14  sdss  6976  82S  3 
   32  54362.455232  3  24.134  0.826  0.272  0.272   2.717e-01   1.089e+00   3.289e-01   3.293e-01  14  sdss  6976  82S  3 
    0  54362.456890  4  23.874  0.513  0.262  0.222  -5.895e+00   3.673e+00   1.911e+00   1.622e+00  13  sdss  6976  82S  3 
  128  54362.456061  0  25.929  0.881  0.063  0.643  -1.520e+00   1.378e+00   1.061e-01   1.079e+00  10  sdss  6976  82S  3 
    1  54376.453633  1  24.177  0.780  0.240  0.300   6.265e-01   6.299e-01   1.974e-01   2.471e-01  14  sdss  7016  82S  3 
    0  54376.450316  2  25.475  0.841  0.275  0.303  -5.722e-01   8.285e-01   2.632e-01   2.894e-01  14  sdss  7016  82S  3 
    0  54376.451145  3  24.836  0.861  0.275  0.243  -5.794e-01   1.192e+00   3.569e-01   3.159e-01  14  sdss  7016  82S  3 
    0  54376.452804  4  23.298  0.677  0.316  0.247  -2.339e+00   3.750e+00   1.685e+00   1.317e+00  13  sdss  7016  82S  3 
  129  54376.451975  0  24.188  1.432  0.466  1.108   4.782e-01   1.870e+00   4.940e-01   1.175e+00  10  sdss  7016  82S  3 
    0  54382.438695  1  26.100  0.696  0.906  0.804  -6.601e-01   5.750e-01   7.647e-01   6.790e-01  14  sdss  7038  82S  3 
   32  54382.435378  2  23.710  0.840  0.600  0.698   1.028e+00   9.956e-01   7.413e-01   8.637e-01  14  sdss  7038  82S  3 
  160  54382.436207  3  24.314  1.026  0.888  0.795   5.688e-02   1.405e+00   1.053e+00   9.418e-01  14  sdss  7038  82S  3 
    0  54382.437866  4  23.532  0.803  0.817  0.592  -3.652e+00   4.861e+00   4.837e+00   3.510e+00  13  sdss  7038  82S  3 
  130  54382.437037  0  26.435  0.933  0.537  1.746  -2.580e+00   2.032e+00   1.354e+00   4.401e+00  10  sdss  7038  82S  3 
    0  54385.456785  1  24.300  0.654  0.611  0.455   5.286e-01   4.973e-01   4.656e-01   3.471e-01  14  sdss  7051  82S  3 
   32  54385.453468  2  24.613  0.832  0.403  0.392   1.522e-01   7.382e-01   3.266e-01   3.176e-01  14  sdss  7051  82S  3 
    0  54385.454297  3  24.516  0.837  0.331  0.312  -1.828e-01   1.099e+00   3.964e-01   3.733e-01  14  sdss  7051  82S  3 
    0  54385.455956  4  23.627  0.569  0.424  0.278  -4.229e+00   3.546e+00   2.645e+00   1.733e+00  13  sdss  7051  82S  3 
    0  54385.455126  0  24.962  1.290  0.567  1.391  -2.906e-01   1.583e+00   5.688e-01   1.396e+00  10  sdss  7051  82S  3 
    0  54387.457266  1  26.072  0.799  0.830  0.994  -6.366e-01   6.490e-01   6.876e-01   8.236e-01  14  sdss  7057  82S  3 
    0  54387.453949  2  23.151  0.607  0.645  0.525   1.891e+00   1.084e+00   1.234e+00   1.004e+00  14  sdss  7057  82S  3 
   32  54387.454778  3  23.647  0.958  0.905  0.717   9.099e-01   1.438e+00   1.311e+00   1.039e+00  14  sdss  7057  82S  3 
   32  54387.456437  4  22.790  0.921  0.526  0.881   2.095e-01   5.055e+00   2.568e+00   4.299e+00  13  sdss  7057  82S  3 
    2  54387.455608  0  26.551  0.932  0.148  1.336  -2.894e+00   2.218e+00   4.125e-01   3.720e+00  10  sdss  7057  82S  3 
    2  54390.449664  1  23.706  0.706  1.096  0.986   1.087e+00   7.616e-01   1.268e+00   1.141e+00  14  sdss  7071  82S  3 
    2  54390.446347  2  25.814  1.138  0.615  1.014  -9.307e-01   1.305e+00   7.192e-01   1.186e+00  14  sdss  7071  82S  3 
   34  54390.447177  3  23.058  1.035  0.687  0.811   1.942e+00   2.017e+00   1.470e+00   1.735e+00  14  sdss  7071  82S  3 
    0  54390.448835  4  23.037  1.190  0.492  1.151  -1.001e+00   7.080e+00   2.441e+00   5.714e+00  13  sdss  7071  82S  3 
 1158  54390.448006  0  25.957  1.650  1.775  2.544  -1.567e+00   2.680e+00   3.042e+00   4.359e+00  10  sdss  7071  82S  3 
    2  54391.455020  2  25.231  1.346  2.290  1.648  -3.517e-01   1.404e+00   1.974e+00   1.420e+00  14  sdss  7074  82S  3 
    2  54391.455850  3  25.552  1.367  1.024  1.043  -1.708e+00   2.535e+00   2.011e+00   2.048e+00  14  sdss  7074  82S  3 
   34  54391.457509  4  22.422  1.394  2.265  2.002   2.053e+00   9.000e+00   1.185e+01   1.047e+01  13  sdss  7074  82S  3 
  130  54391.456679  0  22.358  0.975  0.478  1.712   4.343e+00   3.226e+00   1.928e+00   6.908e+00  10  sdss  7074  82S  3 
    2  54394.440487  1  25.576  1.013  1.894  1.373  -2.777e-01   7.160e-01   1.215e+00   8.806e-01  14  sdss  7084  82S  3 
   32  54394.437169  2  23.539  0.959  0.251  0.608   1.253e+00   1.241e+00   3.519e-01   8.524e-01  14  sdss  7084  82S  3 
    0  54394.437999  3  23.058  0.913  1.133  0.573   1.942e+00   1.797e+00   2.423e+00   1.225e+00  14  sdss  7084  82S  3 
    0  54394.439657  4  21.321  0.763  0.782  0.598   9.993e+00   7.277e+00   8.147e+00   6.228e+00  13  sdss  7084  82S  3 
 1154  54394.438828  0  22.176  0.676  0.670  1.076   5.158e+00   2.880e+00   3.185e+00   5.111e+00  10  sdss  7084  82S  3 
   32  54396.460625  1  24.149  0.883  0.462  0.965   6.499e-01   7.236e-01   3.868e-01   8.078e-01  14  sdss  7096  82S  3 
    0  54396.457308  2  23.465  0.907  0.833  0.577   1.359e+00   1.232e+00   1.235e+00   8.552e-01  14  sdss  7096  82S  3 
    0  54396.458137  3  22.937  0.803  0.575  0.457   2.214e+00   1.734e+00   1.352e+00   1.075e+00  14  sdss  7096  82S  3 
   40  54396.459796  4  22.772  1.081  2.267  0.879   2.974e-01   6.193e+00   1.107e+01   4.294e+00  13  sdss  7096  82S  3 
  130  54396.458967  0  24.795  1.763  1.457  3.645  -1.253e-01   2.568e+00   1.421e+00   3.555e+00  10  sdss  7096  82S  3 
    1  54402.450912  1  23.915  1.845  0.717  0.498   8.625e-01   1.871e+00   7.064e-01   4.909e-01  14  sdss  7101  82S  3 
   33  54402.447595  2  24.214  1.421  0.771  0.443   4.934e-01   1.548e+00   7.080e-01   4.073e-01  14  sdss  7101  82S  3 
    1  54402.448424  3  23.388  1.011  0.575  0.277   1.315e+00   1.677e+00   9.714e-01   4.680e-01  14  sdss  7101  82S  3 
    0  54402.450082  4  24.062  0.658  0.248  0.288  -7.362e+00   5.246e+00   2.072e+00   2.401e+00  13  sdss  7101  82S  3 
    1  54402.449253  0  27.468  1.037  0.321  0.305  -6.911e+00   5.155e+00   2.025e+00   1.925e+00  10  sdss  7101  82S  3 
    0  54408.364982  1  23.473  0.321  0.117  0.127   1.383e+00   4.395e-01   1.629e-01   1.771e-01  14  sdss  7127  82S  3 
    0  54408.361665  2  23.105  0.346  0.113  0.084   1.980e+00   6.711e-01   2.238e-01   1.664e-01  14  sdss  7127  82S  3 
    0  54408.362494  3  22.994  0.497  0.234  0.110   2.083e+00   1.078e+00   5.257e-01   2.463e-01  14  sdss  7127  82S  3 
    0  54408.364152  4  23.432  0.567  0.314  0.176  -3.073e+00   3.245e+00   1.767e+00   9.917e-01  13  sdss  7127  82S  3 
    0  54408.363323  0  24.993  1.143  0.150  0.778  -3.226e-01   1.346e+00   1.517e-01   7.868e-01  10  sdss  7127  82S  3 
    0  54411.323003  1  24.031  0.565  0.440  0.379   7.523e-01   4.992e-01   3.988e-01   3.438e-01  14  sdss  7136  82S  3 
    0  54411.319686  2  22.723  0.260  0.075  0.091   2.878e+00   7.053e-01   2.061e-01   2.501e-01  14  sdss  7136  82S  3 
    0  54411.320515  3  23.232  0.609  0.194  0.216   1.594e+00   1.108e+00   3.657e-01   4.060e-01  14  sdss  7136  82S  3 
    0  54411.322173  4  21.490  0.399  0.246  0.191   8.347e+00   3.550e+00   2.238e+00   1.742e+00  13  sdss  7136  82S  3 
    0  54411.321344  0  23.866  1.144  0.457  0.875   8.469e-01   1.476e+00   5.639e-01   1.080e+00  10  sdss  7136  82S  3 
    2  54413.363934  1  23.219  0.455  0.807  0.739   1.782e+00   7.544e-01   1.400e+00   1.282e+00  14  sdss  7145  82S  3 
  162  54413.360617  2  23.259  0.801  1.029  0.891   1.692e+00   1.270e+00   1.798e+00   1.558e+00  14  sdss  7145  82S  3 
   34  54413.361446  3  24.086  1.406  2.340  2.227   3.303e-01   2.189e+00   2.860e+00   2.722e+00  14  sdss  7145  82S  3 
    2  54413.363105  4  20.786  0.462  0.357  0.508   1.703e+01   7.219e+00   5.861e+00   8.341e+00  13  sdss  7145  82S  3 
  138  54413.362276  0  23.064  1.733  3.424  3.583   2.180e+00   3.172e+00   7.506e+00   7.854e+00  10  sdss  7145  82S  3 
    0  54415.375383  1  23.684  0.397  0.106  0.188   1.113e+00   4.557e-01   1.252e-01   2.215e-01  14  sdss  7152  82S  3 
    0  54415.372065  2  22.434  0.200  0.034  0.065   3.790e+00   7.075e-01   1.201e-01   2.339e-01  14  sdss  7152  82S  3 
    0  54415.372895  3  22.879  0.458  0.174  0.134   2.355e+00   1.088e+00   4.293e-01   3.302e-01  14  sdss  7152  82S  3 
   32  54415.374553  4  22.594  0.627  0.301  0.253   1.176e+00   3.291e+00   1.506e+00   1.265e+00  13  sdss  7152  82S  3 
    0  54415.373724  0  25.644  1.074  0.193  0.809  -1.081e+00   1.459e+00   2.654e-01   1.112e+00  10  sdss  7152  82S  3 
    0  54417.365571  1  23.072  0.255  0.132  0.170   2.055e+00   4.943e-01   2.609e-01   3.359e-01  14  sdss  7158  82S  3 
    0  54417.362254  2  22.438  0.207  0.036  0.078   3.776e+00   7.288e-01   1.278e-01   2.766e-01  14  sdss  7158  82S  3 
    0  54417.363083  3  23.312  0.672  0.258  0.218   1.447e+00   1.160e+00   4.586e-01   3.876e-01  14  sdss  7158  82S  3 
   32  54417.364741  4  22.594  0.756  0.451  0.365   1.176e+00   4.057e+00   2.253e+00   1.826e+00  13  sdss  7158  82S  3 
  136  54417.363912  0  24.933  1.247  0.813  1.367  -2.620e-01   1.506e+00   8.107e-01   1.363e+00  10  sdss  7158  82S  3 
    0  54418.363956  1  23.143  0.303  0.189  0.270   1.919e+00   5.500e-01   3.504e-01   5.000e-01  14  sdss  7161  82S  3 
    0  54418.360639  2  22.702  0.321  0.191  0.190   2.937e+00   8.809e-01   5.382e-01   5.343e-01  14  sdss  7161  82S  3 
    0  54418.361468  3  22.905  0.597  0.327  0.303   2.292e+00   1.363e+00   7.885e-01   7.317e-01  14  sdss  7161  82S  3 
    0  54418.363127  4  22.121  0.779  0.493  0.486   3.728e+00   4.729e+00   2.942e+00   2.899e+00  13  sdss  7161  82S  3 
    0  54418.362298  0  26.233  0.940  0.139  1.065  -2.104e+00   1.771e+00   2.956e-01   2.269e+00  10  sdss  7161  82S  3 
    2  54422.368320  1  23.566  0.533  0.237  0.658   1.259e+00   6.569e-01   3.074e-01   8.518e-01  14  sdss  7173  82S  3 
    0  54422.365003  2  22.814  0.451  0.524  0.366   2.636e+00   1.098e+00   1.337e+00   9.337e-01  14  sdss  7173  82S  3 
    0  54422.365832  3  22.601  0.522  0.446  0.325   3.128e+00   1.534e+00   1.385e+00   1.007e+00  14  sdss  7173  82S  3 
   32  54422.367491  4  22.124  0.940  1.076  0.726   3.710e+00   5.793e+00   6.408e+00   4.320e+00  13  sdss  7173  82S  3 
    2  54422.366662  0  22.296  0.561  0.201  0.807   4.606e+00   2.216e+00   8.562e-01   3.441e+00  10  sdss  7173  82S  3 
    1  54424.304274  1  23.141  0.479  0.150  0.131   1.922e+00   8.448e-01   2.779e-01   2.434e-01  14  sdss  7183  82S  3 
    1  54424.300957  2  22.464  0.251  0.094  0.066   3.684e+00   8.603e-01   3.278e-01   2.312e-01  14  sdss  7183  82S  3 
    0  54424.301786  3  22.535  0.383  0.111  0.117   3.339e+00   1.217e+00   3.636e-01   3.846e-01  14  sdss  7183  82S  3 
    0  54424.303445  4  22.030  0.524  0.054  0.223   4.285e+00   3.275e+00   3.397e-01   1.398e+00  13  sdss  7183  82S  3 
  129  54424.302615  0  22.894  1.030  0.149  0.417   2.586e+00   2.199e+00   3.764e-01   1.054e+00  10  sdss  7183  82S  3 
