# SDSS CID:   7527 IAU:          RA: 335.256317 DEC:  -1.204142  (J2000)
# GALAXY_SB [ugriz] = [ 24.17 23.51 22.96 22.64 22.13 ] +/- [  0.53  0.08  0.05  0.05  0.11 ] (asinh mag/square arcsec)
# GALAXY_SB_FLUX [ugriz] = [  4.669E-01  1.331E+00  2.292E+00  3.020E+00  3.660E+00 ] +/- [  5.606E-01  1.088E-01  1.142E-01  1.568E-01  6.527E-01 ] (microJy per square arcsec)
#FLAG  MJD       FILT  MAG     MERR  MSKYERR MGALERR  FLUX       FLUXERR    SKYERR     GALERR    NPRE TELE   RUN  STRIP  IDCCD
   32  53622.260092  1  24.560  1.024  1.018  1.764   3.432e-01   7.395e-01   6.780e-01   1.175e+00  9  sdss  5582  82S  1 
   32  53622.256775  2  23.751  0.905  0.560  0.886   9.768e-01   1.046e+00   6.708e-01   1.062e+00  11  sdss  5582  82S  1 
    0  53622.257604  3  24.971  1.102  0.629  1.008  -7.601e-01   1.647e+00   8.643e-01   1.385e+00  11  sdss  5582  82S  1 
    0  53622.259263  4  23.367  0.968  0.408  0.991  -2.711e+00   5.699e+00   2.228e+00   5.421e+00  11  sdss  5582  82S  1 
    0  53622.258433  0  25.976  1.286  1.177  4.352  -1.601e+00   2.002e+00   2.000e+00   7.396e+00  8  sdss  5582  82S  1 
    0  53625.256185  1  26.637  0.468  0.154  0.291  -1.216e+00   5.632e-01   1.928e-01   3.636e-01  9  sdss  5597  82S  1 
    0  53625.252868  2  25.338  0.784  0.190  0.293  -4.457e-01   7.350e-01   1.703e-01   2.628e-01  11  sdss  5597  82S  1 
   32  53625.253697  3  23.890  0.817  0.166  0.288   5.762e-01   1.123e+00   2.146e-01   3.730e-01  11  sdss  5597  82S  1 
    0  53625.255355  4  23.477  0.588  0.065  0.321  -3.328e+00   3.424e+00   3.742e-01   1.844e+00  11  sdss  5597  82S  1 
  128  53625.254526  0  24.880  1.144  0.153  2.165  -2.092e-01   1.335e+00   1.505e-01   2.135e+00  8  sdss  5597  82S  1 
    1  53627.217344  1  26.696  0.907  0.205  0.393  -1.293e+00   1.057e+00   2.686e-01   5.157e-01  9  sdss  5607  82S  1 
    1  53627.214027  2  25.171  1.154  0.327  0.607  -3.005e-01   1.131e+00   2.765e-01   5.127e-01  11  sdss  5607  82S  1 
    0  53627.214856  3  25.094  0.959  0.277  0.409  -9.335e-01   1.448e+00   4.046e-01   5.973e-01  11  sdss  5607  82S  1 
    0  53627.216514  4  23.626  0.674  0.156  0.381  -4.221e+00   4.194e+00   9.692e-01   2.365e+00  11  sdss  5607  82S  1 
   33  53627.215685  0  24.184  1.714  0.148  3.243   4.823e-01   2.478e+00   1.564e-01   3.425e+00  8  sdss  5607  82S  1 
    3  53634.209236  1  27.944  0.584  0.405  0.639  -4.290e+00   2.110e+00   1.593e+00   2.515e+00  9  sdss  5619  82S  1 
  131  53634.205920  2  25.493  1.710  1.626  2.573  -5.896e-01   2.077e+00   1.568e+00   2.481e+00  11  sdss  5619  82S  1 
   34  53634.206749  3  23.024  1.342  1.433  1.576   2.018e+00   2.642e+00   3.149e+00   3.463e+00  11  sdss  5619  82S  1 
    0  53634.208407  4  24.323  0.718  0.245  0.931  -9.770e+00   6.747e+00   2.491e+00   9.456e+00  11  sdss  5619  82S  1 
   33  53634.207578  0  21.967  2.062  0.704  2.693   6.268e+00   6.633e+00   3.911e+00   1.495e+01  8  sdss  5619  82S  1 
    1  53636.214628  1  25.158  1.032  0.807  0.743  -2.368e-02   7.037e-01   4.759e-01   4.379e-01  9  sdss  5628  82S  1 
   32  53636.211312  2  24.122  0.947  0.514  0.409   5.800e-01   9.477e-01   4.930e-01   3.920e-01  11  sdss  5628  82S  1 
   56  53636.212141  3  23.733  0.876  1.459  0.441   7.873e-01   1.268e+00   2.023e+00   6.123e-01  11  sdss  5628  82S  1 
    0  53636.213799  4  22.986  0.750  0.219  0.496  -7.517e-01   3.981e+00   1.076e+00   2.445e+00  11  sdss  5628  82S  1 
  129  53636.212970  0  25.936  1.191  0.571  1.978  -1.532e+00   1.818e+00   9.430e-01   3.265e+00  8  sdss  5628  82S  1 
 1152  53648.256395  1  26.036  1.019  1.356  1.585  -6.071e-01   8.198e-01   1.093e+00   1.278e+00  9  sdss  5698  82S  1 
 1176  53648.253078  2  25.098  1.327  5.320  1.595  -2.391e-01   1.360e+00   4.406e+00   1.321e+00  11  sdss  5698  82S  1 
  128  53648.253907  3  26.358  0.542  0.581  0.464  -3.940e+00   1.929e+00   2.210e+00   1.763e+00  11  sdss  5698  82S  1 
    0  53648.255566  4  24.570  0.640  0.460  0.660  -1.258e+01   7.377e+00   5.732e+00   8.224e+00  11  sdss  5698  82S  1 
   10  53648.254736  0  25.287  1.739  3.317  7.804  -6.355e-01   2.564e+00   3.702e+00   8.710e+00  8  sdss  5698  82S  1 
    1  53655.185885  1  27.711  0.495  0.196  0.429  -3.451e+00   1.482e+00   6.247e-01   1.368e+00  9  sdss  5713  82S  1 
  129  53655.182568  2  26.865  0.549  0.179  0.369  -2.835e+00   1.393e+00   4.865e-01   1.004e+00  11  sdss  5713  82S  1 
   32  53655.183398  3  22.993  0.924  0.475  0.637   2.087e+00   1.893e+00   1.069e+00   1.434e+00  11  sdss  5713  82S  1 
    0  53655.185056  4  24.017  0.808  0.131  0.790  -6.988e+00   6.142e+00   1.049e+00   6.341e+00  11  sdss  5713  82S  1 
    1  53655.184227  0  21.450  0.581  0.260  0.865   1.014e+01   4.735e+00   2.309e+00   7.698e+00  8  sdss  5713  82S  1 
   33  53664.210003  1  22.583  0.517  0.300  0.503   3.271e+00   1.463e+00   9.071e-01   1.521e+00  9  sdss  5754  82S  1 
   33  53664.206687  2  22.802  0.571  0.300  0.442   2.667e+00   1.366e+00   7.706e-01   1.135e+00  11  sdss  5754  82S  1 
   32  53664.207516  3  22.520  0.566  0.303  0.422   3.388e+00   1.762e+00   1.009e+00   1.403e+00  11  sdss  5754  82S  1 
  160  53664.209174  4  21.557  0.740  0.587  0.714   7.758e+00   5.988e+00   5.038e+00   6.131e+00  11  sdss  5754  82S  1 
   35  53664.208345  0  23.049  1.861  0.282  3.798   2.214e+00   3.441e+00   6.101e-01   8.203e+00  8  sdss  5754  82S  1 
   32  53666.173340  1  22.423  0.155  0.086  0.140   3.800e+00   5.388e-01   3.024e-01   4.904e-01  9  sdss  5763  82S  1 
   32  53666.170023  2  22.398  0.226  0.067  0.113   3.923e+00   8.192e-01   2.464e-01   4.146e-01  11  sdss  5763  82S  1 
   32  53666.170853  3  22.184  0.287  0.082  0.111   4.692e+00   1.257e+00   3.668e-01   4.957e-01  11  sdss  5763  82S  1 
    0  53666.172511  4  23.011  0.827  0.315  0.506  -8.713e-01   4.467e+00   1.557e+00   2.498e+00  11  sdss  5763  82S  1 
   32  53666.171682  0  23.693  1.109  0.537  2.358   1.073e+00   1.493e+00   7.232e-01   3.176e+00  8  sdss  5763  82S  1 
   32  53669.168688  1  22.520  0.171  0.080  0.186   3.470e+00   5.435e-01   2.555e-01   5.973e-01  9  sdss  5776  82S  1 
   32  53669.165371  2  22.145  0.164  0.045  0.069   4.976e+00   7.544e-01   2.094e-01   3.172e-01  11  sdss  5776  82S  1 
    0  53669.166201  3  21.651  0.169  0.050  0.059   7.755e+00   1.209e+00   3.607e-01   4.267e-01  11  sdss  5776  82S  1 
   32  53669.167859  4  21.550  0.497  0.070  0.283   7.819e+00   4.156e+00   6.022e-01   2.445e+00  11  sdss  5776  82S  1 
  160  53669.167030  0  23.240  0.866  0.352  1.766   1.813e+00   1.470e+00   6.522e-01   3.276e+00  8  sdss  5776  82S  1 
   34  53671.253636  1  22.067  0.214  0.288  0.488   5.292e+00   1.024e+00   1.392e+00   2.359e+00  9  sdss  5786  82S  1 
  162  53671.250319  2  22.331  0.417  0.470  0.552   4.179e+00   1.560e+00   1.836e+00   2.158e+00  11  sdss  5786  82S  1 
  162  53671.251148  3  21.684  0.366  0.458  0.501   7.520e+00   2.475e+00   3.208e+00   3.504e+00  11  sdss  5786  82S  1 
    2  53671.252806  4  24.286  1.141  1.452  1.706  -9.406e+00   9.863e+00   1.432e+01   1.683e+01  11  sdss  5786  82S  1 
    2  53671.251977  0  26.684  1.568  0.377  4.761  -3.294e+00   3.495e+00   1.143e+00   1.443e+01  8  sdss  5786  82S  1 
   32  53674.152725  1  22.411  0.163  0.096  0.186   3.843e+00   5.707e-01   3.387e-01   6.594e-01  9  sdss  5797  82S  1 
   32  53674.149408  2  21.885  0.144  0.047  0.080   6.340e+00   8.364e-01   2.742e-01   4.674e-01  11  sdss  5797  82S  1 
   32  53674.150238  3  21.390  0.136  0.038  0.064   9.888e+00   1.236e+00   3.490e-01   5.817e-01  11  sdss  5797  82S  1 
   32  53674.151896  4  21.636  0.487  0.168  0.344   7.093e+00   3.842e+00   1.361e+00   2.783e+00  11  sdss  5797  82S  1 
  168  53674.151067  0  23.707  1.071  0.888  2.572   1.055e+00   1.430e+00   1.187e+00   3.436e+00  8  sdss  5797  82S  1 
   32  53676.241966  1  22.259  0.140  0.079  0.131   4.427e+00   5.672e-01   3.216e-01   5.327e-01  9  sdss  5807  82S  1 
  128  53676.238649  2  21.624  0.106  0.026  0.036   8.077e+00   7.844e-01   1.957e-01   2.688e-01  11  sdss  5807  82S  1 
    0  53676.239478  3  21.647  0.155  0.046  0.048   7.784e+00   1.118e+00   3.350e-01   3.459e-01  11  sdss  5807  82S  1 
   32  53676.241136  4  22.827  0.658  0.275  0.380   2.917e-02   3.412e+00   1.341e+00   1.853e+00  11  sdss  5807  82S  1 
   40  53676.240307  0  23.092  0.821  0.532  1.292   2.118e+00   1.550e+00   1.109e+00   2.694e+00  8  sdss  5807  82S  1 
   32  53679.213524  1  22.343  0.198  0.169  0.334   4.095e+00   7.379e-01   6.375e-01   1.258e+00  9  sdss  5820  82S  1 
   32  53679.210207  2  21.639  0.151  0.109  0.144   7.966e+00   1.102e+00   8.027e-01   1.054e+00  11  sdss  5820  82S  1 
   32  53679.211036  3  21.345  0.166  0.110  0.147   1.031e+01   1.567e+00   1.048e+00   1.403e+00  11  sdss  5820  82S  1 
   32  53679.212695  4  21.479  0.585  0.420  0.618   8.455e+00   5.091e+00   3.832e+00   5.637e+00  11  sdss  5820  82S  1 
  162  53679.211866  0  23.269  1.456  0.957  4.406   1.757e+00   2.369e+00   1.736e+00   7.989e+00  8  sdss  5820  82S  1 
    0  53681.204811  1  22.332  0.141  0.059  0.106   4.136e+00   5.317e-01   2.225e-01   4.046e-01  9  sdss  5836  82S  1 
    0  53681.201494  2  21.880  0.139  0.063  0.053   6.369e+00   8.156e-01   3.697e-01   3.112e-01  11  sdss  5836  82S  1 
    0  53681.202323  3  21.420  0.132  0.059  0.046   9.616e+00   1.169e+00   5.268e-01   4.059e-01  11  sdss  5836  82S  1 
   32  53681.203982  4  21.148  0.297  0.031  0.172   1.194e+01   3.478e+00   3.685e-01   2.057e+00  11  sdss  5836  82S  1 
   32  53681.203152  0  24.455  1.248  0.751  2.878   2.055e-01   1.503e+00   7.397e-01   2.835e+00  8  sdss  5836  82S  1 
   33  53685.163424  1  22.286  0.492  0.272  0.132   4.318e+00   1.830e+00   1.076e+00   5.228e-01  9  sdss  5853  82S  1 
   33  53685.160107  2  22.320  0.384  0.071  0.078   4.222e+00   1.458e+00   2.801e-01   3.075e-01  11  sdss  5853  82S  1 
   33  53685.160936  3  21.769  0.291  0.147  0.077   6.944e+00   1.847e+00   9.507e-01   5.002e-01  11  sdss  5853  82S  1 
   32  53685.162595  4  20.969  0.370  0.112  0.171   1.426e+01   4.981e+00   1.550e+00   2.377e+00  11  sdss  5853  82S  1 
    1  53685.161765  0  26.513  1.708  0.296  1.086  -2.788e+00   3.430e+00   7.732e-01   2.843e+00  8  sdss  5853  82S  1 
   33  53687.201820  1  22.741  0.752  0.187  0.237   2.819e+00   1.733e+00   4.919e-01   6.222e-01  9  sdss  5870  82S  1 
   33  53687.198503  2  21.601  0.195  0.039  0.060   8.251e+00   1.467e+00   2.958e-01   4.572e-01  11  sdss  5870  82S  1 
   33  53687.199332  3  21.714  0.249  0.087  0.094   7.312e+00   1.670e+00   5.950e-01   6.381e-01  11  sdss  5870  82S  1 
   32  53687.200990  4  21.282  0.457  0.257  0.275   1.041e+01   4.690e+00   2.737e+00   2.939e+00  11  sdss  5870  82S  1 
    1  53687.200161  0  26.469  2.244  0.337  1.696  -2.669e+00   4.764e+00   8.483e-01   4.276e+00  8  sdss  5870  82S  1 
 1084  53697.160322  1  22.389  0.321  2.991  0.188   3.922e+00   1.125e+00   1.079e+01   6.798e-01  9  sdss  5895  82S  1 
   60  53697.157006  2  23.668  1.885  6.387  0.379   1.080e+00   2.590e+00   8.121e+00   4.824e-01  11  sdss  5895  82S  1 
  172  53697.157835  3  21.830  0.360  0.532  0.092   6.559e+00   2.133e+00   3.261e+00   5.634e-01  11  sdss  5895  82S  1 
  132  53697.159493  4  24.509  0.660  0.410  0.255  -1.183e+01   7.214e+00   4.859e+00   3.017e+00  11  sdss  5895  82S  1 
   60  53697.158664  0  22.919  1.488  2.595  1.525   2.521e+00   2.855e+00   6.236e+00   3.665e+00  8  sdss  5895  82S  1 
   32  53700.158923  1  23.642  0.524  0.375  0.568   1.163e+00   6.053e-01   4.539e-01   6.861e-01  9  sdss  5905  82S  1 
   32  53700.155606  2  22.292  0.219  0.118  0.130   4.335e+00   8.769e-01   4.778e-01   5.264e-01  11  sdss  5905  82S  1 
   32  53700.156435  3  22.407  0.377  0.155  0.202   3.785e+00   1.337e+00   5.686e-01   7.407e-01  11  sdss  5905  82S  1 
   32  53700.158094  4  22.523  0.793  0.297  0.638   1.532e+00   4.326e+00   1.505e+00   3.235e+00  11  sdss  5905  82S  1 
   32  53700.157264  0  24.270  1.327  0.711  4.234   3.921e-01   1.660e+00   7.307e-01   4.350e+00  8  sdss  5905  82S  1 
   32  53705.145305  1  23.519  0.518  0.524  0.707   1.321e+00   6.582e-01   6.993e-01   9.442e-01  9  sdss  5924  82S  1 
   32  53705.141988  2  22.808  0.382  0.186  0.286   2.652e+00   9.452e-01   4.764e-01   7.307e-01  11  sdss  5924  82S  1 
   32  53705.142817  3  22.420  0.413  0.258  0.341   3.737e+00   1.440e+00   9.353e-01   1.237e+00  11  sdss  5924  82S  1 
   32  53705.144476  4  22.199  0.765  0.126  0.790   3.269e+00   4.501e+00   7.202e-01   4.516e+00  11  sdss  5924  82S  1 
    8  53705.143646  0  25.170  1.352  1.977  5.517  -5.065e-01   1.724e+00   2.105e+00   5.875e+00  8  sdss  5924  82S  1 
