# SDSS CID:  19968 IAU: 2007ol   RA:  24.348692 DEC:  -0.312093  (J2000)
# GALAXY_SB [ugriz] = [ 23.53 22.23 21.29 20.93 20.64 ] +/- [  0.18  0.03  0.01  0.01  0.03 ] (asinh mag/square arcsec)
# GALAXY_SB_FLUX [ugriz] = [  1.265E+00  4.528E+00  1.095E+01  1.518E+01  1.943E+01 ] +/- [  2.763E-01  1.157E-01  1.249E-01  1.553E-01  5.577E-01 ] (microJy per square arcsec)
#FLAG  MJD       FILT  MAG     MERR  MSKYERR MGALERR  FLUX       FLUXERR    SKYERR     GALERR    NPRE TELE   RUN  STRIP  IDCCD
   16  54357.350211  1  26.847  0.437  0.748  0.445  -1.506e+00   6.312e-01   1.123e+00   6.680e-01  12  sdss  6955  82S  3 
   48  54357.346893  2  23.378  0.623  0.900  0.335   1.492e+00   9.329e-01   1.428e+00   5.310e-01  12  sdss  6955  82S  3 
    0  54357.347723  3  25.194  0.845  0.762  0.389  -1.084e+00   1.311e+00   1.179e+00   6.015e-01  11  sdss  6955  82S  3 
    0  54357.349381  4  24.150  0.434  0.257  0.278  -8.121e+00   3.774e+00   2.295e+00   2.488e+00  11  sdss  6955  82S  3 
    0  54357.348552  0  26.039  0.949  0.389  0.821  -1.714e+00   1.570e+00   7.082e-01   1.493e+00  9  sdss  6955  82S  3 
   16  54359.382004  1  27.245  0.436  1.089  0.411  -2.221e+00   8.841e-01   2.311e+00   8.729e-01  12  sdss  6964  82S  3 
  180  54359.378687  2  22.898  0.627  1.345  0.235   2.430e+00   1.369e+00   3.188e+00   5.570e-01  12  sdss  6964  82S  3 
    4  54359.379516  3  26.392  0.527  0.575  0.195  -4.072e+00   1.943e+00   2.256e+00   7.673e-01  11  sdss  6964  82S  3 
   36  54359.381175  4  21.426  0.774  0.542  0.286   8.951e+00   6.854e+00   5.199e+00   2.746e+00  11  sdss  6964  82S  3 
   36  54359.380345  0  24.081  1.712  2.383  1.920   5.937e-01   2.493e+00   2.635e+00   2.124e+00  9  sdss  6964  82S  3 
   48  54362.400158  1  24.125  0.764  1.598  0.630   6.700e-01   6.343e-01   1.360e+00   5.360e-01  12  sdss  6976  82S  3 
   48  54362.396841  2  22.489  0.272  0.407  0.126   3.599e+00   9.088e-01   1.384e+00   4.296e-01  12  sdss  6976  82S  3 
   32  54362.397670  3  22.300  0.337  0.310  0.119   4.198e+00   1.323e+00   1.249e+00   4.808e-01  11  sdss  6976  82S  3 
    0  54362.399329  4  23.712  0.633  0.385  0.289  -4.775e+00   4.119e+00   2.533e+00   1.902e+00  11  sdss  6976  82S  3 
    0  54362.398499  0  25.511  1.149  0.588  0.999  -9.043e-01   1.502e+00   7.431e-01   1.262e+00  9  sdss  6976  82S  3 
   33  54376.395668  1  23.656  0.713  0.990  0.478   1.145e+00   7.971e-01   1.192e+00   5.754e-01  12  sdss  7016  82S  3 
   32  54376.392351  2  23.629  0.721  0.609  0.269   1.131e+00   9.017e-01   7.988e-01   3.522e-01  12  sdss  7016  82S  3 
  128  54376.393180  3  26.530  0.311  0.281  0.131  -4.645e+00   1.345e+00   1.245e+00   5.782e-01  11  sdss  7016  82S  3 
   32  54376.394838  4  21.376  0.465  0.234  0.180   9.439e+00   4.482e+00   2.336e+00   1.795e+00  11  sdss  7016  82S  3 
    1  54376.394009  0  25.352  1.353  0.826  0.983  -7.107e-01   1.777e+00   9.584e-01   1.141e+00  9  sdss  7016  82S  3 
   50  54382.380947  1  22.679  0.405  1.555  0.760   2.989e+00   1.090e+00   4.361e+00   2.131e+00  12  sdss  7038  82S  3 
   16  54382.377630  2  28.540  0.118  0.331  0.152  -1.355e+01   1.464e+00   4.128e+00   1.890e+00  12  sdss  7038  82S  3 
    0  54382.378459  3  27.072  0.293  0.402  0.248  -7.744e+00   2.067e+00   2.901e+00   1.790e+00  11  sdss  7038  82S  3 
    2  54382.380118  4  23.907  1.156  1.197  1.158  -6.139e+00   8.318e+00   8.948e+00   8.654e+00  11  sdss  7038  82S  3 
   34  54382.379289  0  23.613  1.564  1.092  3.149   1.187e+00   2.337e+00   1.573e+00   4.535e+00  9  sdss  7038  82S  3 
   16  54385.398941  1  27.123  0.341  0.564  0.335  -1.974e+00   6.323e-01   1.074e+00   6.384e-01  12  sdss  7051  82S  3 
   48  54385.395624  2  22.523  0.315  0.462  0.186   3.485e+00   1.013e+00   1.523e+00   6.143e-01  12  sdss  7051  82S  3 
   32  54385.396454  3  22.468  0.395  0.374  0.159   3.567e+00   1.329e+00   1.306e+00   5.533e-01  11  sdss  7051  82S  3 
   32  54385.398112  4  22.677  0.714  0.411  0.359   7.616e-01   3.762e+00   2.028e+00   1.770e+00  11  sdss  7051  82S  3 
   32  54385.397283  0  23.741  1.254  1.013  1.151   1.008e+00   1.705e+00   1.343e+00   1.526e+00  9  sdss  7051  82S  3 
 1154  54387.398526  4  25.423  0.413  0.753  0.608  -2.852e+01   1.057e+01   2.017e+01   1.628e+01  11  sdss  7057  82S  3 
   16  54390.391652  1  26.905  0.630  1.830  0.774  -1.595e+00   9.192e-01   2.888e+00   1.220e+00  12  sdss  7071  82S  3 
   16  54390.388335  2  27.252  0.379  0.779  0.302  -4.096e+00   1.404e+00   2.997e+00   1.163e+00  12  sdss  7071  82S  3 
    0  54390.389164  3  27.002  0.287  0.411  0.189  -7.253e+00   1.900e+00   2.784e+00   1.280e+00  11  sdss  7071  82S  3 
   32  54390.390823  4  21.557  0.846  0.720  0.517   7.760e+00   6.814e+00   6.240e+00   4.477e+00  11  sdss  7071  82S  3 
  160  54390.389993  0  24.534  1.629  0.783  2.801   1.282e-01   2.244e+00   7.638e-01   2.732e+00  9  sdss  7071  82S  3 
   18  54391.400294  1  28.225  0.250  1.251  0.556  -5.571e+00   1.264e+00   6.436e+00   2.862e+00  12  sdss  7074  82S  3 
   18  54391.396976  2  27.568  0.399  1.265  0.468  -5.507e+00   1.958e+00   6.477e+00   2.396e+00  12  sdss  7074  82S  3 
   34  54391.397806  3  21.421  0.303  0.657  0.269   9.608e+00   2.636e+00   5.857e+00   2.396e+00  11  sdss  7074  82S  3 
    2  54391.399464  4  24.633  0.862  1.307  0.815  -1.339e+01   1.002e+01   1.737e+01   1.082e+01  11  sdss  7074  82S  3 
   16  54394.381928  1  26.554  0.889  2.460  1.195  -1.115e+00   9.503e-01   2.905e+00   1.411e+00  12  sdss  7084  82S  3 
   16  54394.378611  2  28.044  0.166  0.449  0.153  -8.568e+00   1.306e+00   3.554e+00   1.212e+00  12  sdss  7084  82S  3 
    0  54394.379441  3  27.501  0.168  0.269  0.128  -1.154e+01   1.775e+00   2.873e+00   1.362e+00  11  sdss  7084  82S  3 
    0  54394.381099  4  24.501  0.515  0.363  0.322  -1.174e+01   5.813e+00   4.308e+00   3.823e+00  11  sdss  7084  82S  3 
   32  54394.380270  0  24.338  1.650  2.135  2.815   3.224e-01   2.307e+00   2.159e+00   2.846e+00  9  sdss  7084  82S  3 
   35  54396.402412  1  24.809  2.362 13.595  3.821   1.847e-01   2.783e+00   8.332e+00   2.341e+00  12  sdss  7096  82S  3 
   35  54396.399095  2  21.041  0.226  0.588  0.162   1.384e+01   2.836e+00   7.492e+00   2.064e+00  12  sdss  7096  82S  3 
    3  54396.399924  3  26.074  1.448  2.851  0.877  -2.980e+00   3.442e+00   8.507e+00   2.615e+00  11  sdss  7096  82S  3 
    2  54396.401583  4  25.085  0.502  0.559  0.418  -2.074e+01   9.329e+00   1.103e+01   8.262e+00  11  sdss  7096  82S  3 
    1  54402.392492  1  19.343  0.032  0.051  0.016   6.530e+01   1.946e+00   3.077e+00   9.617e-01  12  sdss  7101  82S  3 
   33  54402.389175  2  19.391  0.042  0.062  0.019   6.333e+01   2.439e+00   3.609e+00   1.088e+00  12  sdss  7101  82S  3 
   33  54402.390004  3  19.477  0.043  0.044  0.018   5.783e+01   2.290e+00   2.343e+00   9.534e-01  11  sdss  7101  82S  3 
   32  54402.391663  4  19.572  0.129  0.092  0.070   5.322e+01   6.346e+00   4.515e+00   3.467e+00  11  sdss  7101  82S  3 
    1  54402.390833  0  20.283  0.207  0.102  0.093   2.977e+01   5.481e+00   2.722e+00   2.495e+00  9  sdss  7101  82S  3 
   16  54408.306356  1  18.147  0.013  0.004  0.002   1.964e+02   2.367e+00   7.600e-01   3.989e-01  12  sdss  7127  82S  3 
   16  54408.303039  2  18.233  0.009  0.005  0.002   1.840e+02   1.445e+00   8.212e-01   3.249e-01  12  sdss  7127  82S  3 
    0  54408.303868  3  18.444  0.013  0.006  0.002   1.497e+02   1.737e+00   7.793e-01   3.327e-01  11  sdss  7127  82S  3 
    0  54408.305527  4  18.696  0.042  0.015  0.013   1.195e+02   4.584e+00   1.682e+00   1.462e+00  11  sdss  7127  82S  3 
    0  54408.304698  0  18.716  0.031  0.003  0.008   1.261e+02   2.551e+00   3.412e-01   9.103e-01  9  sdss  7127  82S  3 
   16  54411.264275  1  17.949  0.024  0.004  0.002   2.358e+02   5.203e+00   8.890e-01   4.575e-01  12  sdss  7136  82S  3 
   16  54411.260958  2  18.086  0.008  0.005  0.002   2.107e+02   1.630e+00   9.343e-01   3.323e-01  12  sdss  7136  82S  3 
   16  54411.261787  3  18.419  0.013  0.008  0.003   1.532e+02   1.768e+00   1.178e+00   4.604e-01  11  sdss  7136  82S  3 
    0  54411.263445  4  18.628  0.037  0.017  0.013   1.272e+02   4.402e+00   1.971e+00   1.574e+00  11  sdss  7136  82S  3 
    0  54411.262616  0  18.709  0.031  0.004  0.010   1.269e+02   3.213e+00   4.027e-01   1.149e+00  9  sdss  7136  82S  3 
   16  54413.305139  1  17.954  0.018  0.014  0.007   2.347e+02   3.890e+00   2.951e+00   1.523e+00  12  sdss  7145  82S  3 
   34  54413.302651  3  18.514  0.027  0.043  0.021   1.404e+02   3.461e+00   5.500e+00   2.726e+00  11  sdss  7145  82S  3 
   32  54413.304310  4  18.605  0.063  0.078  0.054   1.299e+02   7.552e+00   9.388e+00   6.463e+00  11  sdss  7145  82S  3 
   16  54415.316517  1  18.034  0.013  0.007  0.003   2.180e+02   2.621e+00   1.306e+00   6.049e-01  12  sdss  7152  82S  3 
   16  54415.313200  2  18.024  0.019  0.008  0.003   2.230e+02   3.926e+00   1.688e+00   6.155e-01  12  sdss  7152  82S  3 
   16  54415.314029  3  18.539  0.019  0.013  0.005   1.372e+02   2.424e+00   1.663e+00   6.634e-01  11  sdss  7152  82S  3 
    0  54415.315688  4  18.762  0.047  0.019  0.021   1.125e+02   4.930e+00   1.928e+00   2.222e+00  11  sdss  7152  82S  3 
    0  54415.314858  0  19.071  0.032  0.007  0.019   9.094e+01   2.617e+00   5.350e-01   1.530e+00  9  sdss  7152  82S  3 
   16  54417.306638  1  18.149  0.014  0.006  0.003   1.961e+02   2.541e+00   1.101e+00   5.081e-01  12  sdss  7158  82S  3 
   16  54417.303321  2  18.072  0.009  0.006  0.002   2.134e+02   1.836e+00   1.199e+00   4.416e-01  12  sdss  7158  82S  3 
    0  54417.304150  3  18.548  0.016  0.010  0.004   1.361e+02   1.947e+00   1.255e+00   5.335e-01  11  sdss  7158  82S  3 
    0  54417.305808  4  18.875  0.050  0.024  0.019   1.013e+02   4.687e+00   2.233e+00   1.819e+00  11  sdss  7158  82S  3 
    0  54417.304979  0  19.334  0.045  0.007  0.021   7.138e+01   2.906e+00   4.565e-01   1.353e+00  9  sdss  7158  82S  3 
   16  54418.304992  1  18.232  0.017  0.011  0.005   1.817e+02   2.854e+00   1.802e+00   9.089e-01  12  sdss  7161  82S  3 
   16  54418.301675  2  18.165  0.016  0.013  0.005   1.959e+02   2.924e+00   2.384e+00   8.590e-01  12  sdss  7161  82S  3 
    0  54418.302504  3  18.754  0.025  0.021  0.009   1.125e+02   2.625e+00   2.126e+00   9.576e-01  11  sdss  7161  82S  3 
   32  54418.304163  4  18.995  0.070  0.057  0.047   9.070e+01   5.834e+00   4.812e+00   3.927e+00  11  sdss  7161  82S  3 
 1152  54418.303333  0  19.486  0.073  0.035  0.042   6.205e+01   4.061e+00   1.963e+00   2.333e+00  9  sdss  7161  82S  3 
   16  54422.309222  1  18.538  0.016  0.017  0.007   1.370e+02   2.039e+00   2.144e+00   9.306e-01  12  sdss  7173  82S  3 
   16  54422.305905  2  18.465  0.014  0.020  0.008   1.486e+02   1.978e+00   2.711e+00   1.026e+00  12  sdss  7173  82S  3 
   32  54422.306734  3  19.084  0.025  0.032  0.014   8.305e+01   1.883e+00   2.474e+00   1.060e+00  11  sdss  7173  82S  3 
   32  54422.308393  4  19.117  0.077  0.055  0.051   8.104e+01   5.775e+00   4.147e+00   3.851e+00  11  sdss  7173  82S  3 
    0  54422.307563  0  19.964  0.070  0.043  0.079   3.995e+01   2.508e+00   1.559e+00   2.825e+00  9  sdss  7173  82S  3 
    1  54424.245112  1  18.785  0.025  0.020  0.008   1.091e+02   2.526e+00   2.048e+00   8.158e-01  12  sdss  7183  82S  3 
    1  54424.241795  2  18.540  0.015  0.013  0.004   1.387e+02   1.855e+00   1.716e+00   5.204e-01  12  sdss  7183  82S  3 
    0  54424.242624  3  19.161  0.027  0.021  0.009   7.737e+01   1.908e+00   1.464e+00   6.157e-01  11  sdss  7183  82S  3 
  128  54424.244283  4  19.305  0.079  0.040  0.044   6.812e+01   4.960e+00   2.516e+00   2.770e+00  11  sdss  7183  82S  3 
    1  54424.243454  0  20.461  0.128  0.047  0.064   2.527e+01   2.898e+00   1.070e+00   1.453e+00  9  sdss  7183  82S  3 
