# SDSS CID:  16226 IAU:          RA: 302.510529 DEC:  -0.838860  (J2000)
# GALAXY_SB [ugriz] = [ 20.78 20.53 20.09 19.53 19.23 ] +/- [  0.00  0.00  0.00  0.00  0.00 ] (asinh mag/square arcsec)
# GALAXY_SB_FLUX [ugriz] = [  1.827E+01  2.179E+01  3.340E+01  5.490E+01  7.270E+01 ] +/- [  0.000E+00  0.000E+00  0.000E+00  0.000E+00  0.000E+00 ] (microJy per square arcsec)
#FLAG  MJD       FILT  MAG     MERR  MSKYERR MGALERR  FLUX       FLUXERR    SKYERR     GALERR    NPRE TELE   RUN  STRIP  IDCCD
 1280  53975.144741  1  29.444  0.048  0.040  0.000  -1.717e+01   7.516e-01   6.301e-01   0.000e+00  1  sdss  6287  82S  2 
 1280  53975.141424  2  28.573  0.089  0.039  0.000  -1.397e+01   1.139e+00   5.020e-01   0.000e+00  2  sdss  6287  82S  2 
 1280  53975.142253  3  28.071  0.089  0.059  0.000  -1.955e+01   1.601e+00   1.066e+00   0.000e+00  3  sdss  6287  82S  2 
 1280  53975.143912  4  24.730  0.384  0.178  0.000  -1.473e+01   5.336e+00   2.558e+00   0.000e+00  3  sdss  6287  82S  2 
 1408  53975.143082  0  27.517  0.375  0.092  0.000  -7.235e+00   2.328e+00   5.898e-01   0.000e+00  1  sdss  6287  82S  2 
 1280  53989.135005  1  28.972  0.079  0.071  0.000  -1.111e+01   8.030e-01   7.203e-01   0.000e+00  1  sdss  6313  82N  1 
 1280  53989.131688  2  28.295  0.104  0.058  0.000  -1.081e+01   1.034e+00   5.819e-01   0.000e+00  2  sdss  6313  82N  1 
 1280  53989.132517  3  27.737  0.117  0.080  0.000  -1.436e+01   1.546e+00   1.070e+00   0.000e+00  3  sdss  6313  82N  1 
 1280  53989.134175  4  25.090  0.216  0.040  0.000  -2.084e+01   4.209e+00   7.785e-01   0.000e+00  3  sdss  6313  82N  1 
 1280  53989.133346  0  28.122  0.181  0.083  0.000  -1.267e+01   2.004e+00   9.264e-01   0.000e+00  1  sdss  6313  82N  1 
 1280  53994.138986  1  28.529  0.116  0.111  0.000  -7.380e+00   7.837e-01   7.483e-01   0.000e+00  1  sdss  6353  82S  2 
 1280  53994.135670  2  28.331  0.096  0.047  0.000  -1.117e+01   9.885e-01   4.883e-01   0.000e+00  2  sdss  6353  82S  2 
 1280  53994.136499  3  27.875  0.092  0.050  0.000  -1.632e+01   1.393e+00   7.618e-01   0.000e+00  3  sdss  6353  82S  2 
 1280  53994.138157  4  25.832  0.106  0.030  0.000  -4.177e+01   4.068e+00   1.158e+00   0.000e+00  3  sdss  6353  82S  2 
 1280  53994.137328  0  27.613  0.296  0.171  0.000  -7.910e+00   2.028e+00   1.198e+00   0.000e+00  1  sdss  6353  82S  2 
 1280  53995.142716  1  28.405  0.119  0.058  0.000  -6.580e+00   7.154e-01   3.480e-01   0.000e+00  1  sdss  6360  82N  1 
 1280  53995.139399  2  28.462  0.084  0.037  0.000  -1.261e+01   9.716e-01   4.265e-01   0.000e+00  2  sdss  6360  82N  1 
 1280  53995.140229  3  27.682  0.115  0.049  0.000  -1.365e+01   1.453e+00   6.253e-01   0.000e+00  3  sdss  6360  82N  1 
 1280  53995.141887  4  24.455  0.392  0.223  0.000  -1.120e+01   4.324e+00   2.530e+00   0.000e+00  3  sdss  6360  82N  1 
 1280  53995.141058  0  27.118  0.438  0.119  0.000  -4.978e+00   1.872e+00   5.320e-01   0.000e+00  1  sdss  6360  82N  1 
 1280  53997.120940  1  28.541  0.121  0.110  0.000  -7.463e+00   8.219e-01   7.483e-01   0.000e+00  1  sdss  6370  82N  1 
 1408  53997.117623  2  29.004  0.108  0.033  0.000  -2.079e+01   2.057e+00   6.231e-01   0.000e+00  2  sdss  6370  82N  1 
 1280  53997.118452  3  28.382  0.074  0.064  0.000  -2.604e+01   1.782e+00   1.537e+00   0.000e+00  3  sdss  6370  82N  1 
 1280  53997.120110  4  24.858  0.324  0.225  0.000  -1.668e+01   5.064e+00   3.607e+00   0.000e+00  3  sdss  6370  82N  1 
 1280  53997.119281  0  27.534  0.339  0.070  0.000  -7.350e+00   2.150e+00   4.595e-01   0.000e+00  1  sdss  6370  82N  1 
 1280  53998.118585  1  28.204  0.157  0.044  0.000  -5.463e+00   7.817e-01   2.223e-01   0.000e+00  1  sdss  6377  82S  2 
 1280  53998.115269  2  28.375  0.085  0.024  0.000  -1.164e+01   9.094e-01   2.601e-01   0.000e+00  2  sdss  6377  82S  2 
 1280  53998.116098  3  27.614  0.115  0.028  0.000  -1.281e+01   1.358e+00   3.278e-01   0.000e+00  3  sdss  6377  82S  2 
 1280  53998.117756  4  25.098  0.203  0.117  0.000  -2.100e+01   3.985e+00   2.328e+00   0.000e+00  3  sdss  6377  82S  2 
 1408  53998.116927  0  28.346  0.144  0.057  0.000  -1.558e+01   1.962e+00   7.886e-01   0.000e+00  1  sdss  6377  82S  2 
 1280  54003.158769  1  28.456  0.121  0.068  0.000  -6.898e+00   7.594e-01   4.326e-01   0.000e+00  1  sdss  6391  82N  1 
 1280  54003.155452  2  28.380  0.092  0.054  0.000  -1.169e+01   9.942e-01   5.834e-01   0.000e+00  2  sdss  6391  82N  1 
 1280  54003.156282  3  27.741  0.115  0.074  0.000  -1.441e+01   1.528e+00   9.892e-01   0.000e+00  3  sdss  6391  82N  1 
 1280  54003.157940  4  25.015  0.276  0.149  0.000  -1.940e+01   4.997e+00   2.749e+00   0.000e+00  3  sdss  6391  82N  1 
 1280  54003.157111  0  27.684  0.280  0.057  0.000  -8.442e+00   2.054e+00   4.249e-01   0.000e+00  1  sdss  6391  82N  1 
 1280  54005.092058  1  28.457  0.123  0.047  0.000  -6.904e+00   7.770e-01   2.966e-01   0.000e+00  1  sdss  6400  82N  1 
 1280  54005.088742  2  28.319  0.097  0.038  0.000  -1.105e+01   9.893e-01   3.842e-01   0.000e+00  2  sdss  6400  82N  1 
 1280  54005.089571  3  26.921  0.241  0.109  0.000  -6.726e+00   1.498e+00   6.903e-01   0.000e+00  3  sdss  6400  82N  1 
 1280  54005.091229  4  24.730  0.296  0.181  0.000  -1.473e+01   4.163e+00   2.599e+00   0.000e+00  3  sdss  6400  82N  1 
 1280  54005.090400  0  27.935  0.205  0.085  0.000  -1.065e+01   1.907e+00   7.961e-01   0.000e+00  1  sdss  6400  82N  1 
 1288  54006.109035  1  28.460  0.152  0.351  0.000  -6.923e+00   9.601e-01   2.223e+00   0.000e+00  1  sdss  6408  82S  2 
 1304  54006.106547  3  28.120  0.117  2.785  0.000  -2.046e+01   2.196e+00   5.268e+01   0.000e+00  3  sdss  6408  82S  2 
 1280  54006.108206  4  25.147  0.240  0.161  0.000  -2.199e+01   4.901e+00   3.345e+00   0.000e+00  3  sdss  6408  82S  2 
 1412  54006.107377  0  26.822  1.783  1.051  0.000  -3.760e+00   4.235e+00   3.620e+00   0.000e+00  1  sdss  6408  82S  2 
 1280  54007.104408  1  28.128  0.180  0.090  0.000  -5.090e+00   8.366e-01   4.198e-01   0.000e+00  1  sdss  6412  82N  1 
 1280  54007.101091  2  28.253  0.112  0.052  0.000  -1.040e+01   1.071e+00   4.952e-01   0.000e+00  2  sdss  6412  82N  1 
 1280  54007.101920  3  27.323  0.178  0.108  0.000  -9.786e+00   1.610e+00   9.818e-01   0.000e+00  3  sdss  6412  82N  1 
 1280  54007.103579  4  25.097  0.234  0.142  0.000  -2.098e+01   4.572e+00   2.823e+00   0.000e+00  3  sdss  6412  82N  1 
 1280  54007.102749  0  28.030  0.214  0.094  0.000  -1.163e+01   2.170e+00   9.685e-01   0.000e+00  1  sdss  6412  82N  1 
 1281  54008.108750  1  28.472  0.149  0.069  0.000  -7.001e+00   9.514e-01   4.408e-01   0.000e+00  1  sdss  6417  82S  2 
 1408  54008.105433  2  28.966  0.092  0.055  0.000  -2.007e+01   1.689e+00   1.013e+00   0.000e+00  2  sdss  6417  82S  2 
 1280  54008.106262  3  28.053  0.099  0.131  0.000  -1.923e+01   1.751e+00   2.334e+00   0.000e+00  3  sdss  6417  82S  2 
 1280  54008.107921  4  25.203  0.234  0.058  0.000  -2.319e+01   5.036e+00   1.270e+00   0.000e+00  3  sdss  6417  82S  2 
 1281  54008.107091  0  26.987  0.816  0.380  0.000  -4.402e+00   2.810e+00   1.517e+00   0.000e+00  1  sdss  6417  82S  2 
 1281  54009.101726  1  27.727  0.296  0.085  0.000  -3.506e+00   9.389e-01   2.775e-01   0.000e+00  1  sdss  6421  82N  1 
 1280  54009.098409  2  28.171  0.130  0.041  0.000  -9.634e+00   1.153e+00   3.622e-01   0.000e+00  2  sdss  6421  82N  1 
 1280  54009.099238  3  27.668  0.127  0.055  0.000  -1.347e+01   1.585e+00   6.807e-01   0.000e+00  3  sdss  6421  82N  1 
 1280  54009.100896  4  24.714  0.325  0.112  0.000  -1.450e+01   4.487e+00   1.589e+00   0.000e+00  3  sdss  6421  82N  1 
 1281  54009.100067  0  27.880  0.262  0.083  0.000  -1.012e+01   2.307e+00   7.442e-01   0.000e+00  1  sdss  6421  82N  1 
 1281  54010.102969  1  27.772  0.295  0.078  0.000  -3.654e+00   9.755e-01   2.640e-01   0.000e+00  1  sdss  6425  82S  2 
 1281  54010.099652  2  28.287  0.116  0.024  0.000  -1.073e+01   1.151e+00   2.407e-01   0.000e+00  2  sdss  6425  82S  2 
 1280  54010.100482  3  27.493  0.143  0.036  0.000  -1.146e+01   1.517e+00   3.807e-01   0.000e+00  3  sdss  6425  82S  2 
 1280  54010.102140  4  25.389  0.148  0.043  0.000  -2.763e+01   3.803e+00   1.097e+00   0.000e+00  3  sdss  6425  82S  2 
 1281  54010.101311  0  27.445  0.493  0.043  0.000  -6.764e+00   2.791e+00   2.568e-01   0.000e+00  1  sdss  6425  82S  2 
 1281  54011.165663  1  27.343  0.618  0.124  0.000  -2.440e+00   1.302e+00   2.851e-01   0.000e+00  1  sdss  6430  82N  1 
 1281  54011.162346  2  28.089  0.141  0.032  0.000  -8.930e+00   1.160e+00   2.616e-01   0.000e+00  2  sdss  6430  82N  1 
 1281  54011.163175  3  27.781  0.110  0.032  0.000  -1.496e+01   1.522e+00   4.464e-01   0.000e+00  3  sdss  6430  82N  1 
 1280  54011.164834  4  25.058  0.217  0.066  0.000  -2.021e+01   4.113e+00   1.273e+00   0.000e+00  3  sdss  6430  82N  1 
 1409  54011.164005  0  27.584  0.523  0.079  0.000  -7.700e+00   3.333e+00   5.414e-01   0.000e+00  1  sdss  6430  82N  1 
 1281  54012.095528  1  28.049  0.360  0.295  0.000  -4.730e+00   1.513e+00   1.282e+00   0.000e+00  1  sdss  6433  82S  2 
 1281  54012.092212  2  28.333  0.141  0.050  0.000  -1.119e+01   1.448e+00   5.194e-01   0.000e+00  2  sdss  6433  82S  2 
 1281  54012.093041  3  27.788  0.117  0.031  0.000  -1.506e+01   1.622e+00   4.378e-01   0.000e+00  3  sdss  6433  82S  2 
 1280  54012.094699  4  25.875  0.105  0.029  0.000  -4.347e+01   4.198e+00   1.167e+00   0.000e+00  3  sdss  6433  82S  2 
 1281  54012.093870  0  27.382  0.713  0.161  0.000  -6.378e+00   3.588e+00   9.167e-01   0.000e+00  1  sdss  6433  82S  2 
 1280  54019.115522  1  28.556  0.109  0.069  0.000  -7.567e+00   7.499e-01   4.809e-01   0.000e+00  1  sdss  6441  82N  1 
 1408  54019.112205  2  28.787  0.076  0.021  0.000  -1.702e+01   1.197e+00   3.299e-01   0.000e+00  2  sdss  6441  82N  1 
 1280  54019.113034  3  27.068  0.224  0.116  0.000  -7.718e+00   1.596e+00   8.385e-01   0.000e+00  3  sdss  6441  82N  1 
 1440  54019.114692  4  22.224  0.869  0.683  0.000   3.129e+00   5.141e+00   3.861e+00   0.000e+00  3  sdss  6441  82N  1 
 1280  54019.113863  0  27.696  0.263  0.147  0.000  -8.536e+00   1.952e+00   1.110e+00   0.000e+00  1  sdss  6441  82N  1 
 1280  54020.100892  1  28.496  0.126  0.064  0.000  -7.158e+00   8.240e-01   4.166e-01   0.000e+00  1  sdss  6447  82S  2 
 1280  54020.097575  2  28.296  0.099  0.038  0.000  -1.082e+01   9.913e-01   3.791e-01   0.000e+00  2  sdss  6447  82S  2 
 1280  54020.098404  3  27.949  0.087  0.032  0.000  -1.747e+01   1.404e+00   5.189e-01   0.000e+00  3  sdss  6447  82S  2 
 1280  54020.100063  4  24.302  0.499  0.243  0.000  -9.564e+00   4.801e+00   2.439e+00   0.000e+00  3  sdss  6447  82S  2 
 1280  54020.099234  0  27.615  0.302  0.165  0.000  -7.925e+00   2.075e+00   1.157e+00   0.000e+00  1  sdss  6447  82S  2 
 1304  54022.150111  1  28.464  0.130  0.234  0.000  -6.950e+00   8.216e-01   1.487e+00   0.000e+00  1  sdss  6453  82S  2 
 1280  54022.146794  2  28.301  0.103  0.041  0.000  -1.087e+01   1.029e+00   4.120e-01   0.000e+00  2  sdss  6453  82S  2 
 1280  54022.147623  3  27.586  0.127  0.053  0.000  -1.248e+01   1.466e+00   6.089e-01   0.000e+00  3  sdss  6453  82S  2 
 1280  54022.149282  4  24.556  0.391  0.237  0.000  -1.240e+01   4.681e+00   2.931e+00   0.000e+00  3  sdss  6453  82S  2 
 1280  54022.148452  0  27.918  0.232  0.163  0.000  -1.049e+01   2.123e+00   1.510e+00   0.000e+00  1  sdss  6453  82S  2 
 1280  54025.163413  1  28.410  0.127  0.069  0.000  -6.611e+00   7.667e-01   4.159e-01   0.000e+00  1  sdss  6461  82N  1 
 1280  54025.160096  2  27.978  0.145  0.077  0.000  -8.058e+00   1.077e+00   5.729e-01   0.000e+00  2  sdss  6461  82N  1 
 1280  54025.160926  3  27.604  0.133  0.072  0.000  -1.270e+01   1.561e+00   8.514e-01   0.000e+00  3  sdss  6461  82N  1 
 1280  54025.162584  4  25.117  0.253  0.102  0.000  -2.138e+01   5.033e+00   2.050e+00   0.000e+00  3  sdss  6461  82N  1 
 1280  54025.161755  0  27.797  0.265  0.122  0.000  -9.375e+00   2.159e+00   1.011e+00   0.000e+00  1  sdss  6461  82N  1 
 1280  54026.102244  1  28.228  0.175  0.140  0.000  -5.585e+00   8.902e-01   7.160e-01   0.000e+00  1  sdss  6464  82S  2 
 1408  54026.098928  2  28.932  0.093  0.055  0.000  -1.945e+01   1.659e+00   9.820e-01   0.000e+00  2  sdss  6464  82S  2 
 1280  54026.099757  3  28.597  0.059  0.045  0.000  -3.176e+01   1.721e+00   1.314e+00   0.000e+00  3  sdss  6464  82S  2 
 1312  54026.101415  4  22.090  0.936  1.125  0.000   3.911e+00   5.825e+00   6.809e+00   0.000e+00  3  sdss  6464  82S  2 
 1418  54026.100586  0  27.458  0.491  0.796  0.000  -6.847e+00   2.816e+00   4.850e+00   0.000e+00  1  sdss  6464  82S  2 
 1282  54028.090498  1  28.398  0.179  0.280  0.000  -6.538e+00   1.065e+00   1.680e+00   0.000e+00  1  sdss  6468  82S  2 
 1280  54028.087182  2  28.334  0.147  0.171  0.000  -1.120e+01   1.517e+00   1.765e+00   0.000e+00  2  sdss  6468  82S  2 
 1280  54028.088011  3  28.421  0.073  0.075  0.000  -2.700e+01   1.810e+00   1.881e+00   0.000e+00  3  sdss  6468  82S  2 
 1280  54028.089669  4  24.532  0.522  0.392  0.000  -1.211e+01   5.996e+00   4.744e+00   0.000e+00  3  sdss  6468  82S  2 
 1280  54028.088840  0  26.552  1.117  0.120  0.000  -2.895e+00   2.493e+00   3.261e-01   0.000e+00  1  sdss  6468  82S  2 
 1280  54029.093526  1  28.003  0.177  0.072  0.000  -4.532e+00   7.316e-01   3.015e-01   0.000e+00  1  sdss  6474  82N  1 
 1280  54029.090209  2  28.061  0.129  0.059  0.000  -8.702e+00   1.037e+00   4.753e-01   0.000e+00  2  sdss  6474  82N  1 
 1280  54029.091038  3  26.701  0.339  0.166  0.000  -5.467e+00   1.705e+00   8.585e-01   0.000e+00  3  sdss  6474  82N  1 
 1280  54029.092697  4  25.176  0.225  0.111  0.000  -2.261e+01   4.716e+00   2.355e+00   0.000e+00  3  sdss  6474  82N  1 
 1280  54029.091868  0  27.169  0.448  0.060  0.000  -5.223e+00   2.001e+00   2.833e-01   0.000e+00  1  sdss  6474  82N  1 
 1280  54030.093405  1  28.020  0.173  0.096  0.000  -4.604e+00   7.292e-01   4.056e-01   0.000e+00  1  sdss  6479  82S  2 
 1280  54030.090089  2  27.762  0.168  0.059  0.000  -6.596e+00   1.020e+00   3.622e-01   0.000e+00  2  sdss  6479  82S  2 
 1280  54030.090918  3  27.864  0.092  0.030  0.000  -1.615e+01   1.373e+00   4.528e-01   0.000e+00  3  sdss  6479  82S  2 
 1280  54030.092576  4  24.548  0.369  0.106  0.000  -1.230e+01   4.408e+00   1.297e+00   0.000e+00  3  sdss  6479  82S  2 
 1280  54030.091747  0  26.979  0.640  0.189  0.000  -4.369e+00   2.305e+00   7.480e-01   0.000e+00  1  sdss  6479  82S  2 
 1280  54031.080409  1  26.889  0.504  0.150  0.000  -1.571e+00   7.404e-01   2.317e-01   0.000e+00  1  sdss  6484  82N  1 
 1280  54031.077092  2  27.440  0.227  0.064  0.000  -4.886e+00   1.023e+00   2.945e-01   0.000e+00  2  sdss  6484  82N  1 
 1280  54031.077921  3  27.429  0.145  0.056  0.000  -1.080e+01   1.442e+00   5.582e-01   0.000e+00  3  sdss  6484  82N  1 
 1280  54031.079580  4  24.697  0.306  0.112  0.000  -1.426e+01   4.181e+00   1.564e+00   0.000e+00  3  sdss  6484  82N  1 
 1280  54031.078750  0  27.551  0.291  0.119  0.000  -7.467e+00   1.888e+00   7.878e-01   0.000e+00  1  sdss  6484  82N  1 
 1304  54032.082564  1  28.020  0.224  0.844  0.000  -4.604e+00   9.387e-01   3.580e+00   0.000e+00  1  sdss  6488  82S  2 
 1280  54032.079247  2  27.789  0.202  0.148  0.000  -6.763e+00   1.257e+00   9.300e-01   0.000e+00  2  sdss  6488  82S  2 
 1280  54032.080076  3  27.433  0.160  0.060  0.000  -1.084e+01   1.605e+00   6.053e-01   0.000e+00  3  sdss  6488  82S  2 
 1288  54032.081735  4  24.371  0.450  0.398  0.000  -1.028e+01   4.597e+00   4.222e+00   0.000e+00  3  sdss  6488  82S  2 
 1284  54032.080905  0  27.741  0.280  0.187  0.000  -8.901e+00   2.163e+00   1.476e+00   0.000e+00  1  sdss  6488  82S  2 
 1282  54034.152741  1  27.947  0.268  0.408  0.000  -4.302e+00   1.042e+00   1.619e+00   0.000e+00  1  sdss  6494  82S  2 
 1410  54034.149424  2  29.240  0.113  0.049  0.000  -2.584e+01   2.692e+00   1.177e+00   0.000e+00  2  sdss  6494  82S  2 
 1282  54034.150254  3  28.156  0.107  0.113  0.000  -2.114e+01   2.079e+00   2.212e+00   0.000e+00  3  sdss  6494  82S  2 
 1280  54034.151912  4  23.673  1.217  1.390  0.000  -4.519e+00   8.119e+00   8.891e+00   0.000e+00  3  sdss  6494  82S  2 
 1448  54034.151083  0  23.194  2.217  3.873  0.000   1.904e+00   4.355e+00   7.491e+00   0.000e+00  1  sdss  6494  82S  2 
 1281  54036.084721  1  27.559  0.312  0.155  0.000  -2.994e+00   8.502e-01   4.319e-01   0.000e+00  1  sdss  6504  82N  1 
 1280  54036.081405  2  27.570  0.241  0.135  0.000  -5.516e+00   1.218e+00   6.965e-01   0.000e+00  2  sdss  6504  82N  1 
 1280  54036.082234  3  26.744  0.336  0.157  0.000  -5.694e+00   1.761e+00   8.457e-01   0.000e+00  3  sdss  6504  82N  1 
 1280  54036.083892  4  24.245  0.563  0.270  0.000  -9.002e+00   5.142e+00   2.583e+00   0.000e+00  3  sdss  6504  82N  1 
 1280  54036.083063  0  26.570  1.022  0.385  0.000  -2.948e+00   2.366e+00   1.066e+00   0.000e+00  1  sdss  6504  82N  1 
 1281  54037.074032  1  27.040  0.532  0.239  0.000  -1.822e+00   8.816e-01   4.209e-01   0.000e+00  1  sdss  6508  82S  2 
 1280  54037.070715  2  27.869  0.171  0.050  0.000  -7.284e+00   1.147e+00   3.395e-01   0.000e+00  2  sdss  6508  82S  2 
 1280  54037.071545  3  27.237  0.180  0.046  0.000  -9.034e+00   1.503e+00   3.853e-01   0.000e+00  3  sdss  6508  82S  2 
 1280  54037.073203  4  24.716  0.327  0.174  0.000  -1.453e+01   4.519e+00   2.464e+00   0.000e+00  3  sdss  6508  82S  2 
 1281  54037.072374  0  26.727  0.827  0.412  0.000  -3.431e+00   2.281e+00   1.306e+00   0.000e+00  1  sdss  6508  82S  2 
 1281  54039.082344  1  26.661  1.279  0.607  0.000  -1.248e+00   1.388e+00   7.771e-01   0.000e+00  1  sdss  6513  82N  1 
 1281  54039.079028  2  26.484  0.858  0.369  0.000  -1.950e+00   1.491e+00   7.243e-01   0.000e+00  2  sdss  6513  82N  1 
 1280  54039.079857  3  25.603  0.947  0.494  0.000  -1.812e+00   1.800e+00   1.012e+00   0.000e+00  3  sdss  6513  82N  1 
 1280  54039.081515  4  24.069  0.683  0.451  0.000  -7.418e+00   5.434e+00   3.775e+00   0.000e+00  3  sdss  6513  82N  1 
 1313  54039.080686  0  24.220  2.021  1.641  0.000   4.441e-01   3.326e+00   1.714e+00   0.000e+00  1  sdss  6513  82N  1 
 1313  54040.088520  1  25.092  1.866  1.004  0.000   1.510e-02   1.725e+00   5.913e-01   0.000e+00  1  sdss  6518  82S  2 
 1281  54040.085203  2  27.443  0.322  0.130  0.000  -4.899e+00   1.437e+00   5.971e-01   0.000e+00  2  sdss  6518  82S  2 
 1281  54040.086032  3  27.048  0.246  0.120  0.000  -7.575e+00   1.715e+00   8.510e-01   0.000e+00  3  sdss  6518  82S  2 
 1280  54040.087690  4  25.959  0.116  0.046  0.000  -4.699e+01   4.989e+00   1.986e+00   0.000e+00  3  sdss  6518  82S  2 
 1281  54040.086861  0  26.311  1.836  0.619  0.000  -2.279e+00   3.426e+00   1.377e+00   0.000e+00  1  sdss  6518  82S  2 
 1313  54041.083377  1  24.261  1.996  2.002  0.000   5.591e-01   2.029e+00   1.559e+00   0.000e+00  1  sdss  6522  82N  1 
 1409  54041.080060  2  28.907  0.148  0.078  0.000  -1.901e+01   2.575e+00   1.372e+00   0.000e+00  2  sdss  6522  82N  1 
 1281  54041.080889  3  27.861  0.168  0.134  0.000  -1.611e+01   2.491e+00   2.002e+00   0.000e+00  3  sdss  6522  82N  1 
 1280  54041.082547  4  25.115  0.380  0.163  0.000  -2.134e+01   7.385e+00   3.274e+00   0.000e+00  3  sdss  6522  82N  1 
 1283  54041.081718  0  25.039  2.494  3.218  0.000  -3.691e-01   5.189e+00   3.288e+00   0.000e+00  1  sdss  6522  82N  1 
 1309  54047.078133  1  28.516  0.338  1.158  0.000  -7.292e+00   2.189e+00   7.725e+00   0.000e+00  1  sdss  6528  82S  2 
 1309  54047.074816  2  29.333  0.213  0.557  0.000  -2.814e+01   5.445e+00   1.444e+01   0.000e+00  2  sdss  6528  82S  2 
 1284  54047.077304  4  26.233  0.319  0.198  0.000  -6.055e+01   1.725e+01   1.101e+01   0.000e+00  3  sdss  6528  82S  2 
 1444  54047.076475  0  21.215  3.337  1.543  0.000   1.260e+01   1.650e+01   1.717e+01   0.000e+00  1  sdss  6528  82S  2 
 1312  54048.076071  1  22.669  0.290  0.157  0.000   3.016e+00   7.986e-01   4.411e-01   0.000e+00  1  sdss  6533  82N  1 
 1280  54048.072755  2  26.751  0.484  0.160  0.000  -2.539e+00   1.135e+00   3.943e-01   0.000e+00  2  sdss  6533  82N  1 
 1280  54048.073584  3  27.089  0.232  0.140  0.000  -7.870e+00   1.682e+00   1.028e+00   0.000e+00  3  sdss  6533  82N  1 
 1312  54048.075242  4  21.878  1.387  0.402  0.000   5.277e+00   9.849e+00   2.762e+00   0.000e+00  3  sdss  6533  82N  1 
 1312  54048.074413  0  23.107  1.275  0.269  0.000   2.084e+00   2.252e+00   5.575e-01   0.000e+00  1  sdss  6533  82N  1 
 1408  54050.072175  1  27.170  0.528  0.431  0.000  -2.068e+00   9.789e-01   8.513e-01   0.000e+00  1  sdss  6542  82S  2 
 1280  54050.068859  2  27.032  0.405  0.231  0.000  -3.325e+00   1.232e+00   7.326e-01   0.000e+00  2  sdss  6542  82S  2 
 1280  54050.069688  3  26.779  0.318  0.209  0.000  -5.885e+00   1.721e+00   1.165e+00   0.000e+00  3  sdss  6542  82S  2 
 1280  54050.071346  4  24.189  0.701  0.237  0.000  -8.475e+00   6.028e+00   2.169e+00   0.000e+00  3  sdss  6542  82S  2 
 1312  54050.070517  0  21.719  0.386  0.313  0.000   7.898e+00   2.603e+00   2.195e+00   0.000e+00  1  sdss  6542  82S  2 
 1304  54051.068117  1  29.369  0.063  0.331  0.000  -1.602e+01   9.248e-01   4.844e+00   0.000e+00  1  sdss  6548  82N  1 
 1408  54051.064800  2  28.313  0.176  0.133  0.000  -1.099e+01   1.770e+00   1.350e+00   0.000e+00  2  sdss  6548  82N  1 
 1416  54051.065629  3  29.126  0.109  0.080  0.000  -5.171e+01   5.179e+00   3.836e+00   0.000e+00  3  sdss  6548  82N  1 
 1284  54051.067288  4  24.314  1.048  0.433  0.000  -9.686e+00   9.326e+00   4.376e+00   0.000e+00  3  sdss  6548  82N  1 
 1452  54051.066459  0  21.192  0.340  0.584  0.000   1.287e+01   3.741e+00   6.642e+00   0.000e+00  1  sdss  6548  82N  1 
 1312  54052.079977  1  22.957  0.431  0.304  0.000   2.295e+00   8.969e-01   6.610e-01   0.000e+00  1  sdss  6552  82N  1 
 1408  54052.076660  2  28.496  0.136  0.058  0.000  -1.301e+01   1.620e+00   6.925e-01   0.000e+00  2  sdss  6552  82N  1 
 1280  54052.077489  3  27.053  0.278  0.132  0.000  -7.610e+00   1.942e+00   9.418e-01   0.000e+00  3  sdss  6552  82N  1 
 1280  54052.079148  4  24.653  0.523  0.252  0.000  -1.366e+01   6.626e+00   3.388e+00   0.000e+00  3  sdss  6552  82N  1 
 1312  54052.078318  0  24.371  1.682  1.587  0.000   2.890e-01   2.379e+00   1.590e+00   0.000e+00  1  sdss  6552  82N  1 
 1440  54053.077965  1  22.334  0.756  0.753  0.000   4.128e+00   2.506e+00   2.870e+00   0.000e+00  1  sdss  6555  82S  2 
 1410  54053.074648  2  27.870  0.238  0.232  0.000  -7.291e+00   1.587e+00   1.573e+00   0.000e+00  2  sdss  6555  82S  2 
 1410  54053.075477  3  27.838  0.155  0.189  0.000  -1.577e+01   2.255e+00   2.767e+00   0.000e+00  3  sdss  6555  82S  2 
 1410  54053.077136  4  23.637  1.139  1.665  0.000  -4.289e+00   7.423e+00   1.042e+01   0.000e+00  3  sdss  6555  82S  2 
 1408  54053.076306  0  25.878  2.457  1.727  0.000  -1.435e+00   5.176e+00   2.746e+00   0.000e+00  1  sdss  6555  82S  2 
 1282  54054.095175  2  25.820  1.542  2.268  0.000  -9.376e-01   1.885e+00   2.668e+00   0.000e+00  2  sdss  6559  82N  1 
 1410  54054.096004  3  27.351  0.360  0.722  0.000  -1.004e+01   3.245e+00   6.743e+00   0.000e+00  3  sdss  6559  82N  1 
 1282  54054.097662  4  25.772  0.349  0.399  0.000  -3.950e+01   1.233e+01   1.455e+01   0.000e+00  3  sdss  6559  82N  1 
 1440  54054.096833  0  23.957  2.685  6.225  0.000   7.367e-01   6.229e+00   7.255e+00   0.000e+00  1  sdss  6559  82N  1 
 1312  54055.075705  1  22.460  0.260  0.202  0.000   3.670e+00   8.684e-01   6.872e-01   0.000e+00  1  sdss  6564  82N  1 
 1312  54055.072388  2  22.167  0.283  0.165  0.000   4.872e+00   1.261e+00   7.529e-01   0.000e+00  2  sdss  6564  82N  1 
 1280  54055.073217  3  27.225  0.213  0.105  0.000  -8.934e+00   1.754e+00   8.760e-01   0.000e+00  3  sdss  6564  82N  1 
 1280  54055.074876  4  23.271  0.985  0.425  0.000  -2.196e+00   5.709e+00   2.243e+00   0.000e+00  3  sdss  6564  82N  1 
 1312  54055.074047  0  24.526  1.675  0.493  0.000   1.359e-01   2.349e+00   4.816e-01   0.000e+00  1  sdss  6564  82N  1 
 1280  54056.079301  1  25.406  1.292  1.696  0.000  -1.712e-01   9.635e-01   1.033e+00   0.000e+00  1  sdss  6568  82S  2 
 1280  54056.075984  2  27.177  0.381  0.298  0.000  -3.816e+00   1.324e+00   1.073e+00   0.000e+00  2  sdss  6568  82S  2 
 1280  54056.076813  3  27.728  0.140  0.062  0.000  -1.424e+01   1.833e+00   8.189e-01   0.000e+00  3  sdss  6568  82S  2 
 1312  54056.078471  4  20.840  0.457  0.324  0.000   1.617e+01   6.790e+00   5.052e+00   0.000e+00  3  sdss  6568  82S  2 
 1312  54056.077642  0  22.580  1.100  0.336  0.000   3.513e+00   2.864e+00   1.089e+00   0.000e+00  1  sdss  6568  82S  2 
 1312  54058.074219  1  23.230  0.510  0.240  0.000   1.763e+00   8.250e-01   4.099e-01   0.000e+00  1  sdss  6577  82N  1 
 1280  54058.070902  2  26.256  0.734  0.173  0.000  -1.541e+00   1.106e+00   2.821e-01   0.000e+00  2  sdss  6577  82N  1 
 1280  54058.071731  3  26.258  0.517  0.185  0.000  -3.573e+00   1.709e+00   6.496e-01   0.000e+00  3  sdss  6577  82N  1 
 1280  54058.073389  4  24.200  0.602  0.225  0.000  -8.577e+00   5.289e+00   2.082e+00   0.000e+00  3  sdss  6577  82N  1 
 1312  54058.072560  0  23.156  1.287  0.749  0.000   1.981e+00   2.212e+00   1.494e+00   0.000e+00  1  sdss  6577  82N  1 
 1312  54059.073294  1  22.752  0.358  0.318  0.000   2.789e+00   9.043e-01   8.289e-01   0.000e+00  1  sdss  6580  82S  2 
 1408  54059.069978  2  28.376  0.128  0.082  0.000  -1.165e+01   1.368e+00   8.833e-01   0.000e+00  2  sdss  6580  82S  2 
 1280  54059.070807  3  28.412  0.068  0.048  0.000  -2.678e+01   1.690e+00   1.197e+00   0.000e+00  3  sdss  6580  82S  2 
 1280  54059.072465  4  23.704  0.951  0.673  0.000  -4.720e+00   6.206e+00   4.386e+00   0.000e+00  3  sdss  6580  82S  2 
 1322  54059.071636  0  23.325  1.648  1.928  0.000   1.654e+00   2.697e+00   3.371e+00   0.000e+00  1  sdss  6580  82S  2 
 1312  54061.084097  1  24.482  1.304  1.340  0.000   3.964e-01   1.020e+00   9.256e-01   0.000e+00  1  sdss  6590  82S  2 
 1408  54061.080781  2  28.344  0.138  0.081  0.000  -1.131e+01   1.431e+00   8.461e-01   0.000e+00  2  sdss  6590  82S  2 
 1280  54061.081610  3  26.009  0.672  0.376  0.000  -2.789e+00   1.756e+00   1.064e+00   0.000e+00  3  sdss  6590  82S  2 
 1408  54061.083268  4  23.117  1.196  0.848  0.000  -1.404e+00   7.172e+00   4.279e+00   0.000e+00  3  sdss  6590  82S  2 
 1280  54061.082439  0  26.626  1.191  0.071  0.000  -3.114e+00   2.759e+00   2.073e-01   0.000e+00  1  sdss  6590  82S  2 
 1312  54062.077897  1  22.611  0.337  0.306  0.000   3.186e+00   9.690e-01   9.060e-01   0.000e+00  1  sdss  6596  82S  2 
 1408  54062.074580  2  28.611  0.117  0.074  0.000  -1.447e+01   1.554e+00   9.889e-01   0.000e+00  2  sdss  6596  82S  2 
 1280  54062.075410  3  27.741  0.144  0.110  0.000  -1.441e+01   1.910e+00   1.465e+00   0.000e+00  3  sdss  6596  82S  2 
 1280  54062.077068  4  24.478  0.756  0.500  0.000  -1.148e+01   7.944e+00   5.796e+00   0.000e+00  3  sdss  6596  82S  2 
 1314  54062.076239  0  22.545  1.031  0.917  0.000   3.634e+00   2.815e+00   3.065e+00   0.000e+00  1  sdss  6596  82S  2 
 1312  54063.064050  1  22.921  0.459  0.295  0.000   2.376e+00   9.789e-01   6.620e-01   0.000e+00  1  sdss  6600  82N  1 
 1408  54063.060733  2  28.561  0.118  0.046  0.000  -1.382e+01   1.504e+00   5.877e-01   0.000e+00  2  sdss  6600  82N  1 
 1280  54063.061562  3  26.904  0.306  0.178  0.000  -6.620e+00   1.856e+00   1.108e+00   0.000e+00  3  sdss  6600  82N  1 
 1280  54063.063221  4  24.707  0.484  0.216  0.000  -1.440e+01   6.470e+00   3.041e+00   0.000e+00  3  sdss  6600  82N  1 
 1280  54063.062392  0  25.818  1.617  0.304  0.000  -1.338e+00   2.497e+00   4.628e-01   0.000e+00  1  sdss  6600  82N  1 
 1315  54068.067453  1  22.048  0.395  0.352  0.000   5.386e+00   1.875e+00   1.743e+00   0.000e+00  1  sdss  6615  82S  2 
 1409  54068.064136  2  28.083  0.218  0.155  0.000  -8.881e+00   1.768e+00   1.273e+00   0.000e+00  2  sdss  6615  82S  2 
 1408  54068.064965  3  28.389  0.100  0.075  0.000  -2.621e+01   2.409e+00   1.806e+00   0.000e+00  3  sdss  6615  82S  2 
 1312  54068.066623  4  21.690  0.919  0.900  0.000   6.661e+00   6.801e+00   7.031e+00   0.000e+00  3  sdss  6615  82S  2 
 1315  54068.065794  0  22.056  1.350  0.129  0.000   5.772e+00   4.956e+00   6.657e-01   0.000e+00  1  sdss  6615  82S  2 
