# SDSS CID:  21490 IAU:          RA: 304.368805 DEC:   0.353777  (J2000)
# GALAXY_SB [ugriz] = [ 24.12 24.95 24.22 23.78 22.62 ] +/- [  0.58  0.21  0.19  0.17  0.16 ] (asinh mag/square arcsec)
# GALAXY_SB_FLUX [ugriz] = [  5.188E-01  9.804E-02  4.917E-01  7.190E-01  9.954E-01 ] +/- [  6.218E-01  1.276E-01  1.754E-01  2.248E-01  8.173E-01 ] (microJy per square arcsec)
#FLAG  MJD       FILT  MAG     MERR  MSKYERR MGALERR  FLUX       FLUXERR    SKYERR     GALERR    NPRE TELE   RUN  STRIP  IDCCD
   32  54346.139877  1  22.294  0.178  0.223  0.371   4.285e+00   7.062e-01   8.879e-01   1.481e+00  1  sdss  6920  82N  4 
   32  54346.136561  2  21.928  0.190  0.249  0.342   6.091e+00   1.065e+00   1.410e+00   1.938e+00  2  sdss  6920  82N  4 
 1184  54346.137390  3  22.480  0.387  0.375  0.665   3.525e+00   1.293e+00   1.293e+00   2.295e+00  2  sdss  6920  82N  4 
   32  54346.139048  4  22.062  0.915  0.823  1.392   4.085e+00   5.726e+00   5.045e+00   8.537e+00  3  sdss  6920  82N  4 
   38  54346.138219  0  21.826  0.383  0.150  1.556   7.149e+00   2.411e+00   9.802e-01   1.019e+01  1  sdss  6920  82N  4 
   32  54358.125308  1  22.194  0.159  0.199  0.287   4.702e+00   6.893e-01   8.684e-01   1.256e+00  1  sdss  6958  82N  4 
   32  54358.121991  2  22.372  0.275  0.273  0.449   4.021e+00   1.022e+00   1.032e+00   1.698e+00  2  sdss  6958  82N  4 
 1184  54358.122820  3  22.581  0.393  0.391  0.550   3.191e+00   1.204e+00   1.236e+00   1.741e+00  2  sdss  6958  82N  4 
   32  54358.124479  4  21.933  0.828  0.758  1.296   4.909e+00   5.423e+00   5.013e+00   8.571e+00  3  sdss  6958  82N  4 
   44  54358.123650  0  22.800  0.873  0.868  2.631   2.837e+00   2.084e+00   2.386e+00   7.227e+00  1  sdss  6958  82N  4 
   33  54366.117405  1  23.729  1.645  0.666  0.981   1.060e+00   1.685e+00   7.600e-01   1.118e+00  1  sdss  6985  82N  4 
   33  54366.114088  2  22.587  0.551  0.281  0.314   3.279e+00   1.601e+00   8.779e-01   9.787e-01  2  sdss  6985  82N  4 
 1184  54366.114918  3  21.924  0.320  0.149  0.214   6.004e+00   1.761e+00   8.385e-01   1.209e+00  2  sdss  6985  82N  4 
   32  54366.116576  4  20.912  0.429  0.139  0.402   1.507e+01   5.998e+00   2.030e+00   5.848e+00  3  sdss  6985  82N  4 
   37  54366.115747  0  22.988  2.100  0.906  2.512   2.354e+00   4.199e+00   2.125e+00   5.886e+00  1  sdss  6985  82N  4 
   32  54382.165628  1  21.960  0.140  0.221  0.320   5.842e+00   7.545e-01   1.198e+00   1.730e+00  1  sdss  7037  82N  4 
   32  54382.162312  2  21.948  0.217  0.234  0.426   5.978e+00   1.193e+00   1.299e+00   2.366e+00  2  sdss  7037  82N  4 
 1184  54382.163141  3  22.004  0.302  0.358  0.559   5.567e+00   1.552e+00   1.879e+00   2.941e+00  2  sdss  7037  82N  4 
    0  54382.164799  4  22.949  1.158  1.069  1.875  -5.692e-01   6.794e+00   5.242e+00   9.197e+00  3  sdss  7037  82N  4 
   42  54382.163970  0  21.856  0.435  0.485  1.821   6.952e+00   2.640e+00   3.089e+00   1.161e+01  1  sdss  7037  82N  4 
   36  54386.168046  1  21.932  0.138  0.115  0.087   5.996e+00   7.603e-01   6.389e-01   4.814e-01  1  sdss  7054  82N  4 
   60  54386.164730  2  22.124  0.337  0.853  0.122   5.074e+00   1.550e+00   4.037e+00   5.771e-01  2  sdss  7054  82N  4 
   36  54386.165559  3  22.154  0.376  0.404  0.149   4.829e+00   1.668e+00   1.859e+00   6.870e-01  2  sdss  7054  82N  4 
   36  54386.167217  4  21.971  0.995  0.729  0.438   4.658e+00   6.484e+00   4.708e+00   2.830e+00  3  sdss  7054  82N  4 
   44  54386.166388  0  23.420  1.634  1.192  1.753   1.490e+00   2.614e+00   1.981e+00   2.914e+00  1  sdss  7054  82N  4 
   32  54388.171951  1  22.251  0.163  0.112  0.236   4.459e+00   6.735e-01   4.670e-01   9.800e-01  1  sdss  7060  82N  4 
   32  54388.168634  2  22.115  0.223  0.220  0.273   5.116e+00   1.050e+00   1.050e+00   1.303e+00  2  sdss  7060  82N  4 
 1184  54388.169463  3  22.110  0.301  0.251  0.285   5.035e+00   1.406e+00   1.201e+00   1.364e+00  2  sdss  7060  82N  4 
   32  54388.171121  4  20.793  0.342  0.261  0.281   1.693e+01   5.367e+00   4.222e+00   4.544e+00  3  sdss  7060  82N  4 
   36  54388.170292  0  22.491  0.618  0.072  1.306   3.827e+00   2.039e+00   2.605e-01   4.702e+00  1  sdss  7060  82N  4 
   33  54393.157357  1  22.302  0.198  0.062  0.098   4.253e+00   7.765e-01   2.443e-01   3.902e-01  1  sdss  7080  82N  4 
   33  54393.154041  2  22.249  0.220  0.074  0.108   4.514e+00   9.202e-01   3.134e-01   4.550e-01  2  sdss  7080  82N  4 
    0  54393.154870  3  21.536  0.176  0.050  0.060   8.632e+00   1.404e+00   4.025e-01   4.845e-01  2  sdss  7080  82N  4 
   32  54393.156528  4  22.321  0.809  0.295  0.373   2.590e+00   4.616e+00   1.598e+00   2.020e+00  3  sdss  7080  82N  4 
   33  54393.155699  0  22.312  0.560  0.040  0.544   4.537e+00   2.194e+00   1.670e-01   2.297e+00  1  sdss  7080  82N  4 
    1  54396.087332  1  25.197  1.872  1.520  2.447  -4.630e-02   1.736e+00   8.975e-01   1.445e+00  1  sdss  7092  82N  4 
   33  54396.084016  2  22.203  0.452  0.319  0.448   4.712e+00   1.891e+00   1.408e+00   1.973e+00  2  sdss  7092  82N  4 
 1184  54396.084845  3  22.431  0.555  0.446  0.731   3.697e+00   1.869e+00   1.606e+00   2.634e+00  2  sdss  7092  82N  4 
   32  54396.086503  4  22.635  1.069  0.802  1.280   9.676e-01   6.138e+00   3.979e+00   6.345e+00  3  sdss  7092  82N  4 
    1  54396.085674  0  25.863  2.317  1.374  4.387  -1.410e+00   4.584e+00   2.204e+00   7.034e+00  1  sdss  7092  82N  4 
   32  54403.084205  1  22.012  0.120  0.073  0.113   5.567e+00   6.189e-01   3.747e-01   5.848e-01  1  sdss  7106  82N  4 
   32  54403.080888  2  22.117  0.194  0.082  0.128   5.107e+00   9.139e-01   3.922e-01   6.099e-01  2  sdss  7106  82N  4 
    0  54403.081717  3  21.592  0.184  0.091  0.095   8.193e+00   1.390e+00   6.914e-01   7.284e-01  2  sdss  7106  82N  4 
   32  54403.083376  4  20.708  0.279  0.077  0.155   1.836e+01   4.759e+00   1.339e+00   2.706e+00  3  sdss  7106  82N  4 
   32  54403.082547  0  22.449  0.569  0.132  0.792   3.983e+00   1.972e+00   4.944e-01   2.960e+00  1  sdss  7106  82N  4 
   32  54406.078083  1  21.986  0.116  0.054  0.107   5.703e+00   6.117e-01   2.866e-01   5.648e-01  1  sdss  7121  82N  4 
   32  54406.074767  2  22.087  0.196  0.096  0.136   5.252e+00   9.479e-01   4.688e-01   6.661e-01  2  sdss  7121  82N  4 
    0  54406.075596  3  21.477  0.180  0.114  0.100   9.119e+00   1.509e+00   9.628e-01   8.449e-01  2  sdss  7121  82N  4 
   32  54406.077254  4  22.029  0.833  0.384  0.473   4.291e+00   5.241e+00   2.396e+00   2.955e+00  3  sdss  7121  82N  4 
   32  54406.076425  0  22.471  0.586  0.085  0.970   3.901e+00   1.984e+00   3.131e-01   3.554e+00  1  sdss  7121  82N  4 
   32  54412.080140  1  22.264  0.161  0.102  0.137   4.405e+00   6.569e-01   4.198e-01   5.639e-01  1  sdss  7140  82N  4 
   40  54412.076823  2  22.328  0.267  0.398  0.188   4.190e+00   1.033e+00   1.568e+00   7.413e-01  2  sdss  7140  82N  4 
    0  54412.077652  3  21.488  0.191  0.105  0.099   9.026e+00   1.583e+00   8.785e-01   8.302e-01  2  sdss  7140  82N  4 
   36  54412.079311  4  21.821  0.699  0.333  0.430   5.679e+00   4.842e+00   2.364e+00   3.052e+00  3  sdss  7140  82N  4 
   44  54412.078482  0  22.590  0.621  0.523  1.176   3.480e+00   1.879e+00   1.725e+00   3.878e+00  1  sdss  7140  82N  4 
   32  54415.117677  1  22.168  0.136  0.054  0.112   4.817e+00   6.058e-01   2.424e-01   5.015e-01  1  sdss  7150  82N  4 
   32  54415.114361  2  22.841  0.396  0.204  0.283   2.569e+00   9.521e-01   5.085e-01   7.059e-01  2  sdss  7150  82N  4 
   32  54415.115190  3  21.614  0.197  0.096  0.107   8.027e+00   1.457e+00   7.203e-01   8.021e-01  2  sdss  7150  82N  4 
   32  54415.116848  4  21.649  0.644  0.204  0.308   6.985e+00   4.955e+00   1.636e+00   2.465e+00  3  sdss  7150  82N  4 
   32  54415.116019  0  21.965  0.377  0.100  0.541   6.286e+00   2.098e+00   5.774e-01   3.124e+00  1  sdss  7150  82N  4 
   32  54416.075915  1  21.997  0.121  0.079  0.116   5.645e+00   6.294e-01   4.148e-01   6.076e-01  1  sdss  7155  82N  4 
   32  54416.072599  2  22.101  0.188  0.083  0.125   5.184e+00   8.991e-01   4.041e-01   6.065e-01  2  sdss  7155  82N  4 
    0  54416.073428  3  21.529  0.173  0.100  0.093   8.689e+00   1.390e+00   8.118e-01   7.489e-01  2  sdss  7155  82N  4 
   32  54416.075086  4  22.777  0.854  0.342  0.567   2.713e-01   4.610e+00   1.672e+00   2.767e+00  3  sdss  7155  82N  4 
   32  54416.074257  0  21.966  0.357  0.023  0.547   6.280e+00   1.994e+00   1.322e-01   3.155e+00  1  sdss  7155  82N  4 
  161  54421.081240  1  21.698  0.197  0.101  0.147   7.445e+00   1.343e+00   6.919e-01   1.010e+00  1  sdss  7170  82N  4 
   33  54421.077923  2  22.779  0.695  0.552  0.609   2.728e+00   1.651e+00   1.453e+00   1.605e+00  2  sdss  7170  82N  4 
 1184  54421.078753  3  22.125  0.391  0.286  0.373   4.964e+00   1.778e+00   1.349e+00   1.761e+00  2  sdss  7170  82N  4 
    0  54421.080411  4  23.703  0.937  0.560  0.726  -4.711e+00   6.098e+00   3.635e+00   4.717e+00  3  sdss  7170  82N  4 
   37  54421.079582  0  23.558  1.958  0.433  3.827   1.268e+00   3.324e+00   6.503e-01   5.754e+00  1  sdss  7170  82N  4 
   33  54423.072575  1  22.094  0.315  0.155  0.350   5.159e+00   1.470e+00   7.437e-01   1.675e+00  1  sdss  7176  82N  4 
   32  54423.069259  2  21.788  0.203  0.135  0.164   6.937e+00   1.290e+00   8.671e-01   1.053e+00  2  sdss  7176  82N  4 
 1184  54423.070088  3  21.727  0.247  0.144  0.186   7.223e+00   1.642e+00   9.693e-01   1.258e+00  2  sdss  7176  82N  4 
    0  54423.071746  4  22.869  1.128  0.610  1.572  -1.782e-01   6.551e+00   2.975e+00   7.670e+00  3  sdss  7176  82N  4 
   33  54423.070917  0  21.983  0.739  0.497  1.180   6.182e+00   3.682e+00   2.824e+00   6.706e+00  1  sdss  7176  82N  4 
  161  54425.073055  1  21.817  0.265  0.217  0.167   6.670e+00   1.603e+00   1.338e+00   1.028e+00  1  sdss  7188  82N  4 
   33  54425.069738  2  22.537  0.567  0.407  0.483   3.440e+00   1.713e+00   1.327e+00   1.578e+00  2  sdss  7188  82N  4 
 1184  54425.070568  3  21.835  0.298  0.321  0.242   6.527e+00   1.783e+00   1.963e+00   1.482e+00  2  sdss  7188  82N  4 
   32  54425.072226  4  22.716  0.966  0.308  0.853   5.684e-01   5.375e+00   1.508e+00   4.182e+00  3  sdss  7188  82N  4 
   33  54425.071397  0  23.750  2.438  0.492  5.616   9.962e-01   5.007e+00   6.522e-01   7.437e+00  1  sdss  7188  82N  4 
