# SDSS CID:  19659 IAU:          RA:   3.431047 DEC:   0.022612  (J2000)
# GALAXY_SB [ugriz] = [ 22.34 22.11 21.98 21.61 21.34 ] +/- [  0.08  0.02  0.02  0.02  0.06 ] (asinh mag/square arcsec)
# GALAXY_SB_FLUX [ugriz] = [  4.276E+00  5.068E+00  5.794E+00  8.024E+00  9.726E+00 ] +/- [  3.293E-01  1.053E-01  1.154E-01  1.581E-01  5.942E-01 ] (microJy per square arcsec)
#FLAG  MJD       FILT  MAG     MERR  MSKYERR MGALERR  FLUX       FLUXERR    SKYERR     GALERR    NPRE TELE   RUN  STRIP  IDCCD
   32  54357.293344  1  23.014  0.290  0.053  0.248   2.174e+00   5.916e-01   1.098e-01   5.163e-01  10  sdss  6955  82S  4 
   32  54357.290027  2  23.044  0.381  0.162  0.215   2.105e+00   7.719e-01   3.391e-01   4.491e-01  11  sdss  6955  82S  4 
   32  54357.290857  3  22.691  0.423  0.128  0.203   2.857e+00   1.171e+00   3.678e-01   5.837e-01  10  sdss  6955  82S  4 
   32  54357.292515  4  22.304  0.662  0.393  0.433   2.683e+00   3.731e+00   2.149e+00   2.366e+00  10  sdss  6955  82S  4 
   36  54357.291686  0  24.466  1.288  0.173  1.631   1.942e-01   1.570e+00   1.699e-01   1.606e+00  9  sdss  6955  82S  4 
   32  54362.343136  1  22.976  0.279  0.141  0.280   2.254e+00   5.877e-01   3.025e-01   6.019e-01  10  sdss  6976  82S  4 
  164  54362.339819  2  22.455  0.493  0.294  0.216   3.719e+00   1.627e+00   1.030e+00   7.575e-01  11  sdss  6976  82S  4 
 1028  54362.340648  3  26.732  0.657  0.435  0.142  -5.628e+00   3.137e+00   2.298e+00   7.514e-01  10  sdss  6976  82S  4 
 1164  54362.342307  4  23.423  1.162  2.305  0.814  -3.023e+00   7.218e+00   1.294e+01   4.566e+00  10  sdss  6976  82S  4 
   32  54379.333194  1  22.532  0.183  0.100  0.160   3.432e+00   5.822e-01   3.189e-01   5.135e-01  10  sdss  7024  82S  4 
   32  54379.329877  2  22.571  0.284  0.148  0.185   3.331e+00   8.803e-01   4.681e-01   5.835e-01  11  sdss  7024  82S  4 
   32  54379.330706  3  22.640  0.443  0.166  0.237   3.008e+00   1.276e+00   4.968e-01   7.094e-01  10  sdss  7024  82S  4 
   32  54379.332364  4  22.500  0.730  0.262  0.420   1.648e+00   3.952e+00   1.340e+00   2.143e+00  10  sdss  7024  82S  4 
 1164  54379.331535  0  22.058  0.404  0.135  0.412   5.758e+00   2.038e+00   7.131e-01   2.168e+00  9  sdss  7024  82S  4 
   32  54382.323284  1  22.565  0.225  0.203  0.411   3.327e+00   6.892e-01   6.311e-01   1.279e+00  10  sdss  7038  82S  4 
   32  54382.319967  2  22.699  0.368  0.088  0.390   2.947e+00   1.005e+00   2.479e-01   1.100e+00  11  sdss  7038  82S  4 
   32  54382.320797  3  22.766  0.634  0.359  0.611   2.647e+00   1.595e+00   9.685e-01   1.647e+00  10  sdss  7038  82S  4 
   32  54382.322455  4  22.751  1.012  0.316  1.077   4.008e-01   5.688e+00   1.544e+00   5.267e+00  10  sdss  7038  82S  4 
   34  54382.321626  0  22.411  0.670  0.191  1.257   4.130e+00   2.319e+00   7.330e-01   4.824e+00  9  sdss  7038  82S  4 
   32  54385.340763  1  22.754  0.228  0.062  0.245   2.784e+00   5.886e-01   1.622e-01   6.419e-01  10  sdss  7051  82S  4 
   32  54385.337445  2  22.307  0.202  0.076  0.105   4.276e+00   8.005e-01   3.046e-01   4.184e-01  11  sdss  7051  82S  4 
   32  54385.338275  3  22.436  0.335  0.093  0.146   3.680e+00   1.166e+00   3.327e-01   5.210e-01  10  sdss  7051  82S  4 
   32  54385.339933  4  21.832  0.533  0.281  0.298   5.601e+00   3.712e+00   1.994e+00   2.112e+00  10  sdss  7051  82S  4 
   40  54385.339104  0  22.705  0.656  0.500  0.653   3.112e+00   1.774e+00   1.483e+00   1.934e+00  9  sdss  7051  82S  4 
   32  54387.341110  1  22.931  0.340  0.174  0.406   2.354e+00   7.398e-01   3.900e-01   9.091e-01  10  sdss  7057  82S  4 
   32  54387.337793  2  22.702  0.350  0.036  0.282   2.939e+00   9.550e-01   1.000e-01   7.938e-01  11  sdss  7057  82S  4 
   32  54387.338623  3  22.523  0.498  0.161  0.261   3.378e+00   1.564e+00   5.339e-01   8.659e-01  10  sdss  7057  82S  4 
   32  54387.340281  4  21.870  0.676  0.072  0.471   5.335e+00   4.587e+00   4.991e-01   3.254e+00  10  sdss  7057  82S  4 
   36  54387.339452  0  22.778  0.849  0.059  0.947   2.901e+00   2.063e+00   1.639e-01   2.635e+00  9  sdss  7057  82S  4 
   32  54392.335999  1  22.413  0.192  0.047  0.297   3.835e+00   6.797e-01   1.669e-01   1.061e+00  10  sdss  7076  82S  4 
   32  54392.332683  2  22.384  0.282  0.186  0.243   3.977e+00   1.031e+00   6.929e-01   9.056e-01  11  sdss  7076  82S  4 
   32  54392.333512  3  22.474  0.422  0.211  0.279   3.545e+00   1.401e+00   7.278e-01   9.636e-01  10  sdss  7076  82S  4 
  128  54392.335170  4  24.440  0.444  0.230  0.349  -1.103e+01   4.813e+00   2.593e+00   3.925e+00  10  sdss  7076  82S  4 
  136  54392.334341  0  21.938  0.378  0.266  0.536   6.442e+00   2.136e+00   1.559e+00   3.146e+00  9  sdss  7076  82S  4 
  161  54394.323875  1  22.035  0.195  0.155  0.166   5.452e+00   9.707e-01   7.792e-01   8.365e-01  10  sdss  7084  82S  4 
   33  54394.320558  2  22.381  0.334  0.167  0.207   3.988e+00   1.214e+00   6.256e-01   7.767e-01  11  sdss  7084  82S  4 
   32  54394.321388  3  22.668  0.551  0.192  0.285   2.924e+00   1.522e+00   5.618e-01   8.353e-01  10  sdss  7084  82S  4 
   32  54394.323046  4  21.453  0.576  0.184  0.377   8.694e+00   5.137e+00   1.723e+00   3.533e+00  10  sdss  7084  82S  4 
 1185  54394.322217  0  22.306  0.616  0.071  0.564   4.564e+00   2.371e+00   2.982e-01   2.377e+00  9  sdss  7084  82S  4 
  129  54402.333769  1  21.781  0.233  0.073  0.100   6.898e+00   1.457e+00   4.656e-01   6.353e-01  10  sdss  7101  82S  4 
    1  54402.330452  2  21.945  0.238  0.066  0.086   5.997e+00   1.305e+00   3.650e-01   4.805e-01  11  sdss  7101  82S  4 
   33  54402.331281  3  22.194  0.386  0.153  0.166   4.648e+00   1.643e+00   6.753e-01   7.347e-01  10  sdss  7101  82S  4 
   32  54402.332940  4  21.724  0.660  0.328  0.326   6.398e+00   4.871e+00   2.505e+00   2.489e+00  10  sdss  7101  82S  4 
   13  54402.332111  0  21.929  0.919  0.247  0.346   6.496e+00   4.484e+00   1.465e+00   2.048e+00  9  sdss  7101  82S  4 
    0  54408.247453  1  21.903  0.115  0.068  0.126   6.161e+00   6.540e-01   3.885e-01   7.155e-01  10  sdss  7127  82S  4 
   32  54408.244137  2  22.261  0.244  0.159  0.133   4.465e+00   1.003e+00   6.625e-01   5.540e-01  11  sdss  7127  82S  4 
   32  54408.244966  3  22.263  0.395  0.146  0.220   4.350e+00   1.583e+00   6.082e-01   9.153e-01  10  sdss  7127  82S  4 
    0  54408.246624  4  20.533  0.246  0.136  0.130   2.171e+01   4.977e+00   2.784e+00   2.668e+00  10  sdss  7127  82S  4 
   44  54408.245795  0  22.370  0.573  0.541  0.679   4.294e+00   2.108e+00   2.155e+00   2.705e+00  9  sdss  7127  82S  4 
   32  54411.205286  1  22.350  0.145  0.014  0.102   4.068e+00   5.447e-01   5.338e-02   3.869e-01  10  sdss  7136  82S  4 
    0  54411.201969  2  22.148  0.166  0.052  0.069   4.963e+00   7.608e-01   2.404e-01   3.171e-01  11  sdss  7136  82S  4 
   32  54411.202798  3  22.589  0.384  0.027  0.146   3.165e+00   1.165e+00   8.553e-02   4.585e-01  10  sdss  7136  82S  4 
   32  54411.204457  4  21.799  0.541  0.061  0.267   5.838e+00   3.845e+00   4.426e-01   1.939e+00  10  sdss  7136  82S  4 
   36  54411.203627  0  23.025  0.809  0.046  0.704   2.266e+00   1.641e+00   1.045e-01   1.590e+00  9  sdss  7136  82S  4 
   32  54413.246094  1  22.075  0.136  0.132  0.214   5.253e+00   6.588e-01   6.389e-01   1.037e+00  10  sdss  7145  82S  4 
   32  54413.242777  2  21.830  0.171  0.086  0.184   6.674e+00   1.047e+00   5.320e-01   1.133e+00  11  sdss  7145  82S  4 
   32  54413.243606  3  21.920  0.281  0.087  0.260   6.027e+00   1.552e+00   4.886e-01   1.467e+00  10  sdss  7145  82S  4 
   32  54413.245264  4  21.232  0.531  0.358  0.492   1.096e+01   5.650e+00   4.007e+00   5.510e+00  10  sdss  7145  82S  4 
    0  54413.244435  0  21.935  0.351  0.085  0.534   6.459e+00   1.999e+00   5.023e-01   3.146e+00  9  sdss  7145  82S  4 
   32  54417.247482  1  22.298  0.148  0.093  0.162   4.270e+00   5.839e-01   3.697e-01   6.405e-01  10  sdss  7158  82S  4 
   32  54417.244166  2  22.554  0.270  0.138  0.174   3.385e+00   8.503e-01   4.424e-01   5.582e-01  11  sdss  7158  82S  4 
   32  54417.244995  3  22.475  0.400  0.132  0.205   3.542e+00   1.333e+00   4.568e-01   7.089e-01  10  sdss  7158  82S  4 
   32  54417.246653  4  22.113  0.743  0.469  0.437   3.770e+00   4.506e+00   2.808e+00   2.615e+00  10  sdss  7158  82S  4 
  160  54417.245824  0  23.369  1.142  0.177  1.334   1.576e+00   1.788e+00   3.046e-01   2.290e+00  9  sdss  7158  82S  4 
   32  54418.245810  1  22.137  0.124  0.018  0.113   4.959e+00   5.672e-01   8.037e-02   5.207e-01  10  sdss  7161  82S  4 
   32  54418.242493  2  22.209  0.192  0.030  0.111   4.688e+00   8.314e-01   1.307e-01   4.857e-01  11  sdss  7161  82S  4 
   32  54418.243322  3  22.252  0.298  0.038  0.131   4.396e+00   1.225e+00   1.614e-01   5.506e-01  10  sdss  7161  82S  4 
    0  54418.244981  4  23.227  0.733  0.275  0.416  -1.963e+00   4.023e+00   1.429e+00   2.165e+00  10  sdss  7161  82S  4 
  164  54418.244151  0  22.832  0.652  0.038  0.532   2.751e+00   1.592e+00   1.019e-01   1.414e+00  9  sdss  7161  82S  4 
  161  54422.249936  1  22.462  0.278  0.130  0.219   3.664e+00   9.289e-01   4.425e-01   7.475e-01  10  sdss  7173  82S  4 
   32  54422.246619  2  22.237  0.263  0.045  0.155   4.566e+00   1.102e+00   1.935e-01   6.609e-01  11  sdss  7173  82S  4 
   32  54422.247448  3  22.941  0.660  0.111  0.375   2.207e+00   1.452e+00   2.589e-01   8.788e-01  10  sdss  7173  82S  4 
    0  54422.249106  4  21.138  0.420  0.213  0.310   1.206e+01   4.903e+00   2.577e+00   3.754e+00  10  sdss  7173  82S  4 
  169  54422.248277  0  22.620  0.868  0.248  0.790   3.381e+00   2.382e+00   7.923e-01   2.522e+00  9  sdss  7173  82S  4 
