# SDSS CID:  13326 IAU:          RA: 335.828949 DEC:  -0.080440  (J2000)
# GALAXY_SB [ugriz] = [ 24.52 24.65 24.24 24.20 22.42 ] +/- [  0.35  0.13  0.11  0.11  0.10 ] (asinh mag/square arcsec)
# GALAXY_SB_FLUX [ugriz] = [  1.120E-01  2.796E-01  4.669E-01  1.912E-01  2.048E+00 ] +/- [  3.425E-01  8.631E-02  9.885E-02  1.345E-01  5.428E-01 ] (microJy per square arcsec)
#FLAG  MJD       FILT  MAG     MERR  MSKYERR MGALERR  FLUX       FLUXERR    SKYERR     GALERR    NPRE TELE   RUN  STRIP  IDCCD
    1  53989.247645  1  22.663  0.355  0.079  0.135   3.035e+00   9.778e-01   2.253e-01   3.847e-01  10  sdss  6314  82N  3 
    1  53989.244328  2  21.976  0.180  0.056  0.059   5.824e+00   9.646e-01   3.047e-01   3.204e-01  13  sdss  6314  82N  3 
    0  53989.245157  3  22.229  0.302  0.089  0.093   4.495e+00   1.270e+00   3.828e-01   4.021e-01  14  sdss  6314  82N  3 
    0  53989.246815  4  23.219  0.711  0.264  0.345  -1.925e+00   3.882e+00   1.370e+00   1.788e+00  15  sdss  6314  82N  3 
   33  53989.245986  0  23.707  1.624  0.467  1.189   1.054e+00   2.414e+00   6.330e-01   1.612e+00  9  sdss  6314  82N  3 
    0  53995.236702  1  23.368  0.304  0.077  0.210   1.539e+00   4.555e-01   1.173e-01   3.209e-01  10  sdss  6360  82N  3 
    0  53995.233385  2  22.131  0.151  0.058  0.073   5.039e+00   7.042e-01   2.733e-01   3.456e-01  13  sdss  6360  82N  3 
    0  53995.234214  3  21.939  0.201  0.037  0.091   5.921e+00   1.111e+00   2.052e-01   5.052e-01  14  sdss  6360  82N  3 
   32  53995.235873  4  22.373  0.592  0.288  0.300   2.307e+00   3.239e+00   1.533e+00   1.594e+00  15  sdss  6360  82N  3 
    0  53995.235044  0  25.278  1.169  0.478  1.744  -6.248e-01   1.447e+00   5.346e-01   1.953e+00  9  sdss  6360  82N  3 
    8  54000.222709  1  23.894  0.595  0.653  0.833   8.832e-01   5.728e-01   6.546e-01   8.345e-01  10  sdss  6383  82N  3 
    0  54000.219393  2  22.233  0.200  0.068  0.158   4.581e+00   8.488e-01   2.923e-01   6.796e-01  13  sdss  6383  82N  3 
    0  54000.220222  3  21.976  0.243  0.124  0.161   5.717e+00   1.291e+00   6.675e-01   8.683e-01  14  sdss  6383  82N  3 
    0  54000.221880  4  23.129  0.832  0.607  0.690  -1.464e+00   4.565e+00   3.071e+00   3.491e+00  15  sdss  6383  82N  3 
    0  54000.221051  0  25.061  1.353  0.381  2.980  -3.918e-01   1.708e+00   3.922e-01   3.072e+00  9  sdss  6383  82N  3 
    0  54007.199285  1  23.651  0.451  0.316  0.421   1.152e+00   5.266e-01   3.825e-01   5.089e-01  10  sdss  6412  82N  3 
    0  54007.195968  2  22.715  0.282  0.091  0.161   2.901e+00   7.706e-01   2.546e-01   4.478e-01  13  sdss  6412  82N  3 
    0  54007.196797  3  22.156  0.262  0.136  0.135   4.820e+00   1.180e+00   6.239e-01   6.196e-01  14  sdss  6412  82N  3 
   32  54007.198456  4  22.795  0.672  0.384  0.381   1.852e-01   3.491e+00   1.875e+00   1.857e+00  15  sdss  6412  82N  3 
  168  54007.197626  0  22.994  0.731  0.328  0.801   2.338e+00   1.541e+00   7.589e-01   1.853e+00  9  sdss  6412  82N  3 
   40  54007.272734  1  24.303  0.669  0.508  0.665   5.263e-01   5.083e-01   3.871e-01   5.064e-01  10  sdss  6414  82N  3 
    0  54007.269417  2  22.954  0.329  0.043  0.145   2.300e+00   7.275e-01   9.838e-02   3.283e-01  13  sdss  6414  82N  3 
    0  54007.270247  3  22.191  0.261  0.095  0.105   4.662e+00   1.142e+00   4.203e-01   4.690e-01  14  sdss  6414  82N  3 
    0  54007.271905  4  23.465  0.665  0.288  0.373  -3.263e+00   3.881e+00   1.650e+00   2.134e+00  15  sdss  6414  82N  3 
    8  54007.271076  0  25.339  1.192  0.759  1.472  -6.946e-01   1.503e+00   8.742e-01   1.696e+00  9  sdss  6414  82N  3 
    1  54009.196241  1  23.336  0.421  0.125  0.195   1.588e+00   6.379e-01   1.967e-01   3.070e-01  10  sdss  6421  82N  3 
    0  54009.192924  2  22.830  0.342  0.048  0.141   2.596e+00   8.387e-01   1.204e-01   3.557e-01  13  sdss  6421  82N  3 
    0  54009.193753  3  22.493  0.353  0.154  0.118   3.480e+00   1.172e+00   5.253e-01   4.038e-01  14  sdss  6421  82N  3 
   32  54009.195411  4  22.773  0.739  0.394  0.388   2.927e-01   3.895e+00   1.926e+00   1.895e+00  15  sdss  6421  82N  3 
    1  54009.194582  0  25.425  1.309  0.587  1.332  -7.973e-01   1.726e+00   7.070e-01   1.604e+00  9  sdss  6421  82N  3 
    1  54011.260677  1  25.593  1.307  0.306  0.387  -2.889e-01   9.988e-01   1.976e-01   2.497e-01  10  sdss  6430  82N  3 
    1  54011.257360  2  22.659  0.356  0.057  0.079   3.062e+00   1.011e+00   1.660e-01   2.303e-01  13  sdss  6430  82N  3 
    1  54011.258189  3  22.201  0.287  0.052  0.060   4.617e+00   1.239e+00   2.288e-01   2.625e-01  14  sdss  6430  82N  3 
    0  54011.259848  4  22.833  0.674  0.134  0.230  -3.855e-04   3.486e+00   6.555e-01   1.122e+00  15  sdss  6430  82N  3 
  129  54011.259019  0  26.651  0.868  0.087  0.375  -3.191e+00   2.267e+00   2.633e-01   1.134e+00  9  sdss  6430  82N  3 
    1  54019.210336  1  24.123  0.833  0.125  0.336   6.718e-01   6.916e-01   1.066e-01   2.864e-01  10  sdss  6441  82N  3 
    0  54019.207019  2  24.855  0.864  0.207  0.300  -4.236e-02   7.657e-01   1.655e-01   2.403e-01  13  sdss  6441  82N  3 
    0  54019.207848  3  22.425  0.305  0.084  0.086   3.720e+00   1.081e+00   3.057e-01   3.130e-01  14  sdss  6441  82N  3 
    0  54019.209507  4  22.003  0.501  0.226  0.221   4.452e+00   3.178e+00   1.437e+00   1.410e+00  15  sdss  6441  82N  3 
   33  54019.208677  0  24.519  1.389  0.243  1.242   1.421e-01   1.747e+00   2.374e-01   1.214e+00  9  sdss  6441  82N  3 
   32  54025.258796  1  24.519  0.793  0.661  0.959   3.713e-01   5.597e-01   4.496e-01   6.521e-01  10  sdss  6461  82N  3 
   32  54025.255479  2  23.384  0.618  0.260  0.427   1.483e+00   9.243e-01   4.117e-01   6.749e-01  13  sdss  6461  82N  3 
    0  54025.256308  3  22.445  0.436  0.218  0.300   3.648e+00   1.485e+00   7.743e-01   1.069e+00  14  sdss  6461  82N  3 
    0  54025.257966  4  21.625  0.624  0.393  0.402   7.184e+00   4.919e+00   3.228e+00   3.300e+00  15  sdss  6461  82N  3 
 1184  54025.257137  0  23.086  1.137  0.231  1.985   2.131e+00   2.088e+00   4.948e-01   4.260e+00  9  sdss  6461  82N  3 
    0  54029.188982  1  23.722  0.444  0.092  0.335   1.068e+00   4.924e-01   1.052e-01   3.824e-01  10  sdss  6474  82N  3 
   32  54029.185665  2  23.692  0.637  0.096  0.274   1.049e+00   7.713e-01   1.203e-01   3.438e-01  13  sdss  6474  82N  3 
    0  54029.186495  3  22.713  0.437  0.167  0.157   2.795e+00   1.191e+00   4.728e-01   4.443e-01  14  sdss  6474  82N  3 
    0  54029.188153  4  23.267  0.692  0.252  0.296  -2.176e+00   3.810e+00   1.326e+00   1.562e+00  15  sdss  6474  82N  3 
    8  54029.187324  0  25.138  1.168  0.628  1.298  -4.720e-01   1.411e+00   6.642e-01   1.373e+00  9  sdss  6474  82N  3 
    0  54031.175468  1  25.776  0.733  0.535  0.780  -4.115e-01   5.240e-01   3.743e-01   5.453e-01  10  sdss  6484  82N  3 
   32  54031.172151  2  23.439  0.637  0.322  0.457   1.398e+00   9.122e-01   4.883e-01   6.924e-01  13  sdss  6484  82N  3 
    0  54031.172981  3  22.527  0.480  0.366  0.361   3.366e+00   1.515e+00   1.214e+00   1.197e+00  14  sdss  6484  82N  3 
   32  54031.174639  4  22.813  0.929  0.292  0.783   9.727e-02   5.107e+00   1.427e+00   3.818e+00  15  sdss  6484  82N  3 
  168  54031.173810  0  23.283  1.264  1.051  2.309   1.732e+00   2.061e+00   1.927e+00   4.233e+00  9  sdss  6484  82N  3 
   32  54036.179848  1  24.237  0.714  0.414  0.783   5.778e-01   5.600e-01   3.278e-01   6.202e-01  10  sdss  6504  82N  3 
   32  54036.176531  2  24.528  0.937  0.462  0.644   2.215e-01   8.586e-01   3.813e-01   5.308e-01  13  sdss  6504  82N  3 
    0  54036.177360  3  22.839  0.584  0.257  0.335   2.456e+00   1.407e+00   6.546e-01   8.541e-01  14  sdss  6504  82N  3 
    0  54036.179018  4  22.889  0.864  0.316  0.621  -2.739e-01   4.678e+00   1.545e+00   3.033e+00  15  sdss  6504  82N  3 
   32  54036.178189  0  23.186  0.997  0.346  1.581   1.920e+00   1.753e+00   6.845e-01   3.128e+00  9  sdss  6504  82N  3 
    1  54039.177927  1  23.898  1.365  0.429  0.517   8.791e-01   1.273e+00   4.283e-01   5.165e-01  10  sdss  6513  82N  3 
   33  54039.174610  2  24.554  1.366  0.431  0.664   2.001e-01   1.414e+00   3.537e-01   5.447e-01  13  sdss  6513  82N  3 
    1  54039.175439  3  23.294  1.014  0.453  0.421   1.479e+00   1.756e+00   8.171e-01   7.592e-01  14  sdss  6513  82N  3 
    0  54039.177098  4  22.113  0.748  0.463  0.348   3.772e+00   4.541e+00   2.773e+00   2.082e+00  15  sdss  6513  82N  3 
   41  54039.176268  0  23.724  1.948  1.982  2.040   1.030e+00   3.219e+00   2.656e+00   2.734e+00  9  sdss  6513  82N  3 
    1  54048.171685  1  23.562  0.610  0.131  0.216   1.264e+00   7.446e-01   1.699e-01   2.809e-01  10  sdss  6533  82N  3 
   32  54048.168369  2  24.773  0.938  0.168  0.350   2.323e-02   8.461e-01   1.343e-01   2.801e-01  13  sdss  6533  82N  3 
    0  54048.169198  3  23.485  0.735  0.176  0.222   1.154e+00   1.159e+00   2.806e-01   3.539e-01  14  sdss  6533  82N  3 
    0  54048.170856  4  23.662  0.536  0.221  0.220  -4.447e+00   3.398e+00   1.404e+00   1.402e+00  15  sdss  6533  82N  3 
   33  54048.170027  0  23.102  1.007  0.262  0.611   2.095e+00   1.865e+00   5.556e-01   1.294e+00  9  sdss  6533  82N  3 
 1156  54051.163296  1  20.760  5.836  2.744  0.043   1.769e+01   7.129e+01   4.457e+01   7.058e-01  10  sdss  6548  82N  3 
 1165  54051.159979  2  25.583  4.518 53.810  0.558  -6.787e-01   2.783e+01   5.458e+01   5.656e-01  13  sdss  6548  82N  3 
 1156  54051.160808  3  29.197  4.930  0.517  0.012  -5.519e+01   8.166e+01   2.627e+01   6.259e-01  14  sdss  6548  82N  3 
 1028  54051.162467  4  17.590  5.588  0.926  0.010   3.311e+02   5.626e+02   2.823e+02   3.016e+00  15  sdss  6548  82N  3 
    0  54052.175580  1  25.657  0.801  0.595  0.983  -3.303e-01   5.554e-01   3.942e-01   6.508e-01  10  sdss  6552  82N  3 
   32  54052.172263  2  24.210  0.924  0.468  0.656   4.972e-01   8.986e-01   4.308e-01   6.036e-01  13  sdss  6552  82N  3 
    0  54052.173093  3  23.218  0.807  0.485  0.404   1.619e+00   1.461e+00   9.228e-01   7.678e-01  14  sdss  6552  82N  3 
    0  54052.174751  4  23.908  0.742  0.465  0.408  -6.142e+00   5.339e+00   3.475e+00   3.047e+00  15  sdss  6552  82N  3 
  168  54052.173922  0  22.971  0.782  0.487  1.231   2.393e+00   1.661e+00   1.148e+00   2.904e+00  9  sdss  6552  82N  3 
    2  54054.193255  4  25.023  0.573  0.248  0.754  -1.955e+01   9.884e+00   4.615e+00   1.406e+01  15  sdss  6559  82N  3 
  160  54054.192426  0  23.228  2.659  0.838  6.780   1.838e+00   6.299e+00   1.603e+00   1.298e+01  9  sdss  6559  82N  3 
    0  54055.171291  1  25.926  0.700  0.385  0.713  -5.211e-01   5.310e-01   2.918e-01   5.411e-01  10  sdss  6564  82N  3 
   32  54055.167974  2  24.000  0.804  0.359  0.475   7.002e-01   8.297e-01   3.690e-01   4.878e-01  13  sdss  6564  82N  3 
    0  54055.168803  3  22.716  0.465  0.208  0.196   2.787e+00   1.258e+00   5.886e-01   5.546e-01  14  sdss  6564  82N  3 
    0  54055.170461  4  23.417  0.745  0.412  0.392  -2.991e+00   4.308e+00   2.308e+00   2.193e+00  15  sdss  6564  82N  3 
   40  54055.169632  0  24.046  1.224  1.204  1.923   6.332e-01   1.537e+00   1.352e+00   2.161e+00  9  sdss  6564  82N  3 
   32  54058.169351  1  24.211  0.732  0.452  0.844   5.986e-01   5.817e-01   3.640e-01   6.796e-01  10  sdss  6577  82N  3 
   32  54058.166035  2  24.229  0.997  0.446  0.848   4.798e-01   9.768e-01   4.066e-01   7.745e-01  13  sdss  6577  82N  3 
    0  54058.166864  3  23.202  0.769  0.441  0.439   1.650e+00   1.410e+00   8.489e-01   8.442e-01  14  sdss  6577  82N  3 
    0  54058.168522  4  24.212  0.543  0.467  0.342  -8.686e+00   4.867e+00   4.376e+00   3.201e+00  15  sdss  6577  82N  3 
  168  54058.167693  0  23.154  0.956  0.575  1.359   1.986e+00   1.725e+00   1.167e+00   2.758e+00  9  sdss  6577  82N  3 
   32  54060.191250  1  24.754  0.795  0.168  0.745   2.183e-01   5.288e-01   1.042e-01   4.632e-01  10  sdss  6584  82N  3 
   32  54060.187933  2  24.398  0.910  0.467  0.545   3.306e-01   8.455e-01   3.987e-01   4.661e-01  13  sdss  6584  82N  3 
   32  54060.188763  3  24.165  0.939  0.461  0.450   2.346e-01   1.266e+00   5.553e-01   5.422e-01  14  sdss  6584  82N  3 
   32  54060.190421  4  22.803  0.827  0.514  0.445   1.461e-01   4.433e+00   2.510e+00   2.172e+00  15  sdss  6584  82N  3 
   32  54060.189592  0  23.940  1.324  0.186  1.833   7.561e-01   1.739e+00   2.206e-01   2.169e+00  9  sdss  6584  82N  3 
    2  54063.159546  1  25.249  1.055  0.997  2.237  -7.739e-02   7.263e-01   5.913e-01   1.327e+00  10  sdss  6600  82N  3 
    0  54063.156230  2  26.234  0.783  0.500  0.757  -1.505e+00   1.152e+00   8.002e-01   1.210e+00  13  sdss  6600  82N  3 
    0  54063.157059  3  24.722  1.214  1.010  1.260  -4.337e-01   1.791e+00   1.262e+00   1.575e+00  14  sdss  6600  82N  3 
    0  54063.158717  4  24.830  0.413  0.236  0.298  -1.624e+01   6.237e+00   3.703e+00   4.687e+00  15  sdss  6600  82N  3 
    0  54063.157888  0  22.303  0.518  0.124  1.017   4.576e+00   2.049e+00   5.230e-01   4.298e+00  9  sdss  6600  82N  3 
