# SDSS CID:   7090 IAU:          RA: 306.769379 DEC:   1.216184  (J2000)
# GALAXY_SB [ugriz] = [ 19.85 18.01 17.26 16.94 16.78 ] +/- [  0.00  0.00  0.00  0.00  0.00 ] (asinh mag/square arcsec)
# GALAXY_SB_FLUX [ugriz] = [  4.330E+01  2.229E+02  4.521E+02  5.974E+02  6.918E+02 ] +/- [  0.000E+00  0.000E+00  0.000E+00  0.000E+00  0.000E+00 ] (microJy per square arcsec)
#FLAG  MJD       FILT  MAG     MERR  MSKYERR MGALERR  FLUX       FLUXERR    SKYERR     GALERR    NPRE TELE   RUN  STRIP  IDCCD
  256  53623.156965  1  28.888  0.137  0.030  0.000  -1.028e+01   1.299e+00   2.851e-01   0.000e+00  3  sdss  5590  82N  6 
  256  53623.153648  2  27.336  0.449  0.106  0.000  -4.432e+00   1.793e+00   4.453e-01   0.000e+00  4  sdss  5590  82N  6 
  256  53623.154477  3  27.572  0.244  0.071  0.000  -1.233e+01   2.769e+00   8.168e-01   0.000e+00  5  sdss  5590  82N  6 
  256  53623.156136  4  24.199  0.859  0.286  0.000  -8.565e+00   7.321e+00   2.656e+00   0.000e+00  5  sdss  5590  82N  6 
  256  53623.155307  0  25.951  1.521  0.588  0.000  -1.558e+00   2.406e+00   9.914e-01   0.000e+00  2  sdss  5590  82N  6 
  257  53626.143157  1  29.388  0.093  0.024  0.000  -1.631e+01   1.396e+00   3.669e-01   0.000e+00  3  sdss  5603  82N  6 
  257  53626.139840  2  25.928  1.549  0.211  0.000  -1.070e+00   1.956e+00   2.696e-01   0.000e+00  4  sdss  5603  82N  6 
  256  53626.140669  3  28.809  0.075  0.019  0.000  -3.862e+01   2.696e+00   6.696e-01   0.000e+00  5  sdss  5603  82N  6 
  256  53626.142328  4  24.756  0.540  0.154  0.000  -1.511e+01   7.492e+00   2.280e+00   0.000e+00  5  sdss  5603  82N  6 
  257  53626.141499  0  27.796  0.317  0.100  0.000  -9.373e+00   2.580e+00   8.367e-01   0.000e+00  2  sdss  5603  82N  6 
  257  53628.127595  1  28.439  0.359  0.099  0.000  -6.792e+00   2.187e+00   6.233e-01   0.000e+00  3  sdss  5610  82N  6 
  289  53628.124280  2  23.134  1.592  0.475  0.000   1.924e+00   2.494e+00   9.321e-01   0.000e+00  4  sdss  5610  82N  6 
  257  53628.125109  3  28.367  0.140  0.059  0.000  -2.570e+01   3.348e+00   1.409e+00   0.000e+00  5  sdss  5610  82N  6 
  256  53628.126766  4  25.254  0.393  0.149  0.000  -2.435e+01   8.694e+00   3.431e+00   0.000e+00  5  sdss  5610  82N  6 
  289  53628.125936  0  22.544  1.829  0.504  0.000   3.638e+00   4.262e+00   1.697e+00   0.000e+00  2  sdss  5610  82N  6 
  256  53635.135496  1  28.891  0.118  0.027  0.000  -1.031e+01   1.120e+00   2.599e-01   0.000e+00  3  sdss  5622  82N  6 
  256  53635.132179  2  28.234  0.192  0.036  0.000  -1.021e+01   1.810e+00   3.440e-01   0.000e+00  4  sdss  5622  82N  6 
  256  53635.133008  3  27.368  0.329  0.060  0.000  -1.021e+01   3.064e+00   5.796e-01   0.000e+00  5  sdss  5622  82N  6 
  288  53635.134667  4  21.085  0.663  0.040  0.000   1.271e+01   7.752e+00   5.073e-01   0.000e+00  5  sdss  5622  82N  6 
  256  53635.133837  0  26.569  0.788  0.254  0.000  -2.945e+00   1.945e+00   7.078e-01   0.000e+00  2  sdss  5622  82N  6 
  256  53637.128712  1  28.500  0.214  0.086  0.000  -7.185e+00   1.406e+00   5.718e-01   0.000e+00  3  sdss  5633  82N  6 
  256  53637.125395  2  27.387  0.468  0.135  0.000  -4.649e+00   1.947e+00   5.953e-01   0.000e+00  4  sdss  5633  82N  6 
  256  53637.126224  3  27.766  0.225  0.086  0.000  -1.475e+01   3.062e+00   1.193e+00   0.000e+00  5  sdss  5633  82N  6 
  288  53637.127882  4  20.647  0.465  0.079  0.000   1.947e+01   8.223e+00   1.478e+00   0.000e+00  5  sdss  5633  82N  6 
  288  53637.127053  0  23.776  1.735  0.646  0.000   9.615e-01   2.634e+00   8.333e-01   0.000e+00  2  sdss  5633  82N  6 
  256  53641.125599  1  28.583  0.182  0.022  0.000  -7.759e+00   1.295e+00   1.567e-01   0.000e+00  3  sdss  5654  82N  6 
  256  53641.122282  2  28.561  0.128  0.024  0.000  -1.381e+01   1.640e+00   3.128e-01   0.000e+00  4  sdss  5654  82N  6 
  256  53641.123111  3  28.559  0.085  0.018  0.000  -3.067e+01   2.416e+00   5.075e-01   0.000e+00  5  sdss  5654  82N  6 
  256  53641.124770  4  26.177  0.123  0.038  0.000  -5.751e+01   6.563e+00   2.005e+00   0.000e+00  5  sdss  5654  82N  6 
  384  53641.123941  0  24.814  1.389  0.673  0.000  -1.448e-01   1.748e+00   6.575e-01   0.000e+00  2  sdss  5654  82N  6 
  256  53644.120405  1  27.477  0.510  0.106  0.000  -2.770e+00   1.255e+00   2.785e-01   0.000e+00  3  sdss  5670  82N  6 
  256  53644.117088  2  27.483  0.382  0.099  0.000  -5.086e+00   1.766e+00   4.756e-01   0.000e+00  4  sdss  5670  82N  6 
  256  53644.117918  3  28.613  0.087  0.025  0.000  -3.224e+01   2.609e+00   7.621e-01   0.000e+00  5  sdss  5670  82N  6 
  256  53644.119576  4  23.434  1.177  0.338  0.000  -3.085e+00   7.359e+00   1.908e+00   0.000e+00  5  sdss  5670  82N  6 
  384  53644.118747  0  26.807  0.559  0.198  0.000  -3.707e+00   1.782e+00   6.777e-01   0.000e+00  2  sdss  5670  82N  6 
 1432  53649.114577  1  28.538  0.245  0.328  0.000  -7.443e+00   1.662e+00   2.260e+00   0.000e+00  3  sdss  5702  82N  6 
  256  53649.111260  2  28.693  0.143  0.060  0.000  -1.559e+01   2.071e+00   8.685e-01   0.000e+00  4  sdss  5702  82N  6 
  256  53649.112089  3  28.377  0.122  0.057  0.000  -2.594e+01   2.934e+00   1.387e+00   0.000e+00  5  sdss  5702  82N  6 
  256  53649.113748  4  25.615  0.265  0.121  0.000  -3.414e+01   8.286e+00   3.857e+00   0.000e+00  5  sdss  5702  82N  6 
  256  53649.112918  0  27.631  0.349  0.260  0.000  -8.042e+00   2.427e+00   1.873e+00   0.000e+00  2  sdss  5702  82N  6 
  257  53656.101860  1  28.947  0.193  0.044  0.000  -1.086e+01   1.918e+00   4.457e-01   0.000e+00  3  sdss  5719  82N  6 
  257  53656.098543  2  28.571  0.195  0.073  0.000  -1.394e+01   2.510e+00   9.433e-01   0.000e+00  4  sdss  5719  82N  6 
  257  53656.099372  3  29.076  0.073  0.040  0.000  -4.939e+01   3.379e+00   1.852e+00   0.000e+00  5  sdss  5719  82N  6 
  256  53656.101031  4  25.713  0.246  0.081  0.000  -3.741e+01   8.443e+00   2.839e+00   0.000e+00  5  sdss  5719  82N  6 
  257  53656.100202  0  27.433  0.759  0.232  0.000  -6.688e+00   3.965e+00   1.395e+00   0.000e+00  2  sdss  5719  82N  6 
  256  53668.103410  1  28.825  0.168  0.060  0.000  -9.702e+00   1.493e+00   5.413e-01   0.000e+00  3  sdss  5770  82N  6 
  256  53668.100093  2  28.536  0.187  0.088  0.000  -1.350e+01   2.335e+00   1.111e+00   0.000e+00  4  sdss  5770  82N  6 
  256  53668.100922  3  28.421  0.131  0.069  0.000  -2.701e+01   3.288e+00   1.732e+00   0.000e+00  5  sdss  5770  82N  6 
  256  53668.102581  4  26.287  0.174  0.095  0.000  -6.367e+01   1.021e+01   5.635e+00   0.000e+00  5  sdss  5770  82N  6 
  258  53668.101751  0  26.718  1.076  0.125  0.000  -3.402e+00   2.766e+00   3.948e-01   0.000e+00  2  sdss  5770  82N  6 
  256  53670.108283  1  29.415  0.088  0.035  0.000  -1.671e+01   1.355e+00   5.370e-01   0.000e+00  3  sdss  5781  82N  6 
  256  53670.104966  2  29.595  0.069  0.028  0.000  -3.582e+01   2.293e+00   9.249e-01   0.000e+00  4  sdss  5781  82N  6 
  256  53670.105795  3  29.442  0.054  0.024  0.000  -6.921e+01   3.461e+00   1.521e+00   0.000e+00  5  sdss  5781  82N  6 
  256  53670.107454  4  25.965  0.188  0.084  0.000  -4.727e+01   8.166e+00   3.674e+00   0.000e+00  5  sdss  5781  82N  6 
  384  53670.106625  0  27.165  0.501  0.347  0.000  -5.203e+00   2.219e+00   1.635e+00   0.000e+00  2  sdss  5781  82N  6 
  256  53673.076129  1  29.194  0.096  0.031  0.000  -1.363e+01   1.207e+00   3.914e-01   0.000e+00  3  sdss  5792  82N  6 
  256  53673.072812  2  29.276  0.079  0.017  0.000  -2.670e+01   1.958e+00   4.323e-01   0.000e+00  4  sdss  5792  82N  6 
  256  53673.073641  3  28.778  0.085  0.028  0.000  -3.754e+01   2.961e+00   9.917e-01   0.000e+00  5  sdss  5792  82N  6 
  256  53673.075300  4  25.187  0.375  0.138  0.000  -2.286e+01   7.851e+00   2.999e+00   0.000e+00  5  sdss  5792  82N  6 
  256  53673.074470  0  26.785  0.719  0.043  0.000  -3.630e+00   2.160e+00   1.442e-01   0.000e+00  2  sdss  5792  82N  6 
  256  53675.072714  1  28.110  0.274  0.095  0.000  -5.007e+00   1.252e+00   4.429e-01   0.000e+00  3  sdss  5800  82N  6 
  256  53675.069397  2  27.557  0.424  0.133  0.000  -5.449e+00   2.077e+00   6.853e-01   0.000e+00  4  sdss  5800  82N  6 
  256  53675.070226  3  28.783  0.081  0.032  0.000  -3.771e+01   2.839e+00   1.122e+00   0.000e+00  5  sdss  5800  82N  6 
  256  53675.071884  4  25.968  0.165  0.063  0.000  -4.740e+01   7.203e+00   2.798e+00   0.000e+00  5  sdss  5800  82N  6 
  392  53675.071055  0  25.973  1.326  1.187  0.000  -1.595e+00   2.078e+00   2.034e+00   0.000e+00  2  sdss  5800  82N  6 
  256  53677.093697  1  29.596  0.070  0.025  0.000  -1.976e+01   1.285e+00   4.511e-01   0.000e+00  3  sdss  5813  82N  6 
  256  53677.090380  2  28.568  0.142  0.039  0.000  -1.390e+01   1.836e+00   5.046e-01   0.000e+00  4  sdss  5813  82N  6 
  256  53677.091209  3  28.421  0.120  0.038  0.000  -2.701e+01   3.021e+00   9.493e-01   0.000e+00  5  sdss  5813  82N  6 
  256  53677.092868  4  25.844  0.197  0.058  0.000  -4.224e+01   7.661e+00   2.291e+00   0.000e+00  5  sdss  5813  82N  6 
  384  53677.092039  0  26.623  0.898  0.341  0.000  -3.105e+00   2.249e+00   9.956e-01   0.000e+00  2  sdss  5813  82N  6 
  256  53680.079918  1  28.948  0.115  0.020  0.000  -1.087e+01   1.155e+00   2.034e-01   0.000e+00  3  sdss  5823  82N  6 
  256  53680.076601  2  29.055  0.090  0.018  0.000  -2.178e+01   1.818e+00   3.618e-01   0.000e+00  4  sdss  5823  82N  6 
  256  53680.077430  3  28.206  0.130  0.034  0.000  -2.215e+01   2.683e+00   7.132e-01   0.000e+00  5  sdss  5823  82N  6 
  256  53680.079089  4  26.255  0.112  0.040  0.000  -6.182e+01   6.406e+00   2.308e+00   0.000e+00  5  sdss  5823  82N  6 
  256  53680.078259  0  25.825  1.417  0.372  0.000  -1.349e+00   2.118e+00   5.729e-01   0.000e+00  2  sdss  5823  82N  6 
  256  53693.080548  1  29.513  0.081  0.041  0.000  -1.830e+01   1.360e+00   6.855e-01   0.000e+00  3  sdss  5878  82N  6 
  256  53693.077231  2  28.051  0.262  0.106  0.000  -8.621e+00   2.072e+00   8.537e-01   0.000e+00  4  sdss  5878  82N  6 
  256  53693.078060  3  28.164  0.143  0.068  0.000  -2.131e+01   2.837e+00   1.344e+00   0.000e+00  5  sdss  5878  82N  6 
  256  53693.079718  4  26.139  0.138  0.068  0.000  -5.553e+01   7.100e+00   3.478e+00   0.000e+00  5  sdss  5878  82N  6 
  384  53693.078889  0  26.425  1.071  0.403  0.000  -2.556e+00   2.221e+00   9.933e-01   0.000e+00  2  sdss  5878  82N  6 
  284  53698.077504  1  27.526  0.835  1.295  0.000  -2.901e+00   1.958e+00   3.552e+00   0.000e+00  3  sdss  5898  82N  6 
 1341  53698.074187  2  20.413  0.295  0.603  0.000   2.471e+01   6.626e+00   1.389e+01   0.000e+00  4  sdss  5898  82N  6 
 1284  53698.075017  3  27.767  0.847  0.539  0.000  -1.477e+01   9.820e+00   7.453e+00   0.000e+00  5  sdss  5898  82N  6 
 1412  53698.076675  4  26.070  0.740  0.337  0.000  -5.209e+01   3.121e+01   1.630e+01   0.000e+00  5  sdss  5898  82N  6 
 1452  53698.075846  0  22.339  2.995  2.793  0.000   4.419e+00   9.275e+00   1.127e+01   0.000e+00  2  sdss  5898  82N  6 
  256  53699.100914  1  28.614  0.182  0.049  0.000  -7.984e+00   1.337e+00   3.608e-01   0.000e+00  3  sdss  5902  82N  6 
  256  53699.097597  2  29.341  0.079  0.021  0.000  -2.835e+01   2.070e+00   5.515e-01   0.000e+00  4  sdss  5902  82N  6 
  256  53699.098426  3  29.123  0.061  0.025  0.000  -5.158e+01   2.917e+00   1.192e+00   0.000e+00  5  sdss  5902  82N  6 
  256  53699.100085  4  26.199  0.131  0.028  0.000  -5.870e+01   7.105e+00   1.535e+00   0.000e+00  5  sdss  5902  82N  6 
  256  53699.099256  0  27.128  0.635  0.058  0.000  -5.024e+00   2.625e+00   2.623e-01   0.000e+00  2  sdss  5902  82N  6 
  256  53702.075519  1  30.198  0.088  0.047  0.000  -3.440e+01   2.784e+00   1.501e+00   0.000e+00  3  sdss  5909  82N  6 
  258  53702.072202  2  29.742  0.067  0.060  0.000  -4.102e+01   2.571e+00   2.276e+00   0.000e+00  4  sdss  5909  82N  6 
  258  53702.073031  3  29.350  0.062  0.068  0.000  -6.358e+01   3.657e+00   4.011e+00   0.000e+00  5  sdss  5909  82N  6 
  258  53702.074690  4  26.599  0.139  0.117  0.000  -8.493e+01   1.085e+01   9.199e+00   0.000e+00  5  sdss  5909  82N  6 
  258  53702.073860  0  25.537  2.032  1.509  0.000  -9.383e-01   3.446e+00   1.927e+00   0.000e+00  2  sdss  5909  82N  6 
  256  53703.084391  1  29.580  0.086  0.040  0.000  -1.947e+01   1.547e+00   7.206e-01   0.000e+00  3  sdss  5915  82N  6 
  258  53703.081074  2  29.241  0.097  0.058  0.000  -2.586e+01   2.320e+00   1.401e+00   0.000e+00  4  sdss  5915  82N  6 
  258  53703.081903  3  28.788  0.095  0.053  0.000  -3.788e+01   3.361e+00   1.886e+00   0.000e+00  5  sdss  5915  82N  6 
  256  53703.083562  4  26.196  0.152  0.074  0.000  -5.853e+01   8.194e+00   4.007e+00   0.000e+00  5  sdss  5915  82N  6 
  418  53703.082732  0  24.429  1.907  1.951  0.000   2.309e-01   2.964e+00   1.933e+00   0.000e+00  2  sdss  5915  82N  6 
  256  53704.062876  1  28.884  0.160  0.067  0.000  -1.024e+01   1.506e+00   6.361e-01   0.000e+00  3  sdss  5918  82N  6 
  256  53704.059559  2  28.456  0.181  0.068  0.000  -1.254e+01   2.098e+00   7.951e-01   0.000e+00  4  sdss  5918  82N  6 
  256  53704.060388  3  28.905  0.074  0.028  0.000  -4.219e+01   2.921e+00   1.103e+00   0.000e+00  5  sdss  5918  82N  6 
  256  53704.062046  4  25.196  0.381  0.179  0.000  -2.305e+01   8.017e+00   3.914e+00   0.000e+00  5  sdss  5918  82N  6 
  256  53704.061217  0  25.470  1.771  1.899  0.000  -8.524e-01   2.694e+00   2.332e+00   0.000e+00  2  sdss  5918  82N  6 
