# SDSS CID:   7233 IAU:          RA: 304.847351 DEC:  -0.290117  (J2000)
# GALAXY_SB [ugriz] = [ 23.00 22.65 22.49 22.27 22.08 ] +/- [  0.39  0.08  0.10  0.10  0.28 ] (asinh mag/square arcsec)
# GALAXY_SB_FLUX [ugriz] = [  2.257E+00  3.046E+00  3.584E+00  4.310E+00  3.948E+00 ] +/- [  8.945E-01  2.204E-01  3.493E-01  4.251E-01  1.693E+00 ] (microJy per square arcsec)
#FLAG  MJD       FILT  MAG     MERR  MSKYERR MGALERR  FLUX       FLUXERR    SKYERR     GALERR    NPRE TELE   RUN  STRIP  IDCCD
    1  53625.170462  1  22.398  0.204  0.055  0.190   3.889e+00   7.252e-01   1.975e-01   6.834e-01  2  sdss  5597  82S  3 
    0  53625.167147  2  21.949  0.188  0.030  0.194   5.973e+00   1.032e+00   1.641e-01   1.074e+00  2  sdss  5597  82S  3 
    0  53625.167977  3  21.912  0.241  0.050  0.181   6.072e+00   1.356e+00   2.831e-01   1.033e+00  1  sdss  5597  82S  3 
    0  53625.169633  4  21.478  0.519  0.173  0.460   8.461e+00   4.596e+00   1.591e+00   4.236e+00  1  sdss  5597  82S  3 
 1153  53625.168806  0  22.137  0.327  0.107  0.630   5.348e+00   1.545e+00   5.207e-01   3.059e+00  1  sdss  5597  82S  3 
 1153  53627.131119  1  21.844  0.218  0.052  0.169   6.505e+00   1.285e+00   3.105e-01   1.011e+00  2  sdss  5607  82S  3 
    1  53627.127801  2  21.645  0.151  0.032  0.155   7.922e+00   1.098e+00   2.360e-01   1.136e+00  2  sdss  5607  82S  3 
    0  53627.128631  3  22.049  0.310  0.054  0.257   5.335e+00   1.526e+00   2.725e-01   1.294e+00  1  sdss  5607  82S  3 
    0  53627.130289  4  20.826  0.327  0.176  0.410   1.639e+01   5.070e+00   2.798e+00   6.514e+00  1  sdss  5607  82S  3 
 1153  53627.129460  0  21.689  0.433  0.037  0.594   8.127e+00   3.006e+00   2.696e-01   4.331e+00  1  sdss  5607  82S  3 
    0  53636.128489  1  22.332  0.161  0.066  0.239   4.135e+00   6.109e-01   2.530e-01   9.130e-01  2  sdss  5628  82S  3 
    0  53636.125172  2  21.815  0.146  0.032  0.192   6.766e+00   9.083e-01   1.989e-01   1.201e+00  2  sdss  5628  82S  3 
    0  53636.126001  3  22.058  0.272  0.078  0.331   5.290e+00   1.337e+00   3.907e-01   1.656e+00  1  sdss  5628  82S  3 
    0  53636.127660  4  21.102  0.390  0.066  0.436   1.250e+01   4.734e+00   8.218e-01   5.455e+00  1  sdss  5628  82S  3 
  128  53636.126830  0  21.783  0.241  0.037  0.645   7.446e+00   1.588e+00   2.465e-01   4.319e+00  1  sdss  5628  82S  3 
 1180  53643.116137  1  22.174  0.278  0.679  0.255   4.791e+00   1.199e+00   2.996e+00   1.127e+00  2  sdss  5665  82S  3 
    0  53643.112820  2  22.018  0.185  0.043  0.298   5.602e+00   9.544e-01   2.241e-01   1.549e+00  2  sdss  5665  82S  3 
    0  53643.113650  3  22.035  0.273  0.110  0.409   5.407e+00   1.366e+00   5.603e-01   2.090e+00  1  sdss  5665  82S  3 
 1188  53643.114479  0  23.129  2.220  0.337  3.009   2.038e+00   4.426e+00   6.939e-01   6.189e+00  1  sdss  5665  82S  3 
    0  53645.187340  1  22.179  0.146  0.065  0.238   4.769e+00   6.385e-01   2.860e-01   1.047e+00  2  sdss  5675  82S  3 
    0  53645.184023  2  21.881  0.161  0.034  0.227   6.364e+00   9.405e-01   1.978e-01   1.339e+00  2  sdss  5675  82S  3 
    0  53645.184852  3  21.844  0.215  0.056  0.221   6.473e+00   1.287e+00   3.366e-01   1.339e+00  1  sdss  5675  82S  3 
    0  53645.186511  4  21.122  0.391  0.208  0.505   1.225e+01   4.667e+00   2.565e+00   6.222e+00  1  sdss  5675  82S  3 
  128  53645.185682  0  21.885  0.296  0.100  0.773   6.771e+00   1.763e+00   6.112e-01   4.717e+00  1  sdss  5675  82S  3 
    1  53655.099201  1  22.412  0.238  0.041  0.180   3.838e+00   8.334e-01   1.447e-01   6.404e-01  2  sdss  5713  82S  3 
    1  53655.095884  2  21.954  0.169  0.029  0.156   5.946e+00   9.256e-01   1.577e-01   8.574e-01  2  sdss  5713  82S  3 
    0  53655.096713  3  21.872  0.235  0.045  0.148   6.305e+00   1.368e+00   2.652e-01   8.768e-01  1  sdss  5713  82S  3 
  128  53655.098372  4  20.598  0.194  0.021  0.175   2.039e+01   3.737e+00   4.036e-01   3.399e+00  1  sdss  5713  82S  3 
 1153  53655.097543  0  21.822  0.366  0.083  0.441   7.181e+00   2.282e+00   5.346e-01   2.847e+00  1  sdss  5713  82S  3 
    1  53664.123137  1  22.439  0.262  0.169  0.464   3.743e+00   8.930e-01   5.853e-01   1.610e+00  2  sdss  5754  82S  3 
    0  53664.119820  2  21.965  0.212  0.053  0.341   5.885e+00   1.142e+00   2.910e-01   1.864e+00  2  sdss  5754  82S  3 
 1184  53664.120649  3  22.601  0.451  0.191  0.662   3.128e+00   1.345e+00   5.935e-01   2.057e+00  1  sdss  5754  82S  3 
  128  53664.122307  4  21.184  0.479  0.359  0.905   1.150e+01   5.355e+00   4.193e+00   1.058e+01  1  sdss  5754  82S  3 
    0  53664.121478  0  21.609  0.326  0.221  1.000   8.754e+00   2.485e+00   1.738e+00   7.846e+00  1  sdss  5754  82S  3 
    0  53666.086456  1  22.714  0.224  0.077  0.343   2.891e+00   5.966e-01   2.094e-01   9.275e-01  2  sdss  5763  82S  3 
    0  53666.083128  2  21.953  0.170  0.036  0.179   5.951e+00   9.308e-01   1.963e-01   9.882e-01  2  sdss  5763  82S  3 
    0  53666.083957  3  21.962  0.251  0.072  0.197   5.792e+00   1.346e+00   3.928e-01   1.076e+00  1  sdss  5763  82S  3 
    0  53666.085627  4  21.684  0.635  0.216  0.618   6.710e+00   4.822e+00   1.699e+00   4.873e+00  1  sdss  5763  82S  3 
    0  53666.084797  0  22.033  0.376  0.122  0.627   5.897e+00   1.932e+00   6.484e-01   3.343e+00  1  sdss  5763  82S  3 
    0  53669.081768  1  22.611  0.206  0.050  0.296   3.186e+00   6.045e-01   1.470e-01   8.795e-01  2  sdss  5776  82S  3 
    0  53669.078451  2  21.878  0.155  0.036  0.165   6.382e+00   9.127e-01   2.123e-01   9.731e-01  2  sdss  5776  82S  3 
    0  53669.079280  3  22.106  0.276  0.046  0.218   5.055e+00   1.297e+00   2.181e-01   1.044e+00  1  sdss  5776  82S  3 
    0  53669.080939  4  21.355  0.497  0.069  0.516   9.649e+00   4.844e+00   6.988e-01   5.236e+00  1  sdss  5776  82S  3 
  128  53669.080109  0  22.160  0.316  0.119  0.736   5.234e+00   1.465e+00   5.635e-01   3.499e+00  1  sdss  5776  82S  3 
    0  53674.065760  1  22.765  0.240  0.060  0.320   2.755e+00   6.104e-01   1.538e-01   8.273e-01  2  sdss  5797  82S  3 
    0  53674.062430  2  22.065  0.202  0.074  0.270   5.362e+00   9.978e-01   3.676e-01   1.345e+00  2  sdss  5797  82S  3 
  128  53674.063259  3  22.306  0.299  0.149  0.341   4.174e+00   1.173e+00   6.000e-01   1.370e+00  1  sdss  5797  82S  3 
    0  53674.064930  4  21.066  0.381  0.228  0.396   1.295e+01   4.764e+00   2.942e+00   5.119e+00  1  sdss  5797  82S  3 
  128  53674.064101  0  22.146  0.330  0.170  0.890   5.303e+00   1.545e+00   8.167e-01   4.286e+00  1  sdss  5797  82S  3 
   13  53681.117817  1  22.385  0.466  0.675  0.199   3.936e+00   1.604e+00   2.456e+00   7.251e-01  2  sdss  5836  82S  3 
   29  53681.114500  2  22.564  0.806  2.342  0.266   3.352e+00   2.221e+00   7.445e+00   8.463e-01  2  sdss  5836  82S  3 
 1165  53681.115329  3  24.505  1.657  2.070  0.674  -1.692e-01   2.820e+00   2.472e+00   8.047e-01  1  sdss  5836  82S  3 
   12  53681.116988  4  21.803  1.292  0.988  0.489   5.812e+00   9.257e+00   7.163e+00   3.543e+00  1  sdss  5836  82S  3 
 1028  53681.116159  0  22.748  1.811  0.251  1.110   2.988e+00   3.803e+00   7.100e-01   3.142e+00  1  sdss  5836  82S  3 
  161  53685.076434  1  23.355  1.673  0.796  1.734   1.559e+00   2.004e+00   1.226e+00   2.670e+00  2  sdss  5853  82S  3 
 1049  53685.073117  2  22.332  0.465  5.811  0.686   4.175e+00   1.724e+00   2.275e+01   2.683e+00  2  sdss  5853  82S  3 
   41  53685.073946  3  22.448  0.673  1.043  0.850   3.637e+00   2.174e+00   3.696e+00   3.015e+00  1  sdss  5853  82S  3 
  136  53685.075605  4  21.341  0.588  0.835  0.978   9.791e+00   5.709e+00   8.573e+00   1.004e+01  1  sdss  5853  82S  3 
    1  53685.074775  0  21.996  0.955  0.536  1.611   6.105e+00   4.294e+00   2.959e+00   8.888e+00  1  sdss  5853  82S  3 
  129  53687.114837  1  22.169  0.411  0.122  0.345   4.813e+00   1.743e+00   5.395e-01   1.528e+00  2  sdss  5870  82S  3 
    1  53687.111520  2  21.844  0.236  0.062  0.304   6.587e+00   1.418e+00   3.777e-01   1.854e+00  2  sdss  5870  82S  3 
   32  53687.112350  3  22.374  0.530  0.142  0.647   3.908e+00   1.883e+00   5.371e-01   2.449e+00  1  sdss  5870  82S  3 
    0  53687.114008  4  21.410  0.596  0.070  0.732   9.103e+00   5.489e+00   6.823e-01   7.115e+00  1  sdss  5870  82S  3 
 1153  53687.113179  0  21.710  0.802  0.203  0.895   7.970e+00   4.912e+00   1.453e+00   6.402e+00  1  sdss  5870  82S  3 
    4  53697.073424  1  25.146  1.529  1.708  1.649  -1.641e-02   1.229e+00   1.006e+00   9.712e-01  2  sdss  5895  82S  3 
    4  53697.070107  2  25.816  1.553  0.812  0.949  -9.332e-01   1.899e+00   9.506e-01   1.111e+00  2  sdss  5895  82S  3 
    4  53697.070937  3  24.623  1.426  0.623  0.920  -3.117e-01   2.235e+00   7.596e-01   1.121e+00  1  sdss  5895  82S  3 
 1028  53697.072595  4  21.339  1.122  0.445  0.505   9.811e+00   1.002e+01   4.573e+00   5.198e+00  1  sdss  5895  82S  3 
 1028  53697.071766  0  22.703  1.629  0.703  1.415   3.119e+00   3.529e+00   2.064e+00   4.159e+00  1  sdss  5895  82S  3 
   32  53700.072065  1  23.117  0.364  0.178  0.668   1.968e+00   6.675e-01   3.369e-01   1.263e+00  2  sdss  5905  82S  3 
    0  53700.068751  2  22.373  0.290  0.132  0.586   4.017e+00   1.069e+00   4.984e-01   2.211e+00  2  sdss  5905  82S  3 
 1152  53700.069578  3  22.225  0.326  0.104  0.460   4.512e+00   1.371e+00   4.471e-01   1.985e+00  1  sdss  5905  82S  3 
    0  53700.071236  4  21.459  0.617  0.076  0.707   8.638e+00   5.463e+00   7.138e-01   6.609e+00  1  sdss  5905  82S  3 
    0  53700.070407  0  22.070  0.429  0.055  0.996   5.696e+00   2.112e+00   2.860e-01   5.139e+00  1  sdss  5905  82S  3 
   32  53705.058534  1  23.918  0.768  0.475  1.680   8.597e-01   7.143e-01   4.653e-01   1.648e+00  2  sdss  5924  82S  3 
   32  53705.055217  2  22.581  0.349  0.152  0.692   3.299e+00   1.061e+00   4.771e-01   2.166e+00  2  sdss  5924  82S  3 
 1152  53705.056046  3  22.176  0.352  0.182  0.541   4.728e+00   1.536e+00   8.200e-01   2.438e+00  1  sdss  5924  82S  3 
    0  53705.057704  4  21.116  0.502  0.241  0.749   1.232e+01   5.904e+00   2.985e+00   9.269e+00  1  sdss  5924  82S  3 
    0  53705.056875  0  22.714  0.890  0.413  2.499   3.086e+00   2.229e+00   1.204e+00   7.276e+00  1  sdss  5924  82S  3 
