# SDSS CID:  15883 IAU: 2005jb   RA: 338.971191 DEC:  -0.433636  (J2000)
# GALAXY_SB [ugriz] = [ 21.15 18.94 17.90 17.42 17.03 ] +/- [  0.05  0.00  0.00  0.00  0.00 ] (asinh mag/square arcsec)
# GALAXY_SB_FLUX [ugriz] = [  1.300E+01  9.437E+01  2.499E+02  3.848E+02  5.498E+02 ] +/- [  6.204E-01  3.018E-01  4.040E-01  4.771E-01  1.183E+00 ] (microJy per square arcsec)
#FLAG  MJD       FILT  MAG     MERR  MSKYERR MGALERR  FLUX       FLUXERR    SKYERR     GALERR    NPRE TELE   RUN  STRIP  IDCCD
   33  53989.256421  1  22.234  0.367  0.071  0.414   4.530e+00   1.500e+00   2.989e-01   1.757e+00  11  sdss  6314  82N  2 
    1  53989.253104  2  27.737  0.319  0.056  0.288  -6.447e+00   1.850e+00   3.348e-01   1.722e+00  13  sdss  6314  82N  2 
    0  53989.253933  3  28.437  0.095  0.021  0.068  -2.742e+01   2.392e+00   5.336e-01   1.706e+00  12  sdss  6314  82N  2 
    0  53989.255592  4  23.407  1.130  0.102  0.999  -2.935e+00   6.931e+00   5.671e-01   5.541e+00  15  sdss  6314  82N  2 
    9  53989.254763  0  26.636  1.337  0.451  1.356  -3.145e+00   3.134e+00   1.386e+00   4.161e+00  9  sdss  6314  82N  2 
   32  53995.245506  1  23.398  0.649  0.108  0.661   1.493e+00   9.001e-01   1.632e-01   9.941e-01  11  sdss  6360  82N  2 
    0  53995.242189  2  27.559  0.321  0.045  0.308  -5.463e+00   1.587e+00   2.265e-01   1.563e+00  13  sdss  6360  82N  2 
    0  53995.243019  3  27.704  0.187  0.029  0.102  -1.393e+01   2.373e+00   3.661e-01   1.310e+00  12  sdss  6360  82N  2 
   32  53995.244677  4  22.226  0.940  0.177  0.658   3.117e+00   5.598e+00   9.975e-01   3.703e+00  15  sdss  6360  82N  2 
   40  53995.243848  0  23.345  0.977  0.237  1.532   1.619e+00   1.589e+00   4.226e-01   2.736e+00  9  sdss  6360  82N  2 
   32  54000.231538  1  23.907  1.286  0.514  2.601   8.705e-01   1.193e+00   5.136e-01   2.597e+00  11  sdss  6383  82N  2 
    0  54000.228221  2  27.732  0.315  0.095  0.418  -6.418e+00   1.820e+00   5.638e-01   2.486e+00  13  sdss  6383  82N  2 
    0  54000.229050  3  26.252  0.794  0.286  0.927  -3.553e+00   2.430e+00   9.885e-01   3.205e+00  12  sdss  6383  82N  2 
    0  54000.230709  4  24.956  0.463  0.258  0.505  -1.834e+01   7.584e+00   4.447e+00   8.697e+00  15  sdss  6383  82N  2 
   32  54000.229880  0  23.815  1.541  0.300  4.726   9.113e-01   2.204e+00   3.858e-01   6.073e+00  9  sdss  6383  82N  2 
    0  54007.281590  1  26.916  0.767  0.160  1.085  -1.612e+00   1.102e+00   2.565e-01   1.743e+00  11  sdss  6414  82N  2 
    0  54007.278274  2  27.464  0.387  0.072  0.403  -4.999e+00   1.734e+00   3.361e-01   1.876e+00  13  sdss  6414  82N  2 
   32  54007.279103  3  22.924  1.094  0.173  0.705   2.246e+00   2.289e+00   4.114e-01   1.673e+00  12  sdss  6414  82N  2 
    0  54007.280761  4  24.596  0.584  0.113  0.459  -1.291e+01   6.887e+00   1.428e+00   5.795e+00  15  sdss  6414  82N  2 
   40  54007.279932  0  23.976  1.497  0.656  3.952   7.137e-01   2.056e+00   7.694e-01   4.634e+00  9  sdss  6414  82N  2 
   33  54009.205105  1  23.708  1.120  0.267  1.322   1.083e+00   1.151e+00   3.112e-01   1.539e+00  11  sdss  6421  82N  2 
    0  54009.201788  2  27.677  0.318  0.027  0.295  -6.097e+00   1.748e+00   1.501e-01   1.665e+00  13  sdss  6421  82N  2 
    0  54009.202617  3  28.642  0.076  0.015  0.050  -3.312e+01   2.315e+00   4.553e-01   1.510e+00  12  sdss  6421  82N  2 
    0  54009.204276  4  23.744  0.919  0.198  0.624  -4.986e+00   6.058e+00   1.312e+00   4.137e+00  15  sdss  6421  82N  2 
   33  54009.203446  0  23.206  1.179  0.088  1.569   1.880e+00   2.040e+00   1.746e-01   3.127e+00  9  sdss  6421  82N  2 
    1  54011.269547  1  27.151  0.735  0.115  0.494  -2.031e+00   1.292e+00   2.265e-01   9.739e-01  11  sdss  6430  82N  2 
    1  54011.266230  2  28.372  0.159  0.019  0.096  -1.161e+01   1.681e+00   2.080e-01   1.020e+00  13  sdss  6430  82N  2 
    1  54011.267059  3  28.686  0.064  0.009  0.032  -3.449e+01   2.020e+00   2.927e-01   1.015e+00  12  sdss  6430  82N  2 
    0  54011.268718  4  22.892  1.020  0.081  0.661  -2.897e-01   5.741e+00   3.939e-01   3.230e+00  15  sdss  6430  82N  2 
   41  54011.267888  0  22.151  0.583  0.152  0.502   5.280e+00   2.672e+00   7.593e-01   2.502e+00  9  sdss  6430  82N  2 
    1  54019.219236  1  27.122  0.583  0.067  0.529  -1.973e+00   1.038e+00   1.277e-01   1.016e+00  11  sdss  6441  82N  2 
    0  54019.215919  2  26.709  0.799  0.111  0.496  -2.437e+00   1.673e+00   2.626e-01   1.177e+00  13  sdss  6441  82N  2 
    0  54019.216748  3  27.516  0.209  0.020  0.106  -1.171e+01   2.228e+00   2.173e-01   1.147e+00  12  sdss  6441  82N  2 
    0  54019.218407  4  24.367  0.608  0.094  0.312  -1.023e+01   5.967e+00   9.814e-01   3.252e+00  15  sdss  6441  82N  2 
   41  54019.217577  0  22.138  0.455  0.135  0.504   5.344e+00   2.178e+00   6.789e-01   2.544e+00  9  sdss  6441  82N  2 
  160  54025.267715  1  21.751  0.210  0.100  0.563   7.088e+00   1.366e+00   6.617e-01   3.711e+00  11  sdss  6461  82N  2 
    0  54025.264398  2  28.200  0.271  0.064  0.431  -9.901e+00   2.425e+00   5.812e-01   3.932e+00  13  sdss  6461  82N  2 
    0  54025.265227  3  26.231  0.950  0.260  1.346  -3.480e+00   2.747e+00   8.818e-01   4.573e+00  12  sdss  6461  82N  2 
    0  54025.266886  4  24.985  0.510  0.287  0.653  -1.885e+01   8.474e+00   5.066e+00   1.154e+01  15  sdss  6461  82N  2 
   34  54025.266056  0  24.011  1.754  0.361  7.461   6.732e-01   2.617e+00   4.159e-01   8.596e+00  9  sdss  6461  82N  2 
   32  54029.197912  1  24.206  1.262  0.432  1.936   6.024e-01   1.048e+00   3.506e-01   1.571e+00  11  sdss  6474  82N  2 
    0  54029.194595  2  27.361  0.409  0.057  0.302  -4.539e+00   1.662e+00   2.416e-01   1.283e+00  13  sdss  6474  82N  2 
    0  54029.195425  3  28.400  0.087  0.018  0.060  -2.650e+01   2.098e+00   4.336e-01   1.463e+00  12  sdss  6474  82N  2 
    0  54029.197083  4  23.958  0.915  0.285  0.660  -6.527e+00   6.663e+00   2.178e+00   5.043e+00  15  sdss  6474  82N  2 
    8  54029.196254  0  24.696  1.471  0.728  3.899  -2.922e-02   1.902e+00   7.052e-01   3.779e+00  9  sdss  6474  82N  2 
   32  54031.184406  1  25.018  1.348  0.333  2.203   5.885e-02   1.015e+00   1.967e-01   1.303e+00  11  sdss  6484  82N  2 
    0  54031.181089  2  28.002  0.209  0.037  0.186  -8.244e+00   1.569e+00   2.783e-01   1.414e+00  13  sdss  6484  82N  2 
    0  54031.181918  3  26.992  0.335  0.073  0.251  -7.191e+00   2.173e+00   4.850e-01   1.678e+00  12  sdss  6484  82N  2 
    0  54031.183576  4  25.378  0.249  0.010  0.178  -2.736e+01   6.163e+00   2.529e-01   4.470e+00  15  sdss  6484  82N  2 
    0  54031.182747  0  25.813  1.272  0.079  2.086  -1.331e+00   1.890e+00   1.245e-01   3.271e+00  9  sdss  6484  82N  2 
   32  54036.188795  1  25.037  1.445  0.300  3.452   4.768e-02   1.125e+00   1.774e-01   2.038e+00  11  sdss  6504  82N  2 
    0  54036.185479  2  26.531  1.278  0.218  1.182  -2.044e+00   2.111e+00   4.442e-01   2.409e+00  13  sdss  6504  82N  2 
    0  54036.186308  3  28.141  0.119  0.033  0.126  -2.087e+01   2.270e+00   6.275e-01   2.411e+00  12  sdss  6504  82N  2 
    0  54036.187966  4  24.556  0.598  0.159  0.530  -1.240e+01   6.803e+00   1.942e+00   6.463e+00  15  sdss  6504  82N  2 
   32  54036.187137  0  24.584  1.570  0.115  5.370   7.877e-02   2.110e+00   1.118e-01   5.217e+00  9  sdss  6504  82N  2 
   33  54039.186881  1  21.970  0.277  0.122  0.266   5.788e+00   1.462e+00   6.581e-01   1.437e+00  11  sdss  6513  82N  2 
    1  54039.183564  2  27.851  0.314  0.053  0.291  -7.166e+00   2.025e+00   3.530e-01   1.928e+00  13  sdss  6513  82N  2 
    1  54039.184393  3  27.904  0.157  0.041  0.146  -1.676e+01   2.402e+00   6.378e-01   2.241e+00  12  sdss  6513  82N  2 
    0  54039.186052  4  23.654  1.014  0.552  0.782  -4.399e+00   6.508e+00   3.471e+00   4.916e+00  15  sdss  6513  82N  2 
   41  54039.185222  0  22.029  0.720  0.272  0.926   5.919e+00   3.536e+00   1.514e+00   5.154e+00  9  sdss  6513  82N  2 
    1  54048.180658  1  26.965  0.767  0.127  0.670  -1.693e+00   1.147e+00   2.133e-01   1.123e+00  11  sdss  6533  82N  2 
    0  54048.177341  2  28.219  0.173  0.028  0.128  -1.008e+01   1.596e+00   2.591e-01   1.187e+00  13  sdss  6533  82N  2 
    0  54048.178171  3  27.051  0.310  0.041  0.153  -7.599e+00   2.131e+00   2.868e-01   1.077e+00  12  sdss  6533  82N  2 
    0  54048.179829  4  22.984  1.009  0.211  0.706  -7.405e-01   5.684e+00   1.039e+00   3.476e+00  15  sdss  6533  82N  2 
   41  54048.179000  0  23.263  1.382  0.388  1.445   1.769e+00   2.304e+00   7.378e-01   2.750e+00  9  sdss  6533  82N  2 
    0  54052.184556  1  27.580  0.440  0.164  0.833  -3.054e+00   1.212e+00   4.727e-01   2.408e+00  11  sdss  6552  82N  2 
    0  54052.181239  2  28.425  0.178  0.024  0.262  -1.219e+01   1.973e+00   2.715e-01   2.938e+00  13  sdss  6552  82N  2 
    0  54052.182068  3  27.703  0.192  0.060  0.203  -1.392e+01   2.431e+00   7.735e-01   2.602e+00  12  sdss  6552  82N  2 
    0  54052.183727  4  23.940  1.086  0.107  0.963  -6.387e+00   7.832e+00   8.047e-01   7.264e+00  15  sdss  6552  82N  2 
    0  54052.182897  0  26.949  0.575  0.032  1.391  -4.245e+00   2.151e+00   1.286e-01   5.633e+00  9  sdss  6552  82N  2 
   34  54054.203062  1  21.462  0.202  0.194  0.848   9.258e+00   1.718e+00   1.667e+00   7.292e+00  11  sdss  6559  82N  2 
   34  54054.199745  2  21.825  0.514  0.291  1.617   6.704e+00   2.977e+00   1.806e+00   1.003e+01  13  sdss  6559  82N  2 
    2  54054.200574  3  28.179  0.182  0.180  0.590  -2.161e+01   3.569e+00   3.570e+00   1.169e+01  12  sdss  6559  82N  2 
   32  54054.202232  4  21.349  1.874  1.139  2.826   9.709e+00   1.694e+01   1.140e+01   2.830e+01  15  sdss  6559  82N  2 
  162  54055.180269  1  22.324  0.402  0.129  1.249   4.166e+00   1.505e+00   5.050e-01   4.878e+00  11  sdss  6564  82N  2 
    0  54055.176952  2  26.736  0.914  0.208  0.974  -2.502e+00   1.898e+00   5.060e-01   2.367e+00  13  sdss  6564  82N  2 
    0  54055.177781  3  28.461  0.090  0.024  0.081  -2.803e+01   2.295e+00   6.160e-01   2.072e+00  12  sdss  6564  82N  2 
   32  54055.179440  4  20.958  0.603  0.270  0.595   1.440e+01   7.753e+00   3.746e+00   8.250e+00  15  sdss  6564  82N  2 
    8  54055.178610  0  26.485  0.911  0.594  1.949  -2.713e+00   2.116e+00   1.600e+00   5.248e+00  9  sdss  6564  82N  2 
    0  54058.178331  1  28.308  0.219  0.095  0.426  -6.019e+00   1.213e+00   5.317e-01   2.386e+00  11  sdss  6577  82N  2 
  128  54058.175014  2  28.113  0.280  0.069  0.300  -9.135e+00   2.305e+00   5.772e-01   2.525e+00  13  sdss  6577  82N  2 
    0  54058.175844  3  28.183  0.120  0.024  0.134  -2.170e+01   2.384e+00   4.764e-01   2.671e+00  12  sdss  6577  82N  2 
   32  54058.177502  4  21.215  0.772  0.318  0.732   1.115e+01   7.825e+00   3.547e+00   8.175e+00  15  sdss  6577  82N  2 
   40  54058.176673  0  24.213  1.652  1.949  6.518   4.510e-01   2.330e+00   2.057e+00   6.877e+00  9  sdss  6577  82N  2 
    0  54060.200230  1  26.609  1.002  0.221  1.203  -1.181e+00   1.098e+00   2.745e-01   1.495e+00  11  sdss  6584  82N  2 
    0  54060.196913  2  27.879  0.283  0.080  0.337  -7.355e+00   1.885e+00   5.443e-01   2.291e+00  13  sdss  6584  82N  2 
    0  54060.197743  3  25.159  1.328  0.254  1.104  -1.031e+00   2.175e+00   3.839e-01   1.671e+00  12  sdss  6584  82N  2 
    0  54060.199401  4  24.427  0.619  0.137  0.384  -1.089e+01   6.345e+00   1.504e+00   4.203e+00  15  sdss  6584  82N  2 
    0  54060.198572  0  24.717  1.671  0.411  5.182  -4.947e-02   2.338e+00   3.982e-01   5.026e+00  9  sdss  6584  82N  2 
  128  54063.168528  1  27.085  0.692  0.170  1.156  -1.904e+00   1.163e+00   3.167e-01   2.149e+00  11  sdss  6600  82N  2 
    0  54063.165212  2  28.594  0.144  0.031  0.179  -1.425e+01   1.878e+00   4.012e-01   2.339e+00  13  sdss  6600  82N  2 
    0  54063.166041  3  27.180  0.310  0.062  0.262  -8.571e+00   2.393e+00   4.946e-01   2.081e+00  12  sdss  6600  82N  2 
    0  54063.167699  4  25.333  0.308  0.120  0.272  -2.622e+01   7.259e+00   2.900e+00   6.567e+00  15  sdss  6600  82N  2 
   32  54063.166870  0  24.102  1.571  0.269  4.522   5.711e-01   2.172e+00   2.967e-01   4.992e+00  9  sdss  6600  82N  2 
