# SDSS CID:   5923 IAU:          RA:  25.041092 DEC:  -1.151519  (J2000)
# GALAXY_SB [ugriz] = [ 21.48 21.12 20.75 20.34 20.09 ] +/- [  0.06  0.01  0.01  0.01  0.03 ] (asinh mag/square arcsec)
# GALAXY_SB_FLUX [ugriz] = [  9.558E+00  1.260E+01  1.806E+01  2.618E+01  3.274E+01 ] +/- [  5.559E-01  1.347E-01  1.504E-01  2.021E-01  8.152E-01 ] (microJy per square arcsec)
#FLAG  MJD       FILT  MAG     MERR  MSKYERR MGALERR  FLUX       FLUXERR    SKYERR     GALERR    NPRE TELE   RUN  STRIP  IDCCD
   32  53622.397157  1  21.869  0.121  0.054  0.171   6.359e+00   6.984e-01   3.140e-01   9.878e-01  13  sdss  5582  82S  1 
   32  53622.393840  2  22.033  0.196  0.124  0.224   5.524e+00   9.982e-01   6.394e-01   1.152e+00  13  sdss  5582  82S  1 
   32  53622.394669  3  21.893  0.273  0.129  0.273   6.180e+00   1.551e+00   7.489e-01   1.577e+00  12  sdss  5582  82S  1 
   32  53622.396328  4  21.980  0.795  0.063  1.058   4.598e+00   5.106e+00   4.029e-01   6.817e+00  10  sdss  5582  82S  1 
   32  53622.395499  0  22.307  0.486  0.024  1.610   4.559e+00   1.876e+00   1.000e-01   6.590e+00  10  sdss  5582  82S  1 
   32  53627.354366  1  22.170  0.195  0.125  0.283   4.810e+00   8.465e-01   5.516e-01   1.245e+00  13  sdss  5607  82S  1 
   32  53627.351048  2  21.900  0.206  0.082  0.155   6.253e+00   1.183e+00   4.771e-01   9.004e-01  13  sdss  5607  82S  1 
   32  53627.351878  3  21.784  0.234  0.103  0.166   6.846e+00   1.472e+00   6.553e-01   1.063e+00  12  sdss  5607  82S  1 
   32  53627.353536  4  21.598  0.520  0.342  0.476   7.404e+00   4.202e+00   2.855e+00   3.971e+00  10  sdss  5607  82S  1 
   32  53627.352707  0  22.347  0.466  0.201  1.027   4.390e+00   1.746e+00   7.957e-01   4.058e+00  10  sdss  5607  82S  1 
   35  53634.347205  1  21.649  0.384  0.319  0.346   7.794e+00   2.614e+00   2.260e+00   2.449e+00  13  sdss  5619  82S  1 
  163  53634.343887  2  21.897  0.527  0.543  0.506   6.270e+00   2.848e+00   3.157e+00   2.943e+00  13  sdss  5619  82S  1 
   33  53634.344717  3  21.343  0.301  0.340  0.296   1.033e+01   2.803e+00   3.249e+00   2.827e+00  12  sdss  5619  82S  1 
  160  53634.346375  4  20.976  0.542  0.393  0.796   1.417e+01   7.063e+00   5.449e+00   1.103e+01  10  sdss  5619  82S  1 
  163  53634.345546  0  22.535  2.333  0.341  3.391   3.668e+00   5.589e+00   1.141e+00   1.134e+01  10  sdss  5619  82S  1 
   33  53638.388731  1  21.810  0.118  0.041  0.097   6.716e+00   7.176e-01   2.484e-01   5.919e-01  13  sdss  5637  82S  1 
   32  53638.385414  2  22.139  0.208  0.051  0.129   5.004e+00   9.589e-01   2.368e-01   6.037e-01  13  sdss  5637  82S  1 
   32  53638.386243  3  21.958  0.247  0.070  0.124   5.813e+00   1.329e+00   3.818e-01   6.765e-01  12  sdss  5637  82S  1 
   32  53638.387902  4  21.842  0.577  0.069  0.407   5.531e+00   3.984e+00   4.837e-01   2.858e+00  10  sdss  5637  82S  1 
   33  53638.387072  0  22.014  0.343  0.024  0.531   6.002e+00   1.772e+00   1.271e-01   2.828e+00  10  sdss  5637  82S  1 
   32  53640.352771  1  21.865  0.123  0.054  0.127   6.383e+00   7.105e-01   3.120e-01   7.404e-01  13  sdss  5646  82S  1 
   32  53640.349454  2  22.079  0.199  0.049  0.177   5.292e+00   9.682e-01   2.417e-01   8.728e-01  13  sdss  5646  82S  1 
   32  53640.350283  3  22.224  0.333  0.060  0.242   4.515e+00   1.396e+00   2.585e-01   1.042e+00  12  sdss  5646  82S  1 
   32  53640.351941  4  22.120  0.711  0.100  0.733   3.731e+00   4.289e+00   5.979e-01   4.362e+00  10  sdss  5646  82S  1 
   32  53640.351112  0  21.489  0.257  0.094  0.516   9.776e+00   2.164e+00   8.025e-01   4.430e+00  10  sdss  5646  82S  1 
   32  53646.414206  1  21.583  0.105  0.035  0.082   8.277e+00   7.882e-01   2.629e-01   6.143e-01  13  sdss  5681  82S  1 
 1196  53646.410889  2  21.480  0.173  0.241  0.074   9.230e+00   1.463e+00   2.055e+00   6.292e-01  13  sdss  5681  82S  1 
  164  53646.411718  3  22.127  0.582  0.415  0.182   4.953e+00   2.522e+00   1.945e+00   8.546e-01  12  sdss  5681  82S  1 
   36  53646.413377  4  21.391  0.612  0.316  0.309   9.289e+00   5.671e+00   3.097e+00   3.027e+00  10  sdss  5681  82S  1 
 1196  53646.412547  0  21.445  0.343  0.254  0.389   1.018e+01   2.971e+00   2.274e+00   3.474e+00  10  sdss  5681  82S  1 
   32  53655.325006  1  21.550  0.089  0.042  0.122   8.533e+00   6.903e-01   3.264e-01   9.492e-01  13  sdss  5713  82S  1 
   32  53655.321689  2  21.676  0.140  0.037  0.110   7.697e+00   9.887e-01   2.634e-01   7.849e-01  13  sdss  5713  82S  1 
   32  53655.322518  3  21.545  0.187  0.053  0.119   8.559e+00   1.470e+00   4.239e-01   9.435e-01  12  sdss  5713  82S  1 
   32  53655.324177  4  21.598  0.610  0.223  0.594   7.404e+00   4.888e+00   1.863e+00   4.961e+00  10  sdss  5713  82S  1 
   32  53655.323347  0  21.505  0.219  0.023  0.520   9.633e+00   1.832e+00   1.950e-01   4.403e+00  10  sdss  5713  82S  1 
 1213  53664.350172  1  21.236  0.241  1.417  0.069   1.140e+01   2.454e+00   1.465e+01   7.093e-01  13  sdss  5754  82S  1 
   57  53664.346855  2  21.575  0.266  0.664  0.070   8.452e+00   2.039e+00   5.179e+00   5.485e-01  13  sdss  5754  82S  1 
   45  53664.347685  3  21.390  0.287  0.352  0.068   9.886e+00   2.567e+00   3.215e+00   6.228e-01  12  sdss  5754  82S  1 
   37  53664.349343  4  22.411  1.308  0.744  0.675   2.107e+00   8.229e+00   3.903e+00   3.541e+00  10  sdss  5754  82S  1 
   37  53664.348514  0  21.872  0.880  0.519  0.530   6.854e+00   4.452e+00   3.143e+00   3.211e+00  10  sdss  5754  82S  1 
   32  53669.309186  1  21.619  0.092  0.040  0.107   8.014e+00   6.711e-01   2.909e-01   7.813e-01  13  sdss  5776  82S  1 
   32  53669.305869  2  21.588  0.120  0.010  0.061   8.351e+00   9.249e-01   8.038e-02   4.732e-01  13  sdss  5776  82S  1 
   32  53669.306698  3  21.976  0.244  0.058  0.131   5.714e+00   1.292e+00   3.125e-01   7.017e-01  12  sdss  5776  82S  1 
   32  53669.308357  4  21.615  0.502  0.311  0.441   7.262e+00   4.020e+00   2.564e+00   3.638e+00  10  sdss  5776  82S  1 
   32  53669.307528  0  21.687  0.233  0.019  0.483   8.136e+00   1.645e+00   1.348e-01   3.463e+00  10  sdss  5776  82S  1 
   32  53671.393840  1  21.476  0.097  0.036  0.118   9.137e+00   8.025e-01   2.968e-01   9.777e-01  13  sdss  5786  82S  1 
   32  53671.390523  2  21.804  0.182  0.034  0.127   6.835e+00   1.140e+00   2.156e-01   8.013e-01  13  sdss  5786  82S  1 
   32  53671.391352  3  21.770  0.248  0.092  0.159   6.936e+00   1.581e+00   5.982e-01   1.028e+00  12  sdss  5786  82S  1 
   32  53671.393010  4  21.421  0.500  0.076  0.378   8.996e+00   4.607e+00   7.277e-01   3.613e+00  10  sdss  5786  82S  1 
   32  53671.392181  0  22.037  0.475  0.102  0.881   5.874e+00   2.339e+00   5.297e-01   4.596e+00  10  sdss  5786  82S  1 
   32  53674.293108  1  21.437  0.087  0.030  0.147   9.472e+00   7.490e-01   2.551e-01   1.266e+00  13  sdss  5797  82S  1 
   32  53674.289791  2  21.578  0.160  0.077  0.204   8.429e+00   1.238e+00   6.014e-01   1.585e+00  13  sdss  5797  82S  1 
   32  53674.290621  3  21.557  0.200  0.072  0.211   8.463e+00   1.557e+00   5.657e-01   1.654e+00  12  sdss  5797  82S  1 
   32  53674.292279  4  22.539  0.941  0.817  1.656   1.450e+00   5.286e+00   4.129e+00   8.369e+00  10  sdss  5797  82S  1 
   32  53674.291450  0  21.471  0.239  0.176  0.792   9.941e+00   2.053e+00   1.535e+00   6.913e+00  10  sdss  5797  82S  1 
   32  53676.382892  1  21.560  0.088  0.005  0.072   8.455e+00   6.722e-01   3.988e-02   5.559e-01  13  sdss  5807  82S  1 
   32  53676.379575  2  21.911  0.192  0.076  0.143   6.188e+00   1.091e+00   4.373e-01   8.201e-01  13  sdss  5807  82S  1 
   32  53676.380404  3  21.967  0.263  0.085  0.138   5.764e+00   1.399e+00   4.589e-01   7.476e-01  12  sdss  5807  82S  1 
   32  53676.382062  4  21.539  0.516  0.032  0.390   7.911e+00   4.349e+00   2.823e-01   3.407e+00  10  sdss  5807  82S  1 
   32  53676.381233  0  21.870  0.351  0.161  0.543   6.868e+00   2.063e+00   9.764e-01   3.294e+00  10  sdss  5807  82S  1 
   32  53679.354620  1  21.577  0.107  0.014  0.222   8.323e+00   8.056e-01   1.070e-01   1.678e+00  13  sdss  5820  82S  1 
   32  53679.351303  2  21.374  0.135  0.075  0.162   1.018e+01   1.262e+00   7.015e-01   1.522e+00  13  sdss  5820  82S  1 
   32  53679.352132  3  21.853  0.314  0.243  0.331   6.417e+00   1.835e+00   1.461e+00   1.984e+00  12  sdss  5820  82S  1 
    0  53679.353791  4  23.046  1.093  1.012  1.710  -1.047e+00   6.325e+00   5.031e+00   8.498e+00  10  sdss  5820  82S  1 
   34  53679.352962  0  21.377  0.277  0.162  1.105   1.084e+01   2.577e+00   1.539e+00   1.051e+01  10  sdss  5820  82S  1 
   32  53681.346017  1  21.480  0.080  0.019  0.064   9.103e+00   6.606e-01   1.529e-01   5.268e-01  13  sdss  5836  82S  1 
   32  53681.342700  2  21.794  0.182  0.053  0.074   6.900e+00   1.153e+00   3.388e-01   4.713e-01  13  sdss  5836  82S  1 
   32  53681.343529  3  22.016  0.260  0.021  0.110   5.502e+00   1.326e+00   1.093e-01   5.701e-01  12  sdss  5836  82S  1 
   32  53681.345188  4  21.676  0.536  0.182  0.331   6.775e+00   4.108e+00   1.435e+00   2.615e+00  10  sdss  5836  82S  1 
   32  53681.344359  0  21.824  0.302  0.109  0.466   7.169e+00   1.865e+00   6.909e-01   2.946e+00  10  sdss  5836  82S  1 
   33  53685.304836  1  21.590  0.160  0.076  0.058   8.223e+00   1.184e+00   5.647e-01   4.334e-01  13  sdss  5853  82S  1 
   33  53685.301519  2  21.503  0.154  0.013  0.044   9.035e+00   1.274e+00   1.091e-01   3.707e-01  13  sdss  5853  82S  1 
   33  53685.302348  3  21.382  0.172  0.044  0.059   9.959e+00   1.568e+00   4.061e-01   5.436e-01  12  sdss  5853  82S  1 
   32  53685.304007  4  20.756  0.262  0.133  0.145   1.753e+01   4.323e+00   2.233e+00   2.437e+00  10  sdss  5853  82S  1 
   33  53685.303177  0  21.633  0.338  0.053  0.314   8.554e+00   2.468e+00   4.001e-01   2.364e+00  10  sdss  5853  82S  1 
   33  53697.302253  1  21.862  0.154  0.059  0.105   6.401e+00   8.920e-01   3.445e-01   6.106e-01  13  sdss  5895  82S  1 
   40  53697.298936  2  21.864  0.191  0.247  0.105   6.465e+00   1.134e+00   1.482e+00   6.301e-01  13  sdss  5895  82S  1 
   40  53697.299765  3  21.544  0.197  0.187  0.094   8.567e+00   1.550e+00   1.487e+00   7.440e-01  12  sdss  5895  82S  1 
   32  53697.301423  4  21.331  0.466  0.266  0.320   9.894e+00   4.614e+00   2.734e+00   3.292e+00  10  sdss  5895  82S  1 
   33  53697.300594  0  21.522  0.291  0.138  0.458   9.482e+00   2.370e+00   1.147e+00   3.817e+00  10  sdss  5895  82S  1 
   32  53700.300958  1  21.644  0.112  0.095  0.201   7.831e+00   7.922e-01   6.748e-01   1.432e+00  13  sdss  5905  82S  1 
   32  53700.297641  2  21.807  0.210  0.033  0.193   6.816e+00   1.309e+00   2.074e-01   1.217e+00  13  sdss  5905  82S  1 
   32  53700.298470  3  22.111  0.382  0.190  0.375   5.028e+00   1.754e+00   9.064e-01   1.784e+00  12  sdss  5905  82S  1 
   32  53700.300129  4  21.319  0.603  0.103  0.688   1.002e+01   5.896e+00   1.067e+00   7.144e+00  10  sdss  5905  82S  1 
   40  53700.299299  0  21.400  0.240  0.225  0.708   1.062e+01   2.197e+00   2.099e+00   6.590e+00  10  sdss  5905  82S  1 
   32  53705.287062  1  21.503  0.085  0.038  0.096   8.912e+00   6.853e-01   3.089e-01   7.742e-01  13  sdss  5924  82S  1 
   32  53705.283745  2  21.811  0.166  0.040  0.110   6.791e+00   1.034e+00   2.500e-01   6.913e-01  13  sdss  5924  82S  1 
   32  53705.284575  3  21.685  0.190  0.060  0.104   7.511e+00   1.313e+00   4.186e-01   7.298e-01  12  sdss  5924  82S  1 
   32  53705.286233  4  21.129  0.352  0.177  0.318   1.217e+01   4.176e+00   2.156e+00   3.864e+00  10  sdss  5924  82S  1 
   32  53705.285404  0  21.441  0.208  0.028  0.444   1.022e+01   1.845e+00   2.474e-01   3.985e+00  10  sdss  5924  82S  1 
