# SDSS CID:   8131 IAU:          RA:  14.759584 DEC:  -0.744023  (J2000)
# GALAXY_SB [ugriz] = [ 22.76 20.82 19.86 19.36 19.03 ] +/- [  0.20  0.01  0.00  0.00  0.01 ] (asinh mag/square arcsec)
# GALAXY_SB_FLUX [ugriz] = [  2.854E+00  1.666E+01  4.129E+01  6.410E+01  8.744E+01 ] +/- [  5.570E-01  1.474E-01  1.830E-01  2.242E-01  7.469E-01 ] (microJy per square arcsec)
#FLAG  MJD       FILT  MAG     MERR  MSKYERR MGALERR  FLUX       FLUXERR    SKYERR     GALERR    NPRE TELE   RUN  STRIP  IDCCD
    0  53622.369090  1  25.179  1.238  1.854  2.751  -3.589e-02   8.975e-01   1.094e+00   1.623e+00  12  sdss  5582  82S  2 
   32  53622.365773  2  23.789  1.284  1.582  1.883   9.321e-01   1.500e+00   1.863e+00   2.219e+00  12  sdss  5582  82S  2 
    0  53622.366602  3  26.786  0.344  0.324  0.359  -5.923e+00   1.868e+00   1.814e+00   2.012e+00  12  sdss  5582  82S  2 
    0  53622.368261  4  23.245  1.002  0.767  0.993  -2.059e+00   5.803e+00   4.004e+00   5.190e+00  11  sdss  5582  82S  2 
 1188  53622.367431  0  23.540  1.523  2.003  5.677   1.297e+00   2.314e+00   3.075e+00   8.718e+00  9  sdss  5582  82S  2 
   33  53627.326230  1  23.005  0.510  0.233  0.414   2.191e+00   1.019e+00   4.944e-01   8.803e-01  12  sdss  5607  82S  2 
    0  53627.322912  2  26.862  0.522  0.186  0.392  -2.826e+00   1.347e+00   5.114e-01   1.075e+00  12  sdss  5607  82S  2 
   32  53627.323742  3  24.161  1.203  0.772  1.157   2.396e-01   1.746e+00   9.296e-01   1.393e+00  12  sdss  5607  82S  2 
  160  53627.325400  4  22.829  0.843  0.412  0.647   1.937e-02   4.539e+00   2.009e+00   3.156e+00  11  sdss  5607  82S  2 
   33  53627.324571  0  22.695  1.123  0.710  2.441   3.143e+00   2.755e+00   2.162e+00   7.435e+00  9  sdss  5607  82S  2 
   33  53634.318967  1  22.997  0.970  0.465  0.576   2.209e+00   1.721e+00   9.945e-01   1.232e+00  12  sdss  5619  82S  2 
    1  53634.315650  2  26.037  1.381  0.732  0.955  -1.214e+00   1.768e+00   1.012e+00   1.320e+00  12  sdss  5619  82S  2 
    1  53634.316480  3  27.276  0.263  0.218  0.262  -9.365e+00   2.255e+00   1.905e+00   2.292e+00  12  sdss  5619  82S  2 
    0  53634.318138  4  24.158  0.655  0.513  0.599  -8.190e+00   5.525e+00   4.565e+00   5.335e+00  11  sdss  5619  82S  2 
   33  53634.317309  0  23.206  2.267  0.336  3.198   1.879e+00   4.557e+00   6.650e-01   6.331e+00  9  sdss  5619  82S  2 
   32  53640.324442  1  24.279  0.993  0.897  1.207   5.451e-01   7.793e-01   6.975e-01   9.386e-01  12  sdss  5646  82S  2 
    0  53640.321125  2  26.547  0.577  0.276  0.437  -2.077e+00   1.127e+00   5.761e-01   9.118e-01  12  sdss  5646  82S  2 
   32  53640.321954  3  22.911  0.719  0.335  0.527   2.276e+00   1.610e+00   8.089e-01   1.271e+00  12  sdss  5646  82S  2 
    0  53640.323613  4  23.199  0.876  0.706  0.758  -1.823e+00   4.900e+00   3.635e+00   3.903e+00  11  sdss  5646  82S  2 
 1184  53640.322783  0  22.875  0.859  0.682  1.770   2.635e+00   1.962e+00   1.777e+00   4.613e+00  9  sdss  5646  82S  2 
    1  53655.296851  1  26.781  0.707  0.477  0.709  -1.409e+00   9.305e-01   6.858e-01   1.020e+00  12  sdss  5713  82S  2 
    0  53655.293534  2  26.297  0.870  0.343  0.635  -1.609e+00   1.327e+00   5.808e-01   1.076e+00  12  sdss  5713  82S  2 
    0  53655.294364  3  26.942  0.274  0.184  0.210  -6.858e+00   1.733e+00   1.185e+00   1.355e+00  12  sdss  5713  82S  2 
   32  53655.296022  4  22.472  0.956  0.518  0.785   1.790e+00   5.435e+00   2.661e+00   4.038e+00  11  sdss  5713  82S  2 
   33  53655.295193  0  23.866  1.528  0.649  3.772   8.465e-01   2.155e+00   8.055e-01   4.686e+00  9  sdss  5713  82S  2 
    1  53664.321457  1  26.202  1.546  1.192  1.196  -7.501e-01   1.422e+00   1.089e+00   1.093e+00  12  sdss  5754  82S  2 
    1  53664.318140  2  26.834  0.608  0.287  0.411  -2.752e+00   1.501e+00   7.677e-01   1.099e+00  12  sdss  5754  82S  2 
    0  53664.318969  3  25.831  0.760  0.582  0.450  -2.321e+00   1.712e+00   1.426e+00   1.102e+00  12  sdss  5754  82S  2 
    8  53664.320627  4  23.002  0.977  1.585  0.828  -8.289e-01   5.464e+00   7.825e+00   4.085e+00  11  sdss  5754  82S  2 
    1  53664.319798  0  26.655  1.463  0.385  1.475  -3.201e+00   3.367e+00   1.192e+00   4.568e+00  9  sdss  5754  82S  2 
   32  53669.280389  1  24.672  0.924  0.547  0.899   2.699e-01   6.409e-01   3.501e-01   5.758e-01  12  sdss  5776  82S  2 
    0  53669.277072  2  25.723  0.849  0.260  0.444  -8.267e-01   9.270e-01   2.878e-01   4.918e-01  12  sdss  5776  82S  2 
   32  53669.277902  3  21.999  0.253  0.065  0.107   5.596e+00   1.319e+00   3.443e-01   5.682e-01  12  sdss  5776  82S  2 
   32  53669.279560  4  22.334  0.738  0.239  0.411   2.520e+00   4.152e+00   1.289e+00   2.212e+00  11  sdss  5776  82S  2 
  160  53669.278731  0  24.640  1.205  0.650  2.597   2.494e-02   1.422e+00   6.300e-01   2.517e+00  9  sdss  5776  82S  2 
   32  53671.365009  1  23.197  0.491  0.309  0.398   1.821e+00   8.358e-01   5.537e-01   7.150e-01  12  sdss  5786  82S  2 
   32  53671.361692  2  22.590  0.399  0.160  0.247   3.270e+00   1.206e+00   5.031e-01   7.754e-01  12  sdss  5786  82S  2 
    0  53671.362521  3  26.793  0.257  0.112  0.128  -5.962e+00   1.426e+00   6.303e-01   7.211e-01  12  sdss  5786  82S  2 
    0  53671.364180  4  22.996  0.952  0.499  0.648  -7.989e-01   5.289e+00   2.459e+00   3.195e+00  11  sdss  5786  82S  2 
   36  53671.363351  0  23.470  1.485  1.198  2.484   1.408e+00   2.292e+00   1.937e+00   4.014e+00  9  sdss  5786  82S  2 
   32  53674.264652  1  23.610  0.695  0.782  0.987   1.202e+00   8.138e-01   9.895e-01   1.248e+00  12  sdss  5797  82S  2 
    0  53674.261335  2  26.271  0.785  0.459  0.660  -1.565e+00   1.192e+00   7.612e-01   1.096e+00  12  sdss  5797  82S  2 
    0  53674.262164  3  26.563  0.351  0.157  0.281  -4.795e+00   1.560e+00   7.221e-01   1.290e+00  12  sdss  5797  82S  2 
   32  53674.263822  4  21.898  0.768  0.169  0.693   5.144e+00   5.109e+00   1.140e+00   4.684e+00  11  sdss  5797  82S  2 
   32  53674.262993  0  23.864  1.454  0.562  4.292   8.490e-01   2.010e+00   6.992e-01   5.338e+00  9  sdss  5797  82S  2 
   32  53676.353984  1  22.679  0.264  0.118  0.232   2.990e+00   7.371e-01   3.359e-01   6.596e-01  12  sdss  5807  82S  2 
   32  53676.350667  2  23.315  0.786  0.330  0.506   1.595e+00   1.208e+00   5.562e-01   8.521e-01  12  sdss  5807  82S  2 
    0  53676.351497  3  24.630  0.990  0.438  0.545  -3.209e-01   1.361e+00   5.343e-01   6.647e-01  12  sdss  5807  82S  2 
    0  53676.353155  4  23.514  0.742  0.301  0.464  -3.543e+00   4.425e+00   1.762e+00   2.714e+00  11  sdss  5807  82S  2 
   32  53676.352326  0  23.808  1.422  1.076  2.574   9.200e-01   1.973e+00   1.383e+00   3.309e+00  9  sdss  5807  82S  2 
   32  53679.325667  1  24.052  0.991  0.853  1.531   7.337e-01   8.568e-01   7.693e-01   1.381e+00  12  sdss  5820  82S  2 
   32  53679.322350  2  24.000  1.289  0.563  1.399   7.007e-01   1.416e+00   5.801e-01   1.441e+00  12  sdss  5820  82S  2 
    0  53679.323180  3  26.642  0.372  0.142  0.313  -5.169e+00   1.768e+00   6.975e-01   1.539e+00  12  sdss  5820  82S  2 
    0  53679.324838  4  23.142  1.017  0.615  0.990  -1.528e+00   5.823e+00   3.117e+00   5.019e+00  11  sdss  5820  82S  2 
  160  53679.324009  0  22.961  1.045  0.761  2.736   2.418e+00   2.148e+00   1.843e+00   6.629e+00  9  sdss  5820  82S  2 
   28  53681.317034  1  25.391  1.235  3.812  0.908  -1.622e-01   9.038e-01   2.317e+00   5.517e-01  12  sdss  5836  82S  2 
   12  53681.314546  3  25.657  1.258  1.500  0.281  -1.925e+00   2.433e+00   3.205e+00   6.002e-01  12  sdss  5836  82S  2 
    4  53681.316205  4  23.022  1.076  0.597  0.450  -9.290e-01   6.187e+00   2.956e+00   2.228e+00  11  sdss  5836  82S  2 
  164  53681.315375  0  24.484  1.875  2.253  2.754   1.764e-01   2.870e+00   2.213e+00   2.705e+00  9  sdss  5836  82S  2 
    1  53685.275794  1  25.443  1.814  1.434  1.287  -1.943e-01   1.649e+00   8.836e-01   7.926e-01  12  sdss  5853  82S  2 
    1  53685.272477  2  26.826  0.928  0.210  0.461  -2.730e+00   2.085e+00   5.588e-01   1.227e+00  12  sdss  5853  82S  2 
    1  53685.273306  3  24.627  1.421  0.655  1.194  -3.174e-01   2.223e+00   7.989e-01   1.457e+00  12  sdss  5853  82S  2 
    0  53685.274965  4  24.505  0.491  0.175  0.322  -1.178e+01   5.520e+00   2.056e+00   3.787e+00  11  sdss  5853  82S  2 
  129  53685.274135  0  26.943  1.686  0.173  1.765  -4.219e+00   4.521e+00   6.913e-01   7.053e+00  9  sdss  5853  82S  2 
   32  53697.273048  1  23.816  0.880  0.592  0.652   9.644e-01   8.717e-01   6.354e-01   6.999e-01  12  sdss  5895  82S  2 
    0  53697.269732  2  24.950  1.126  0.511  0.692  -1.184e-01   1.074e+00   4.120e-01   5.579e-01  12  sdss  5895  82S  2 
    0  53697.270561  3  24.875  0.971  0.703  0.459  -6.298e-01   1.385e+00   9.282e-01   6.063e-01  12  sdss  5895  82S  2 
    0  53697.272219  4  23.471  0.773  0.231  0.494  -3.297e+00   4.554e+00   1.322e+00   2.826e+00  11  sdss  5895  82S  2 
 1152  53697.271390  0  25.051  1.523  1.313  3.340  -3.812e-01   2.038e+00   1.352e+00   3.441e+00  9  sdss  5895  82S  2 
   32  53700.271716  1  23.316  0.621  0.727  1.029   1.620e+00   9.299e-01   1.177e+00   1.666e+00  12  sdss  5905  82S  2 
   32  53700.268400  2  23.445  0.983  0.784  0.938   1.389e+00   1.349e+00   1.190e+00   1.424e+00  12  sdss  5905  82S  2 
    0  53700.269229  3  27.957  0.113  0.104  0.117  -1.759e+01   1.839e+00   1.701e+00   1.911e+00  12  sdss  5905  82S  2 
    0  53700.270887  4  24.882  0.445  0.092  0.508  -1.708e+01   6.911e+00   1.492e+00   8.278e+00  11  sdss  5905  82S  2 
  130  53700.270058  0  26.810  0.882  0.361  2.504  -3.717e+00   2.663e+00   1.283e+00   8.887e+00  9  sdss  5905  82S  2 
   32  53705.258188  1  23.091  0.423  0.344  0.523   2.018e+00   7.995e-01   6.784e-01   1.029e+00  12  sdss  5924  82S  2 
    0  53705.254871  2  27.101  0.333  0.137  0.246  -3.551e+00   1.100e+00   4.662e-01   8.346e-01  12  sdss  5924  82S  2 
    0  53705.255701  3  26.599  0.316  0.121  0.223  -4.963e+00   1.458e+00   5.714e-01   1.057e+00  12  sdss  5924  82S  2 
   32  53705.257359  4  22.513  0.823  0.428  0.717   1.584e+00   4.524e+00   2.178e+00   3.647e+00  11  sdss  5924  82S  2 
    0  53705.256530  0  25.971  1.217  0.643  2.743  -1.593e+00   1.930e+00   1.128e+00   4.814e+00  9  sdss  5924  82S  2 
