# SDSS CID:   1038 IAU:          RA:  48.973900 DEC:   1.199555  (J2000)
# GALAXY_SB [ugriz] = [ 22.19 21.58 21.05 20.49 20.18 ] +/- [  0.00  0.00  0.00  0.00  0.00 ] (asinh mag/square arcsec)
# GALAXY_SB_FLUX [ugriz] = [  4.921E+00  8.283E+00  1.371E+01  2.264E+01  3.017E+01 ] +/- [  0.000E+00  0.000E+00  0.000E+00  0.000E+00  0.000E+00 ] (microJy per square arcsec)
#FLAG  MJD       FILT  MAG     MERR  MSKYERR MGALERR  FLUX       FLUXERR    SKYERR     GALERR    NPRE TELE   RUN  STRIP  IDCCD
 1312  53616.447956  1  21.723  0.105  0.079  0.000   7.278e+00   7.056e-01   5.345e-01   0.000e+00  22  sdss  5566  82N  6 
 1312  53616.444639  2  21.554  0.115  0.059  0.000   8.615e+00   9.202e-01   4.793e-01   0.000e+00  24  sdss  5566  82N  6 
 1312  53616.445468  3  21.159  0.128  0.030  0.000   1.225e+01   1.455e+00   3.381e-01   0.000e+00  24  sdss  5566  82N  6 
 1312  53616.447127  4  21.010  0.483  0.093  0.000   1.370e+01   6.224e+00   1.264e+00   0.000e+00  20  sdss  5566  82N  6 
 1320  53616.446297  0  22.297  0.472  0.581  0.000   4.600e+00   1.879e+00   2.442e+00   0.000e+00  16  sdss  5566  82N  6 
 1440  53626.424974  1  21.790  0.136  0.128  0.000   6.841e+00   8.617e-01   8.137e-01   0.000e+00  22  sdss  5603  82N  6 
 1312  53626.421657  2  21.609  0.121  0.048  0.000   8.188e+00   9.208e-01   3.654e-01   0.000e+00  24  sdss  5603  82N  6 
 1312  53626.422486  3  21.325  0.141  0.081  0.000   1.051e+01   1.385e+00   7.932e-01   0.000e+00  24  sdss  5603  82N  6 
 1440  53626.424145  4  21.135  0.377  0.257  0.000   1.210e+01   4.454e+00   3.123e+00   0.000e+00  20  sdss  5603  82N  6 
 1320  53626.423316  0  22.383  0.470  0.488  0.000   4.240e+00   1.735e+00   1.899e+00   0.000e+00  16  sdss  5603  82N  6 
 1312  53628.410109  1  21.735  0.118  0.122  0.000   7.198e+00   7.832e-01   8.144e-01   0.000e+00  22  sdss  5610  82N  6 
 1312  53628.406792  2  21.657  0.147  0.112  0.000   7.832e+00   1.068e+00   8.215e-01   0.000e+00  24  sdss  5610  82N  6 
 1312  53628.407621  3  21.357  0.174  0.092  0.000   1.020e+01   1.651e+00   8.821e-01   0.000e+00  24  sdss  5610  82N  6 
 1312  53628.409280  4  21.899  0.816  0.669  0.000   5.139e+00   5.456e+00   4.547e+00   0.000e+00  20  sdss  5610  82N  6 
 1312  53628.408451  0  22.656  0.700  0.233  0.000   3.266e+00   1.934e+00   7.123e-01   0.000e+00  16  sdss  5610  82N  6 
 1313  53635.418997  1  21.920  0.205  0.046  0.000   6.065e+00   1.145e+00   2.607e-01   0.000e+00  22  sdss  5622  82N  6 
 1313  53635.415679  2  21.802  0.210  0.049  0.000   6.846e+00   1.335e+00   3.142e-01   0.000e+00  24  sdss  5622  82N  6 
 1321  53635.416508  3  21.232  0.150  0.132  0.000   1.145e+01   1.596e+00   1.410e+00   0.000e+00  24  sdss  5622  82N  6 
 1312  53635.418167  4  21.756  0.677  0.232  0.000   6.158e+00   4.904e+00   1.735e+00   0.000e+00  20  sdss  5622  82N  6 
 1281  53635.417338  0  22.175  0.596  0.156  0.000   5.162e+00   2.565e+00   7.307e-01   0.000e+00  16  sdss  5622  82N  6 
 1312  53639.457958  1  21.977  0.135  0.073  0.000   5.754e+00   7.192e-01   3.903e-01   0.000e+00  22  sdss  5642  82N  6 
 1312  53639.454640  2  21.551  0.120  0.059  0.000   8.639e+00   9.627e-01   4.789e-01   0.000e+00  24  sdss  5642  82N  6 
 1312  53639.455469  3  21.450  0.175  0.089  0.000   9.354e+00   1.524e+00   7.821e-01   0.000e+00  24  sdss  5642  82N  6 
 1440  53639.457128  4  20.774  0.291  0.066  0.000   1.724e+01   4.746e+00   1.103e+00   0.000e+00  20  sdss  5642  82N  6 
 1312  53639.456299  0  21.904  0.338  0.070  0.000   6.654e+00   1.964e+00   4.181e-01   0.000e+00  16  sdss  5642  82N  6 
 1312  53641.457260  1  21.745  0.124  0.096  0.000   7.131e+00   8.195e-01   6.347e-01   0.000e+00  22  sdss  5658  82N  6 
 1312  53641.453942  2  21.453  0.120  0.087  0.000   9.459e+00   1.059e+00   7.709e-01   0.000e+00  24  sdss  5658  82N  6 
 1312  53641.454772  3  21.328  0.155  0.080  0.000   1.048e+01   1.510e+00   7.810e-01   0.000e+00  24  sdss  5658  82N  6 
 1312  53641.456430  4  21.065  0.397  0.386  0.000   1.297e+01   4.955e+00   4.984e+00   0.000e+00  20  sdss  5658  82N  6 
 1450  53641.455601  0  21.920  0.395  0.383  0.000   6.555e+00   2.239e+00   2.263e+00   0.000e+00  16  sdss  5658  82N  6 
 1312  53644.405166  1  21.788  0.088  0.028  0.000   6.854e+00   5.566e-01   1.782e-01   0.000e+00  22  sdss  5670  82N  6 
 1312  53644.401849  2  21.457  0.097  0.039  0.000   9.424e+00   8.560e-01   3.434e-01   0.000e+00  24  sdss  5670  82N  6 
 1312  53644.402678  3  21.483  0.155  0.061  0.000   9.070e+00   1.311e+00   5.214e-01   0.000e+00  24  sdss  5670  82N  6 
 1440  53644.404336  4  20.908  0.286  0.210  0.000   1.513e+01   4.146e+00   3.112e+00   0.000e+00  20  sdss  5670  82N  6 
 1288  53644.403507  0  22.004  0.293  0.237  0.000   6.060e+00   1.571e+00   1.300e+00   0.000e+00  16  sdss  5670  82N  6 
 1314  53657.416934  1  21.881  0.158  0.246  0.000   6.288e+00   9.166e-01   1.439e+00   0.000e+00  22  sdss  5731  82N  6 
 1314  53657.413617  2  20.876  0.097  0.141  0.000   1.611e+01   1.459e+00   2.123e+00   0.000e+00  24  sdss  5731  82N  6 
 1312  53657.414447  3  20.751  0.125  0.122  0.000   1.786e+01   2.066e+00   2.040e+00   0.000e+00  24  sdss  5731  82N  6 
 1312  53657.416105  4  21.024  0.502  0.162  0.000   1.351e+01   6.373e+00   2.170e+00   0.000e+00  20  sdss  5731  82N  6 
 1442  53657.415276  0  21.653  0.323  0.204  0.000   8.397e+00   2.365e+00   1.540e+00   0.000e+00  16  sdss  5731  82N  6 
 1313  53663.401659  1  22.027  0.261  0.040  0.000   5.493e+00   1.312e+00   2.056e-01   0.000e+00  22  sdss  5744  82N  6 
 1313  53663.398342  2  21.773  0.235  0.074  0.000   7.033e+00   1.525e+00   4.847e-01   0.000e+00  24  sdss  5744  82N  6 
 1313  53663.399172  3  21.233  0.179  0.070  0.000   1.144e+01   1.903e+00   7.478e-01   0.000e+00  24  sdss  5744  82N  6 
 1312  53663.400830  4  21.122  0.410  0.187  0.000   1.226e+01   4.879e+00   2.297e+00   0.000e+00  20  sdss  5744  82N  6 
 1409  53663.400001  0  21.345  0.399  0.084  0.000   1.117e+01   3.817e+00   8.419e-01   0.000e+00  16  sdss  5744  82N  6 
 1313  53666.471872  1  21.922  0.160  0.040  0.000   6.054e+00   8.926e-01   2.272e-01   0.000e+00  22  sdss  5765  82N  6 
 1313  53666.468555  2  21.749  0.159  0.042  0.000   7.191e+00   1.067e+00   2.846e-01   0.000e+00  24  sdss  5765  82N  6 
 1312  53666.469384  3  21.404  0.159  0.036  0.000   9.762e+00   1.441e+00   3.280e-01   0.000e+00  24  sdss  5765  82N  6 
 1312  53666.471043  4  20.575  0.223  0.078  0.000   2.085e+01   4.358e+00   1.541e+00   0.000e+00  20  sdss  5765  82N  6 
 1281  53666.470213  0  26.425  1.326  0.526  0.000  -2.554e+00   2.635e+00   1.299e+00   0.000e+00  16  sdss  5765  82N  6 
 1313  53668.391275  1  22.140  0.201  0.147  0.000   4.946e+00   9.164e-01   6.791e-01   0.000e+00  22  sdss  5770  82N  6 
 1312  53668.387958  2  21.428  0.135  0.081  0.000   9.680e+00   1.216e+00   7.312e-01   0.000e+00  24  sdss  5770  82N  6 
 1312  53668.388788  3  20.865  0.126  0.072  0.000   1.608e+01   1.883e+00   1.073e+00   0.000e+00  24  sdss  5770  82N  6 
 1312  53668.390446  4  20.908  0.377  0.144  0.000   1.513e+01   5.397e+00   2.133e+00   0.000e+00  20  sdss  5770  82N  6 
 1315  53668.389617  0  22.248  0.633  0.224  0.000   4.819e+00   2.526e+00   9.847e-01   0.000e+00  16  sdss  5770  82N  6 
 1313  53669.478948  1  21.849  0.182  0.136  0.000   6.477e+00   1.088e+00   8.172e-01   0.000e+00  22  sdss  5777  82N  6 
 1312  53669.475631  2  21.670  0.179  0.117  0.000   7.738e+00   1.287e+00   8.490e-01   0.000e+00  24  sdss  5777  82N  6 
 1312  53669.476460  3  21.762  0.267  0.120  0.000   6.992e+00   1.731e+00   7.921e-01   0.000e+00  24  sdss  5777  82N  6 
 1312  53669.478119  4  21.395  0.634  0.256  0.000   9.251e+00   5.860e+00   2.511e+00   0.000e+00  20  sdss  5777  82N  6 
 1313  53669.477289  0  21.766  0.480  0.134  0.000   7.567e+00   3.073e+00   9.137e-01   0.000e+00  16  sdss  5777  82N  6 
 1312  53670.396367  1  21.992  0.172  0.148  0.000   5.674e+00   9.037e-01   7.835e-01   0.000e+00  22  sdss  5781  82N  6 
 1320  53670.393050  2  21.636  0.173  0.304  0.000   7.985e+00   1.279e+00   2.272e+00   0.000e+00  24  sdss  5781  82N  6 
 1320  53670.393879  3  21.422  0.207  0.290  0.000   9.600e+00   1.839e+00   2.616e+00   0.000e+00  24  sdss  5781  82N  6 
 1312  53670.395538  4  20.802  0.373  0.150  0.000   1.678e+01   5.863e+00   2.432e+00   0.000e+00  20  sdss  5781  82N  6 
 1444  53670.394709  0  22.446  0.848  0.206  0.000   3.993e+00   2.678e+00   7.566e-01   0.000e+00  16  sdss  5781  82N  6 
 1312  53673.364117  1  22.084  0.115  0.047  0.000   5.210e+00   5.574e-01   2.301e-01   0.000e+00  22  sdss  5792  82N  6 
 1312  53673.360799  2  21.803  0.129  0.036  0.000   6.840e+00   8.251e-01   2.340e-01   0.000e+00  24  sdss  5792  82N  6 
 1312  53673.361629  3  21.724  0.201  0.055  0.000   7.245e+00   1.360e+00   3.757e-01   0.000e+00  24  sdss  5792  82N  6 
 1312  53673.363287  4  20.691  0.272  0.029  0.000   1.867e+01   4.773e+00   5.263e-01   0.000e+00  20  sdss  5792  82N  6 
 1440  53673.362458  0  22.515  0.467  0.064  0.000   3.741e+00   1.538e+00   2.221e-01   0.000e+00  16  sdss  5792  82N  6 
 1312  53675.361331  1  22.116  0.131  0.088  0.000   5.058e+00   6.127e-01   4.131e-01   0.000e+00  22  sdss  5800  82N  6 
 1312  53675.358014  2  21.875  0.161  0.081  0.000   6.398e+00   9.584e-01   4.883e-01   0.000e+00  24  sdss  5800  82N  6 
 1312  53675.358843  3  21.258  0.153  0.060  0.000   1.118e+01   1.587e+00   6.264e-01   0.000e+00  24  sdss  5800  82N  6 
 1440  53675.360502  4  21.400  0.522  0.065  0.000   9.202e+00   4.893e+00   6.315e-01   0.000e+00  20  sdss  5800  82N  6 
 1320  53675.359672  0  22.318  0.435  0.414  0.000   4.509e+00   1.714e+00   1.706e+00   0.000e+00  16  sdss  5800  82N  6 
 1312  53680.369043  1  22.209  0.130  0.061  0.000   4.639e+00   5.605e-01   2.661e-01   0.000e+00  22  sdss  5823  82N  6 
 1312  53680.365726  2  21.674  0.137  0.066  0.000   7.709e+00   9.870e-01   4.796e-01   0.000e+00  24  sdss  5823  82N  6 
 1312  53680.366555  3  21.646  0.214  0.087  0.000   7.793e+00   1.554e+00   6.407e-01   0.000e+00  24  sdss  5823  82N  6 
 1312  53680.368214  4  21.104  0.433  0.216  0.000   1.248e+01   5.211e+00   2.703e+00   0.000e+00  20  sdss  5823  82N  6 
 1312  53680.367385  0  22.462  0.459  0.150  0.000   3.932e+00   1.585e+00   5.425e-01   0.000e+00  16  sdss  5823  82N  6 
 1316  53683.427315  1  22.022  0.183  0.095  0.000   5.519e+00   9.304e-01   4.873e-01   0.000e+00  22  sdss  5842  82N  6 
 1316  53683.423998  2  22.751  0.763  0.251  0.000   2.804e+00   1.840e+00   6.842e-01   0.000e+00  24  sdss  5842  82N  6 
 1316  53683.424827  3  21.510  0.368  0.110  0.000   8.846e+00   2.951e+00   9.143e-01   0.000e+00  24  sdss  5842  82N  6 
 1316  53683.426486  4  20.817  0.814  0.372  0.000   1.653e+01   1.137e+01   5.957e+00   0.000e+00  20  sdss  5842  82N  6 
 1324  53683.425657  0  22.154  0.887  0.911  0.000   5.265e+00   3.556e+00   4.358e+00   0.000e+00  16  sdss  5842  82N  6 
 1313  53686.368105  1  22.204  0.288  0.111  0.000   4.661e+00   1.225e+00   4.834e-01   0.000e+00  22  sdss  5866  82N  6 
 1313  53686.364788  2  21.714  0.214  0.091  0.000   7.429e+00   1.470e+00   6.303e-01   0.000e+00  24  sdss  5866  82N  6 
 1312  53686.365618  3  21.224  0.183  0.086  0.000   1.154e+01   1.955e+00   9.278e-01   0.000e+00  24  sdss  5866  82N  6 
 1312  53686.367276  4  21.537  0.586  0.353  0.000   7.932e+00   4.930e+00   3.102e+00   0.000e+00  20  sdss  5866  82N  6 
 1281  53686.366447  0  25.666  1.814  0.554  0.000  -1.112e+00   2.875e+00   7.668e-01   0.000e+00  16  sdss  5866  82N  6 
 1315  53687.425623  1  21.024  0.289  0.384  0.000   1.388e+01   3.626e+00   4.933e+00   0.000e+00  22  sdss  5872  82N  6 
 1283  53687.422305  2  20.073  0.112  0.091  0.000   3.378e+01   3.497e+00   2.855e+00   0.000e+00  24  sdss  5872  82N  6 
 1283  53687.423134  3  19.343  0.074  0.049  0.000   6.542e+01   4.524e+00   2.969e+00   0.000e+00  24  sdss  5872  82N  6 
 1282  53687.424793  4  19.520  0.202  0.327  0.000   5.585e+01   1.031e+01   1.692e+01   0.000e+00  20  sdss  5872  82N  6 
 1315  53693.370767  1  21.979  0.399  0.182  0.000   5.743e+00   2.042e+00   9.703e-01   0.000e+00  22  sdss  5878  82N  6 
 1313  53693.367450  2  21.899  0.334  0.228  0.000   6.256e+00   1.903e+00   1.340e+00   0.000e+00  24  sdss  5878  82N  6 
 1313  53693.368279  3  22.260  0.527  0.194  0.000   4.361e+00   2.088e+00   8.175e-01   0.000e+00  24  sdss  5878  82N  6 
 1312  53693.369938  4  20.924  0.438  0.392  0.000   1.491e+01   6.118e+00   5.721e+00   0.000e+00  20  sdss  5878  82N  6 
 1409  53693.369108  0  25.273  2.334  0.603  0.000  -6.195e-01   4.489e+00   6.717e-01   0.000e+00  16  sdss  5878  82N  6 
 1312  53699.391521  1  22.289  0.182  0.073  0.000   4.306e+00   7.255e-01   2.921e-01   0.000e+00  22  sdss  5902  82N  6 
 1312  53699.388204  2  21.647  0.133  0.064  0.000   7.904e+00   9.798e-01   4.709e-01   0.000e+00  24  sdss  5902  82N  6 
 1312  53699.389033  3  21.569  0.193  0.079  0.000   8.372e+00   1.508e+00   6.193e-01   0.000e+00  24  sdss  5902  82N  6 
 1440  53699.390692  4  21.100  0.346  0.174  0.000   1.253e+01   4.235e+00   2.181e+00   0.000e+00  20  sdss  5902  82N  6 
 1440  53699.389862  0  22.452  0.652  0.159  0.000   3.970e+00   2.166e+00   5.823e-01   0.000e+00  16  sdss  5902  82N  6 
 1312  53704.353740  1  21.861  0.122  0.094  0.000   6.406e+00   7.245e-01   5.615e-01   0.000e+00  22  sdss  5918  82N  6 
 1312  53704.350423  2  21.593  0.140  0.110  0.000   8.310e+00   1.084e+00   8.588e-01   0.000e+00  24  sdss  5918  82N  6 
 1312  53704.351252  3  21.522  0.197  0.108  0.000   8.748e+00   1.602e+00   8.914e-01   0.000e+00  24  sdss  5918  82N  6 
 1312  53704.352911  4  21.162  0.491  0.153  0.000   1.177e+01   5.573e+00   1.821e+00   0.000e+00  20  sdss  5918  82N  6 
 1312  53704.352081  0  24.113  1.478  0.275  0.000   5.583e-01   1.974e+00   2.989e-01   0.000e+00  16  sdss  5918  82N  6 
