# SDSS CID:  12087 IAU:          RA: 336.648010 DEC:   0.901607  (J2000)
# GALAXY_SB [ugriz] = [ 24.45 24.37 22.86 22.24 21.66 ] +/- [  0.40  0.12  0.06  0.06  0.10 ] (asinh mag/square arcsec)
# GALAXY_SB_FLUX [ugriz] = [  1.810E-01  4.745E-01  2.526E+00  4.443E+00  6.826E+00 ] +/- [  3.953E-01  8.887E-02  1.561E-01  2.604E-01  8.253E-01 ] (microJy per square arcsec)
#FLAG  MJD       FILT  MAG     MERR  MSKYERR MGALERR  FLUX       FLUXERR    SKYERR     GALERR    NPRE TELE   RUN  STRIP  IDCCD
    0  53622.264253  1  25.795  0.900  0.241  1.247  -4.248e-01   6.600e-01   1.708e-01   8.825e-01  11  sdss  5582  82S  6 
    0  53622.260937  2  25.043  1.035  0.925  1.567  -1.937e-01   9.687e-01   7.572e-01   1.283e+00  11  sdss  5582  82S  6 
    0  53622.261766  3  26.125  0.563  0.263  0.723  -3.132e+00   1.657e+00   8.243e-01   2.269e+00  11  sdss  5582  82S  6 
   32  53622.263424  4  22.476  1.016  0.450  1.435   1.773e+00   5.862e+00   2.315e+00   7.386e+00  11  sdss  5582  82S  6 
    0  53622.262595  0  23.811  1.486  0.296  3.774   9.156e-01   2.088e+00   3.761e-01   4.802e+00  6  sdss  5582  82S  6 
    0  53625.259939  1  24.529  0.727  0.195  0.392   3.639e-01   5.078e-01   1.323e-01   2.656e-01  11  sdss  5597  82S  6 
    0  53625.256622  2  25.092  0.832  0.300  0.535  -2.347e-01   7.474e-01   2.484e-01   4.429e-01  11  sdss  5597  82S  6 
    0  53625.257451  3  24.465  0.882  0.223  0.619  -1.227e-01   1.167e+00   2.648e-01   7.366e-01  11  sdss  5597  82S  6 
   32  53625.259110  4  22.738  0.680  0.085  0.518   4.610e-01   3.549e+00   4.161e-01   2.535e+00  11  sdss  5597  82S  6 
    8  53625.258281  0  23.463  0.858  0.408  0.764   1.419e+00   1.298e+00   6.541e-01   1.225e+00  6  sdss  5597  82S  6 
    1  53627.221103  1  23.473  0.981  0.283  0.432   1.385e+00   1.195e+00   3.981e-01   6.089e-01  11  sdss  5607  82S  6 
    1  53627.217786  2  26.332  0.693  0.146  0.425  -1.669e+00   1.116e+00   2.534e-01   7.403e-01  11  sdss  5607  82S  6 
   32  53627.218615  3  24.060  1.127  0.533  1.101   3.618e-01   1.612e+00   6.560e-01   1.355e+00  11  sdss  5607  82S  6 
    0  53627.220274  4  23.282  0.869  0.553  0.883  -2.252e+00   4.941e+00   2.935e+00   4.685e+00  11  sdss  5607  82S  6 
    1  53627.219444  0  24.095  1.758  0.720  2.194   5.791e-01   2.603e+00   7.919e-01   2.414e+00  6  sdss  5607  82S  6 
    3  53634.213441  1  27.004  1.497  0.681  1.062  -1.759e+00   1.956e+00   1.177e+00   1.836e+00  11  sdss  5619  82S  6 
  163  53634.210124  2  23.436  1.519  1.613  2.049   1.404e+00   2.070e+00   2.463e+00   3.128e+00  11  sdss  5619  82S  6 
   34  53634.210953  3  23.544  1.460  1.003  3.067   1.062e+00   2.482e+00   1.546e+00   4.726e+00  11  sdss  5619  82S  6 
  130  53634.212611  4  23.036  1.280  0.510  3.300  -9.956e-01   7.835e+00   2.530e+00   1.638e+01  11  sdss  5619  82S  6 
  131  53634.211782  0  22.419  2.240  1.298  2.824   4.099e+00   5.628e+00   4.955e+00   1.078e+01  6  sdss  5619  82S  6 
    1  53636.218840  1  26.690  0.635  0.226  0.305  -1.284e+00   7.843e-01   2.994e-01   4.041e-01  11  sdss  5628  82S  6 
    0  53636.215523  2  25.967  0.701  0.163  0.442  -1.119e+00   8.776e-01   2.137e-01   5.788e-01  11  sdss  5628  82S  6 
   24  53636.216352  3  24.375  0.956  2.245  0.795  -1.549e-02   1.284e+00   2.658e+00   9.416e-01  11  sdss  5628  82S  6 
    0  53636.218010  4  22.144  0.755  0.421  0.629   3.589e+00   4.536e+00   2.484e+00   3.710e+00  11  sdss  5628  82S  6 
    1  53636.217181  0  26.045  1.113  0.035  1.022  -1.726e+00   1.825e+00   6.383e-02   1.873e+00  6  sdss  5628  82S  6 
   32  53648.260647  1  24.627  0.891  0.365  1.035   2.991e-01   6.196e-01   2.376e-01   6.730e-01  11  sdss  5698  82S  6 
 1208  53648.257331  2  23.859  1.009  3.524  1.314   8.523e-01   1.119e+00   3.958e+00   1.476e+00  11  sdss  5698  82S  6 
   28  53648.258160  3  26.116  0.691  1.949  0.762  -3.105e+00   1.966e+00   6.071e+00   2.373e+00  11  sdss  5698  82S  6 
    0  53648.259818  4  23.801  0.789  0.578  0.849  -5.371e+00   5.371e+00   4.029e+00   5.914e+00  11  sdss  5698  82S  6 
    4  53648.258989  0  22.741  0.900  0.316  1.404   3.008e+00   2.227e+00   9.103e-01   4.042e+00  6  sdss  5698  82S  6 
    1  53655.189735  1  27.028  0.891  0.434  0.571  -1.801e+00   1.353e+00   7.657e-01   1.007e+00  11  sdss  5713  82S  6 
    1  53655.186418  2  25.930  1.283  0.608  1.268  -1.073e+00   1.562e+00   7.753e-01   1.616e+00  11  sdss  5713  82S  6 
    0  53655.187247  3  25.257  1.268  0.872  1.828  -1.183e+00   2.109e+00   1.409e+00   2.952e+00  11  sdss  5713  82S  6 
  160  53655.188906  4  22.540  1.076  1.426  1.707   1.443e+00   6.247e+00   7.213e+00   8.632e+00  11  sdss  5713  82S  6 
    1  53655.188076  0  23.376  2.078  0.588  3.578   1.564e+00   3.784e+00   1.005e+00   6.119e+00  6  sdss  5713  82S  6 
  129  53664.213880  1  23.715  1.136  0.381  0.712   1.077e+00   1.161e+00   4.411e-01   8.230e-01  11  sdss  5754  82S  6 
   33  53664.210563  2  23.559  1.151  0.464  1.284   1.225e+00   1.467e+00   6.444e-01   1.781e+00  11  sdss  5754  82S  6 
    0  53664.211392  3  24.513  1.196  0.686  1.673  -1.794e-01   1.727e+00   8.207e-01   2.001e+00  11  sdss  5754  82S  6 
  160  53664.213050  4  22.686  0.947  0.135  1.275   7.198e-01   5.254e+00   6.637e-01   6.277e+00  11  sdss  5754  82S  6 
    1  53664.212221  0  23.258  1.928  1.366  2.743   1.780e+00   3.437e+00   2.559e+00   5.140e+00  6  sdss  5754  82S  6 
    8  53666.177647  1  25.162  0.732  0.526  0.644  -2.560e-02   4.649e-01   3.102e-01   3.795e-01  11  sdss  5763  82S  6 
    0  53666.174330  2  26.212  0.558  0.114  0.456  -1.471e+00   8.414e-01   1.800e-01   7.209e-01  11  sdss  5763  82S  6 
   32  53666.175159  3  23.650  0.927  0.498  0.802   9.050e-01   1.388e+00   7.232e-01   1.165e+00  11  sdss  5763  82S  6 
    0  53666.176818  4  22.852  0.894  0.074  0.749  -9.256e-02   4.871e+00   3.628e-01   3.655e+00  11  sdss  5763  82S  6 
    0  53666.175988  0  24.755  1.228  0.112  1.832  -8.656e-02   1.462e+00   1.085e-01   1.780e+00  6  sdss  5763  82S  6 
    0  53669.173001  1  24.442  0.664  0.134  0.574   4.246e-01   4.759e-01   9.465e-02   4.058e-01  11  sdss  5776  82S  6 
    0  53669.169684  2  23.785  0.702  0.302  0.549   9.369e-01   8.057e-01   3.562e-01   6.479e-01  11  sdss  5776  82S  6 
    0  53669.170513  3  24.374  1.000  0.523  1.022  -1.432e-02   1.360e+00   6.196e-01   1.211e+00  11  sdss  5776  82S  6 
   32  53669.172172  4  22.601  0.810  0.369  0.722   1.139e+00   4.390e+00   1.842e+00   3.605e+00  11  sdss  5776  82S  6 
    8  53669.171343  0  23.980  1.124  0.922  1.937   7.095e-01   1.402e+00   1.070e+00   2.249e+00  6  sdss  5776  82S  6 
  162  53671.257527  1  24.519  1.250  2.219  3.061   3.707e-01   9.596e-01   1.512e+00   2.085e+00  11  sdss  5786  82S  6 
    2  53671.254210  2  25.283  1.374  1.564  3.279  -3.972e-01   1.456e+00   1.376e+00   2.884e+00  11  sdss  5786  82S  6 
  130  53671.255040  3  24.828  1.385  2.066  3.509  -5.687e-01   2.177e+00   2.678e+00   4.549e+00  11  sdss  5786  82S  6 
  162  53671.256698  4  22.698  1.446  2.627  4.058   6.610e-01   9.346e+00   1.291e+01   1.995e+01  11  sdss  5786  82S  6 
    0  53674.156623  1  25.377  0.816  0.447  1.048  -1.538e-01   5.360e-01   2.710e-01   6.346e-01  11  sdss  5797  82S  6 
    0  53674.153306  2  25.441  0.904  0.582  1.056  -5.400e-01   8.899e-01   5.490e-01   9.958e-01  11  sdss  5797  82S  6 
    0  53674.154135  3  24.481  1.039  0.346  1.564  -1.415e-01   1.431e+00   4.121e-01   1.864e+00  11  sdss  5797  82S  6 
    0  53674.155794  4  23.826  0.619  0.079  0.702  -5.546e+00   4.292e+00   5.574e-01   4.971e+00  11  sdss  5797  82S  6 
    0  53674.154964  0  26.095  0.984  0.264  1.742  -1.821e+00   1.682e+00   5.038e-01   3.320e+00  6  sdss  5797  82S  6 
    0  53676.245867  1  25.578  0.730  0.400  0.581  -2.793e-01   4.916e-01   2.574e-01   3.736e-01  11  sdss  5807  82S  6 
    0  53676.242550  2  24.200  0.822  0.097  0.650   5.057e-01   7.910e-01   9.007e-02   6.018e-01  11  sdss  5807  82S  6 
    0  53676.243379  3  24.818  0.893  0.306  0.832  -5.559e-01   1.240e+00   3.953e-01   1.075e+00  11  sdss  5807  82S  6 
    0  53676.245038  4  23.120  0.694  0.225  0.609  -1.419e+00   3.710e+00   1.136e+00   3.078e+00  11  sdss  5807  82S  6 
    8  53676.244208  0  23.346  1.035  0.788  1.363   1.617e+00   1.650e+00   1.379e+00   2.385e+00  6  sdss  5807  82S  6 
    0  53679.217432  1  26.742  0.476  0.141  0.639  -1.354e+00   6.304e-01   1.953e-01   8.838e-01  11  sdss  5820  82S  6 
   32  53679.214115  2  24.706  1.111  1.015  1.851   7.717e-02   1.052e+00   8.139e-01   1.485e+00  11  sdss  5820  82S  6 
    0  53679.214945  3  24.383  1.108  0.807  1.932  -2.489e-02   1.552e+00   9.553e-01   2.288e+00  11  sdss  5820  82S  6 
    0  53679.216603  4  23.650  0.794  0.254  1.086  -4.373e+00   5.042e+00   1.612e+00   6.883e+00  11  sdss  5820  82S  6 
    0  53679.215774  0  25.268  1.486  0.168  3.645  -6.138e-01   2.004e+00   1.879e-01   4.066e+00  6  sdss  5820  82S  6 
   32  53681.209149  1  24.806  0.731  0.258  0.534   1.865e-01   4.765e-01   1.580e-01   3.278e-01  11  sdss  5836  82S  6 
   32  53681.205832  2  24.527  0.882  0.313  0.841   2.225e-01   7.987e-01   2.585e-01   6.941e-01  11  sdss  5836  82S  6 
   32  53681.206661  3  24.104  0.896  0.406  0.864   3.083e-01   1.203e+00   4.946e-01   1.052e+00  11  sdss  5836  82S  6 
    0  53681.208320  4  22.953  0.657  0.258  0.568  -5.885e-01   3.418e+00   1.267e+00   2.786e+00  11  sdss  5836  82S  6 
    0  53681.207490  0  24.592  1.232  0.163  1.624   7.103e-02   1.467e+00   1.583e-01   1.577e+00  6  sdss  5836  82S  6 
    9  53685.167768  1  23.186  1.132  1.428  0.216   1.842e+00   1.643e+00   2.570e+00   3.883e-01  11  sdss  5853  82S  6 
    1  53685.164451  2  24.934  1.552  1.021  0.758  -1.059e-01   1.710e+00   8.219e-01   6.102e-01  11  sdss  5853  82S  6 
   33  53685.165281  3  24.243  1.382  0.614  0.920   1.411e-01   2.120e+00   7.314e-01   1.097e+00  11  sdss  5853  82S  6 
    0  53685.166939  4  22.101  0.883  0.282  0.592   3.843e+00   5.455e+00   1.705e+00   3.574e+00  11  sdss  5853  82S  6 
    1  53685.166110  0  27.191  0.893  0.338  0.421  -5.333e+00   3.659e+00   1.657e+00   2.065e+00  6  sdss  5853  82S  6 
    1  53687.205739  1  22.653  0.693  0.207  0.186   3.063e+00   1.785e+00   5.967e-01   5.381e-01  11  sdss  5870  82S  6 
    1  53687.202422  2  23.338  1.188  0.285  0.532   1.559e+00   1.701e+00   4.709e-01   8.777e-01  11  sdss  5870  82S  6 
    1  53687.203252  3  22.408  0.634  0.185  0.493   3.782e+00   2.153e+00   6.839e-01   1.825e+00  11  sdss  5870  82S  6 
    0  53687.204910  4  23.374  1.199  0.444  0.771  -2.751e+00   7.452e+00   2.445e+00   4.241e+00  11  sdss  5870  82S  6 
    1  53687.204081  0  21.744  0.848  0.229  0.430   7.717e+00   5.015e+00   1.611e+00   3.020e+00  6  sdss  5870  82S  6 
    4  53697.164682  1  21.908  0.152  0.050  0.095   6.132e+00   8.589e-01   2.830e-01   5.436e-01  11  sdss  5895  82S  6 
    4  53697.161365  2  21.809  0.542  0.312  0.149   6.806e+00   3.194e+00   1.982e+00   9.453e-01  11  sdss  5895  82S  6 
   12  53697.162194  3  21.674  0.316  0.371  0.199   7.588e+00   2.199e+00   2.647e+00   1.420e+00  11  sdss  5895  82S  6 
    4  53697.163852  4  20.791  0.371  0.075  0.252   1.695e+01   5.902e+00   1.229e+00   4.136e+00  11  sdss  5895  82S  6 
   12  53697.163023  0  23.340  1.544  1.803  1.614   1.628e+00   2.496e+00   3.172e+00   2.837e+00  6  sdss  5895  82S  6 
    0  53700.163284  1  21.953  0.101  0.046  0.081   5.881e+00   5.498e-01   2.518e-01   4.404e-01  11  sdss  5905  82S  6 
    0  53700.159967  2  21.491  0.109  0.047  0.109   9.138e+00   9.273e-01   3.994e-01   9.229e-01  11  sdss  5905  82S  6 
    0  53700.160796  3  21.872  0.242  0.104  0.248   6.304e+00   1.423e+00   6.207e-01   1.479e+00  11  sdss  5905  82S  6 
    0  53700.162454  4  22.319  0.724  0.239  0.611   2.598e+00   4.095e+00   1.298e+00   3.325e+00  11  sdss  5905  82S  6 
    0  53700.161625  0  23.333  1.013  0.416  1.253   1.640e+00   1.630e+00   7.360e-01   2.214e+00  6  sdss  5905  82S  6 
    0  53705.149238  1  22.081  0.121  0.062  0.126   5.223e+00   5.854e-01   3.016e-01   6.120e-01  11  sdss  5924  82S  6 
    0  53705.145922  2  21.933  0.172  0.056  0.211   6.065e+00   9.688e-01   3.184e-01   1.198e+00  11  sdss  5924  82S  6 
    0  53705.146751  3  21.765  0.211  0.069  0.248   6.970e+00   1.374e+00   4.514e-01   1.627e+00  11  sdss  5924  82S  6 
    0  53705.148409  4  21.876  0.633  0.089  0.751   5.294e+00   4.297e+00   6.161e-01   5.193e+00  11  sdss  5924  82S  6 
    0  53705.147580  0  23.080  1.030  0.654  2.125   2.144e+00   1.934e+00   1.412e+00   4.593e+00  6  sdss  5924  82S  6 
