# SDSS CID:   4243 IAU:          RA:  12.521281 DEC:  -1.054645  (J2000)
# GALAXY_SB [ugriz] = [ 22.78 22.59 22.49 22.09 21.88 ] +/- [  0.09  0.03  0.02  0.02  0.06 ] (asinh mag/square arcsec)
# GALAXY_SB_FLUX [ugriz] = [  2.801E+00  3.251E+00  3.596E+00  5.148E+00  5.217E+00 ] +/- [  2.518E-01  7.725E-02  7.710E-02  1.042E-01  4.043E-01 ] (microJy per square arcsec)
#FLAG  MJD       FILT  MAG     MERR  MSKYERR MGALERR  FLUX       FLUXERR    SKYERR     GALERR    NPRE TELE   RUN  STRIP  IDCCD
   32  53616.349491  1  22.152  0.163  0.097  0.183   4.892e+00   7.300e-01   4.376e-01   8.252e-01  28  sdss  5566  82N  1 
   32  53616.346174  2  23.042  0.516  0.252  0.386   2.107e+00   1.024e+00   5.277e-01   8.087e-01  30  sdss  5566  82N  1 
   32  53616.347003  3  22.295  0.453  0.230  0.310   4.218e+00   1.755e+00   9.328e-01   1.260e+00  30  sdss  5566  82N  1 
   32  53616.348662  4  21.428  0.663  0.679  0.472   8.926e+00   5.938e+00   6.476e+00   4.503e+00  25  sdss  5566  82N  1 
  162  53616.347833  0  21.978  0.460  0.072  0.871   6.207e+00   2.405e+00   3.979e-01   4.808e+00  19  sdss  5566  82N  1 
   32  53622.362971  1  22.682  0.265  0.243  0.322   2.980e+00   7.251e-01   6.776e-01   8.966e-01  28  sdss  5582  82S  1 
   32  53622.359654  2  22.616  0.327  0.124  0.228   3.189e+00   9.660e-01   3.759e-01   6.937e-01  30  sdss  5582  82S  1 
   32  53622.360483  3  22.556  0.552  0.410  0.339   3.270e+00   1.679e+00   1.329e+00   1.097e+00  30  sdss  5582  82S  1 
    0  53622.362142  4  21.014  0.431  0.330  0.284   1.364e+01   5.568e+00   4.429e+00   3.812e+00  25  sdss  5582  82S  1 
   40  53622.361312  0  21.999  0.374  0.206  0.643   6.086e+00   1.955e+00   1.117e+00   3.484e+00  19  sdss  5582  82S  1 
    0  53626.326500  1  22.250  0.140  0.032  0.085   4.466e+00   5.729e-01   1.334e-01   3.509e-01  28  sdss  5603  82N  1 
    0  53626.323183  2  22.254  0.189  0.073  0.073   4.491e+00   7.855e-01   3.088e-01   3.048e-01  30  sdss  5603  82N  1 
    0  53626.324012  3  22.566  0.381  0.115  0.114   3.238e+00   1.185e+00   3.689e-01   3.669e-01  30  sdss  5603  82N  1 
    0  53626.325671  4  21.647  0.467  0.255  0.198   7.006e+00   3.677e+00   2.059e+00   1.602e+00  25  sdss  5603  82N  1 
   32  53626.324841  0  23.048  0.731  0.098  0.623   2.216e+00   1.453e+00   2.126e-01   1.351e+00  19  sdss  5603  82N  1 
   33  53627.320502  1  22.588  0.387  0.144  0.244   3.256e+00   1.130e+00   4.383e-01   7.402e-01  28  sdss  5607  82S  1 
    0  53627.317185  2  22.356  0.283  0.046  0.116   4.080e+00   1.062e+00   1.761e-01   4.428e-01  30  sdss  5607  82S  1 
    0  53627.318014  3  22.036  0.300  0.130  0.127   5.400e+00   1.498e+00   6.653e-01   6.507e-01  30  sdss  5607  82S  1 
   32  53627.319673  4  22.636  0.874  0.510  0.638   9.642e-01   4.779e+00   2.530e+00   3.164e+00  25  sdss  5607  82S  1 
   41  53627.318844  0  22.165  0.517  0.333  0.482   5.208e+00   2.254e+00   1.552e+00   2.247e+00  19  sdss  5607  82S  1 
   33  53628.311137  1  22.852  0.673  0.525  0.266   2.538e+00   1.451e+00   1.255e+00   6.358e-01  28  sdss  5610  82N  1 
   33  53628.307819  2  22.812  0.505  0.115  0.155   2.642e+00   1.218e+00   2.925e-01   3.948e-01  30  sdss  5610  82N  1 
    0  53628.308649  3  22.125  0.341  0.150  0.114   4.963e+00   1.565e+00   7.071e-01   5.363e-01  30  sdss  5610  82N  1 
    0  53628.310307  4  22.937  0.913  1.055  0.588  -5.103e-01   5.008e+00   5.170e+00   2.880e+00  25  sdss  5610  82N  1 
   33  53628.309478  0  22.899  1.748  0.087  1.074   2.573e+00   3.387e+00   2.129e-01   2.634e+00  19  sdss  5610  82N  1 
    1  53634.312805  1  22.140  0.317  0.071  0.105   4.946e+00   1.408e+00   3.247e-01   4.778e-01  28  sdss  5619  82S  1 
    1  53634.309488  2  21.978  0.291  0.077  0.107   5.812e+00   1.535e+00   4.160e-01   5.781e-01  30  sdss  5619  82S  1 
   32  53634.310317  3  23.184  0.943  0.291  0.352   1.685e+00   1.729e+00   5.678e-01   6.867e-01  30  sdss  5619  82S  1 
   32  53634.311976  4  22.337  0.770  0.591  0.449   2.502e+00   4.352e+00   3.188e+00   2.420e+00  25  sdss  5619  82S  1 
   33  53634.311146  0  21.958  0.759  0.137  0.429   6.325e+00   3.716e+00   7.720e-01   2.414e+00  19  sdss  5619  82S  1 
   33  53635.319682  1  22.819  0.421  0.053  0.124   2.619e+00   9.942e-01   1.307e-01   3.045e-01  28  sdss  5622  82N  1 
    1  53635.316365  2  22.275  0.258  0.052  0.065   4.403e+00   1.045e+00   2.127e-01   2.680e-01  30  sdss  5622  82N  1 
    0  53635.317194  3  22.718  0.511  0.185  0.130   2.780e+00   1.371e+00   5.232e-01   3.655e-01  30  sdss  5622  82N  1 
   32  53635.318853  4  22.213  0.681  0.333  0.266   3.191e+00   3.961e+00   1.895e+00   1.511e+00  25  sdss  5622  82N  1 
   33  53635.318024  0  22.318  0.651  0.065  0.318   4.512e+00   2.398e+00   2.651e-01   1.295e+00  19  sdss  5622  82N  1 
   33  53637.313072  1  22.419  0.285  0.115  0.189   3.815e+00   9.879e-01   4.052e-01   6.685e-01  28  sdss  5633  82N  1 
   32  53637.309755  2  22.652  0.439  0.245  0.233   3.081e+00   1.232e+00   7.192e-01   6.868e-01  30  sdss  5633  82N  1 
    0  53637.310584  3  21.917  0.299  0.145  0.133   6.042e+00   1.663e+00   8.260e-01   7.546e-01  30  sdss  5633  82N  1 
   32  53637.312243  4  22.327  0.981  0.115  0.597   2.556e+00   5.759e+00   6.247e-01   3.233e+00  25  sdss  5633  82N  1 
  169  53637.311414  0  22.265  0.729  0.420  0.785   4.744e+00   2.749e+00   1.792e+00   3.350e+00  19  sdss  5633  82N  1 
   33  53638.354255  1  22.399  0.186  0.076  0.099   3.886e+00   6.626e-01   2.731e-01   3.561e-01  28  sdss  5637  82S  1 
    0  53638.350938  2  22.858  0.326  0.096  0.097   2.525e+00   7.815e-01   2.361e-01   2.371e-01  30  sdss  5637  82S  1 
    0  53638.351767  3  22.834  0.496  0.109  0.125   2.468e+00   1.218e+00   2.790e-01   3.207e-01  30  sdss  5637  82S  1 
    0  53638.353426  4  21.635  0.478  0.193  0.183   7.104e+00   3.793e+00   1.568e+00   1.494e+00  25  sdss  5637  82S  1 
   33  53638.352596  0  22.344  0.484  0.020  0.349   4.401e+00   1.818e+00   7.773e-02   1.386e+00  19  sdss  5637  82S  1 
    0  53639.358436  1  22.106  0.137  0.051  0.073   5.104e+00   6.394e-01   2.378e-01   3.454e-01  28  sdss  5642  82N  1 
    0  53639.355119  2  22.118  0.168  0.055  0.052   5.100e+00   7.944e-01   2.604e-01   2.471e-01  30  sdss  5642  82N  1 
    0  53639.355948  3  22.419  0.307  0.079  0.079   3.741e+00   1.095e+00   2.886e-01   2.888e-01  30  sdss  5642  82N  1 
   32  53639.357607  4  22.088  0.528  0.276  0.244   3.921e+00   3.204e+00   1.673e+00   1.479e+00  25  sdss  5642  82N  1 
   32  53639.356778  0  22.797  0.641  0.029  0.484   2.847e+00   1.578e+00   7.826e-02   1.294e+00  19  sdss  5642  82N  1 
   32  53640.318257  1  22.379  0.177  0.047  0.158   3.960e+00   6.432e-01   1.737e-01   5.782e-01  28  sdss  5646  82S  1 
   32  53640.314939  2  22.707  0.319  0.055  0.178   2.924e+00   8.714e-01   1.540e-01   4.978e-01  30  sdss  5646  82S  1 
   32  53640.315769  3  22.138  0.302  0.075  0.153   4.902e+00   1.378e+00   3.516e-01   7.125e-01  30  sdss  5646  82S  1 
   32  53640.317427  4  22.092  0.622  0.099  0.297   3.896e+00   3.779e+00   5.968e-01   1.796e+00  25  sdss  5646  82S  1 
   32  53640.316598  0  22.491  0.574  0.063  0.627   3.826e+00   1.855e+00   2.204e-01   2.186e+00  19  sdss  5646  82S  1 
   32  53644.305790  1  22.354  0.158  0.029  0.130   4.053e+00   5.876e-01   1.089e-01   4.893e-01  28  sdss  5670  82N  1 
   32  53644.302473  2  22.243  0.216  0.086  0.150   4.538e+00   9.050e-01   3.643e-01   6.357e-01  30  sdss  5670  82N  1 
   32  53644.303302  3  22.585  0.408  0.145  0.196   3.177e+00   1.243e+00   4.568e-01   6.190e-01  30  sdss  5670  82N  1 
    0  53644.304961  4  21.676  0.449  0.194  0.240   6.774e+00   3.472e+00   1.530e+00   1.893e+00  25  sdss  5670  82N  1 
  160  53644.304131  0  22.142  0.349  0.033  0.422   5.323e+00   1.610e+00   1.587e-01   2.011e+00  19  sdss  5670  82N  1 
    0  53654.340060  1  22.247  0.140  0.068  0.086   4.478e+00   5.740e-01   2.814e-01   3.550e-01  28  sdss  5709  82N  1 
    0  53654.336742  2  22.525  0.248  0.065  0.081   3.478e+00   8.052e-01   2.142e-01   2.682e-01  30  sdss  5709  82N  1 
    0  53654.337572  3  22.575  0.421  0.079  0.121   3.209e+00   1.292e+00   2.511e-01   3.847e-01  30  sdss  5709  82N  1 
   32  53654.339230  4  22.658  0.785  0.137  0.312   8.550e-01   4.207e+00   6.759e-01   1.543e+00  25  sdss  5709  82N  1 
  160  53654.338401  0  22.480  0.485  0.021  0.395   3.866e+00   1.614e+00   7.356e-02   1.392e+00  19  sdss  5709  82N  1 
   33  53655.290609  1  22.260  0.206  0.069  0.122   4.424e+00   8.337e-01   2.839e-01   4.971e-01  28  sdss  5713  82S  1 
   32  53655.287292  2  23.426  0.719  0.300  0.284   1.419e+00   1.027e+00   4.587e-01   4.343e-01  30  sdss  5713  82S  1 
   32  53655.288121  3  22.488  0.440  0.055  0.161   3.497e+00   1.447e+00   1.880e-01   5.516e-01  30  sdss  5713  82S  1 
    0  53655.289780  4  21.565  0.566  0.206  0.259   7.691e+00   4.670e+00   1.764e+00   2.219e+00  25  sdss  5713  82S  1 
   41  53655.288950  0  23.843  1.403  0.868  1.503   8.749e-01   1.909e+00   1.073e+00   1.856e+00  19  sdss  5713  82S  1 
   33  53663.300773  1  23.159  0.692  0.137  0.187   1.890e+00   1.143e+00   2.504e-01   3.419e-01  28  sdss  5744  82N  1 
    1  53663.297456  2  22.028  0.208  0.032  0.045   5.547e+00   1.060e+00   1.663e-01   2.311e-01  30  sdss  5744  82N  1 
    0  53663.298285  3  22.220  0.331  0.089  0.082   4.533e+00   1.397e+00   3.853e-01   3.543e-01  30  sdss  5744  82N  1 
    0  53663.299944  4  22.867  0.768  0.086  0.351  -1.668e-01   4.065e+00   4.179e-01   1.714e+00  25  sdss  5744  82N  1 
  161  53663.299114  0  23.390  1.669  0.304  0.708   1.541e+00   2.690e+00   5.042e-01   1.176e+00  19  sdss  5744  82N  1 
   33  53664.315179  1  22.278  0.349  0.234  0.145   4.351e+00   1.357e+00   9.426e-01   5.825e-01  28  sdss  5754  82S  1 
 1081  53664.311862  2  22.672  0.846  3.733  0.143   3.023e+00   2.103e+00   1.079e+01   4.124e-01  30  sdss  5754  82S  1 
 1049  53664.312692  3  21.453  0.335  2.646  0.061   9.322e+00   2.819e+00   2.295e+01   5.269e-01  30  sdss  5754  82S  1 
   56  53664.314350  4  22.505  0.988  4.484  0.406   1.625e+00   5.636e+00   2.287e+01   2.070e+00  25  sdss  5754  82S  1 
    9  53664.313521  0  21.344  0.430  0.293  0.231   1.118e+01   4.024e+00   2.887e+00   2.270e+00  19  sdss  5754  82S  1 
   33  53666.370803  1  22.331  0.260  0.072  0.117   4.141e+00   9.780e-01   2.738e-01   4.467e-01  28  sdss  5765  82N  1 
   32  53666.367486  2  22.830  0.420  0.158  0.139   2.596e+00   1.016e+00   3.972e-01   3.485e-01  30  sdss  5765  82N  1 
   32  53666.368315  3  23.064  0.645  0.350  0.184   1.930e+00   1.308e+00   7.471e-01   3.925e-01  30  sdss  5765  82N  1 
   32  53666.369973  4  22.107  0.704  0.396  0.325   3.812e+00   4.268e+00   2.374e+00   1.949e+00  25  sdss  5765  82N  1 
  161  53666.369144  0  22.364  0.861  0.101  0.480   4.318e+00   2.863e+00   3.926e-01   1.874e+00  19  sdss  5765  82N  1 
   32  53668.290506  1  22.749  0.317  0.223  0.326   2.798e+00   8.118e-01   5.857e-01   8.561e-01  28  sdss  5770  82N  1 
   32  53668.287189  2  22.088  0.232  0.108  0.157   5.245e+00   1.115e+00   5.252e-01   7.648e-01  30  sdss  5770  82N  1 
   32  53668.288018  3  22.834  0.658  0.366  0.346   2.468e+00   1.571e+00   9.385e-01   8.868e-01  30  sdss  5770  82N  1 
   32  53668.289677  4  22.423  0.944  0.488  0.692   2.044e+00   5.400e+00   2.549e+00   3.614e+00  25  sdss  5770  82N  1 
    2  53668.288847  0  21.602  0.284  0.050  0.471   8.811e+00   2.160e+00   3.903e-01   3.664e+00  19  sdss  5770  82N  1 
   32  53669.274094  1  22.678  0.182  0.052  0.096   2.991e+00   5.059e-01   1.445e-01   2.681e-01  28  sdss  5776  82S  1 
    0  53669.270777  2  22.476  0.227  0.014  0.073   3.643e+00   7.715e-01   4.782e-02   2.498e-01  30  sdss  5776  82S  1 
    0  53669.271606  3  22.874  0.483  0.081  0.120   2.367e+00   1.151e+00   2.002e-01   2.978e-01  30  sdss  5776  82S  1 
   32  53669.273265  4  22.012  0.545  0.222  0.192   4.393e+00   3.437e+00   1.404e+00   1.214e+00  25  sdss  5776  82S  1 
   32  53669.272436  0  22.512  0.422  0.030  0.308   3.749e+00   1.384e+00   1.035e-01   1.054e+00  19  sdss  5776  82S  1 
   32  53670.295064  1  22.357  0.158  0.012  0.131   4.041e+00   5.865e-01   4.319e-02   4.907e-01  28  sdss  5781  82N  1 
    0  53670.291747  2  22.367  0.223  0.065  0.101   4.038e+00   8.349e-01   2.452e-01   3.823e-01  30  sdss  5781  82N  1 
    0  53670.292576  3  22.278  0.328  0.119  0.137   4.287e+00   1.318e+00   4.900e-01   5.655e-01  30  sdss  5781  82N  1 
   32  53670.294234  4  22.170  0.719  0.447  0.394   3.439e+00   4.261e+00   2.596e+00   2.286e+00  25  sdss  5781  82N  1 
  168  53670.293405  0  22.191  0.407  0.282  0.642   5.082e+00   1.776e+00   1.285e+00   2.925e+00  19  sdss  5781  82N  1 
   32  53671.359126  1  23.146  0.381  0.073  0.294   1.913e+00   6.798e-01   1.352e-01   5.418e-01  28  sdss  5786  82S  1 
    0  53671.355809  2  22.332  0.218  0.043  0.067   4.174e+00   8.423e-01   1.682e-01   2.641e-01  30  sdss  5786  82S  1 
    0  53671.356639  3  22.180  0.284  0.047  0.078   4.709e+00   1.251e+00   2.117e-01   3.493e-01  30  sdss  5786  82S  1 
    0  53671.358297  4  21.185  0.364  0.074  0.131   1.149e+01   4.121e+00   8.641e-01   1.521e+00  25  sdss  5786  82S  1 
   32  53671.357468  0  22.217  0.482  0.039  0.415   4.959e+00   2.025e+00   1.722e-01   1.845e+00  19  sdss  5786  82S  1 
   32  53673.263049  1  22.466  0.176  0.099  0.136   3.650e+00   5.910e-01   3.370e-01   4.625e-01  28  sdss  5792  82N  1 
    0  53673.259732  2  22.379  0.213  0.039  0.081   3.993e+00   7.914e-01   1.459e-01   3.027e-01  30  sdss  5792  82N  1 
    0  53673.260561  3  22.374  0.313  0.119  0.087   3.908e+00   1.158e+00   4.500e-01   3.303e-01  30  sdss  5792  82N  1 
   32  53673.262220  4  22.828  0.712  0.284  0.361   2.409e-02   3.728e+00   1.385e+00   1.758e+00  25  sdss  5792  82N  1 
  168  53673.261391  0  22.103  0.315  0.212  0.305   5.522e+00   1.513e+00   1.045e+00   1.504e+00  19  sdss  5792  82N  1 
   32  53674.258339  1  22.782  0.251  0.137  0.238   2.712e+00   6.283e-01   3.501e-01   6.075e-01  28  sdss  5797  82S  1 
    0  53674.255022  2  22.321  0.216  0.041  0.110   4.217e+00   8.445e-01   1.610e-01   4.361e-01  30  sdss  5797  82S  1 
    0  53674.255851  3  22.256  0.307  0.056  0.133   4.379e+00   1.260e+00   2.373e-01   5.583e-01  30  sdss  5797  82S  1 
   32  53674.257509  4  22.683  0.713  0.494  0.414   7.313e-01   3.755e+00   2.433e+00   2.039e+00  25  sdss  5797  82S  1 
   40  53674.256680  0  22.944  0.775  0.226  0.824   2.461e+00   1.651e+00   5.339e-01   1.947e+00  19  sdss  5797  82S  1 
   32  53675.259731  1  22.884  0.250  0.054  0.211   2.461e+00   5.723e-01   1.244e-01   4.897e-01  28  sdss  5800  82N  1 
    0  53675.256414  2  22.026  0.174  0.079  0.076   5.558e+00   8.942e-01   4.070e-01   3.951e-01  30  sdss  5800  82N  1 
   32  53675.257244  3  23.070  0.685  0.413  0.261   1.917e+00   1.377e+00   8.778e-01   5.553e-01  30  sdss  5800  82N  1 
    8  53675.258902  4  21.704  0.586  0.667  0.286   6.554e+00   4.395e+00   5.159e+00   2.212e+00  25  sdss  5800  82N  1 
  160  53675.258073  0  22.107  0.353  0.073  0.488   5.501e+00   1.682e+00   3.571e-01   2.398e+00  19  sdss  5800  82N  1 
   32  53676.347665  1  22.503  0.204  0.121  0.166   3.526e+00   6.605e-01   3.971e-01   5.454e-01  28  sdss  5807  82S  1 
    0  53676.344347  2  22.587  0.258  0.106  0.082   3.278e+00   7.915e-01   3.312e-01   2.560e-01  30  sdss  5807  82S  1 
    0  53676.345177  3  22.249  0.291  0.046  0.067   4.408e+00   1.206e+00   1.937e-01   2.845e-01  30  sdss  5807  82S  1 
   32  53676.346835  4  22.340  0.643  0.323  0.292   2.486e+00   3.573e+00   1.739e+00   1.573e+00  25  sdss  5807  82S  1 
   40  53676.346006  0  22.049  0.344  0.245  0.274   5.809e+00   1.728e+00   1.271e+00   1.418e+00  19  sdss  5807  82S  1 
   32  53677.280803  1  22.753  0.202  0.023  0.118   2.788e+00   5.228e-01   6.066e-02   3.099e-01  28  sdss  5813  82N  1 
    0  53677.277486  2  22.588  0.246  0.053  0.086   3.275e+00   7.537e-01   1.651e-01   2.680e-01  30  sdss  5813  82N  1 
    0  53677.278315  3  22.346  0.300  0.076  0.086   4.015e+00   1.142e+00   2.951e-01   3.357e-01  30  sdss  5813  82N  1 
   32  53677.279974  4  21.965  0.509  0.289  0.211   4.696e+00   3.288e+00   1.880e+00   1.376e+00  25  sdss  5813  82N  1 
   40  53677.279144  0  22.734  0.552  0.177  0.506   3.026e+00   1.459e+00   4.993e-01   1.427e+00  19  sdss  5813  82N  1 
   32  53679.319337  1  22.261  0.161  0.053  0.169   4.420e+00   6.547e-01   2.169e-01   6.883e-01  28  sdss  5820  82S  1 
   32  53679.316020  2  22.561  0.309  0.149  0.146   3.361e+00   9.631e-01   4.764e-01   4.652e-01  30  sdss  5820  82S  1 
    0  53679.316849  3  22.008  0.290  0.182  0.124   5.545e+00   1.489e+00   9.535e-01   6.517e-01  30  sdss  5820  82S  1 
   32  53679.318508  4  22.580  0.887  0.500  0.541   1.245e+00   4.895e+00   2.505e+00   2.710e+00  25  sdss  5820  82S  1 
  160  53679.317678  0  22.698  0.697  0.069  0.800   3.135e+00   1.836e+00   1.998e-01   2.329e+00  19  sdss  5820  82S  1 
   32  53680.267147  1  22.474  0.161  0.069  0.101   3.623e+00   5.366e-01   2.310e-01   3.405e-01  28  sdss  5823  82N  1 
    0  53680.263830  2  22.273  0.190  0.024  0.065   4.411e+00   7.779e-01   9.896e-02   2.665e-01  30  sdss  5823  82N  1 
    0  53680.264659  3  22.338  0.301  0.050  0.086   4.046e+00   1.153e+00   1.938e-01   3.350e-01  30  sdss  5823  82N  1 
    0  53680.266318  4  21.512  0.390  0.172  0.165   8.157e+00   3.412e+00   1.537e+00   1.475e+00  25  sdss  5823  82N  1 
  160  53680.265488  0  22.432  0.422  0.022  0.393   4.048e+00   1.487e+00   8.119e-02   1.446e+00  19  sdss  5823  82N  1 
   32  53681.310697  1  22.658  0.226  0.071  0.129   3.049e+00   6.356e-01   2.021e-01   3.661e-01  28  sdss  5836  82S  1 
   56  53681.307380  2  22.680  0.365  1.034  0.122   3.000e+00   1.013e+00   2.967e+00   3.493e-01  30  sdss  5836  82S  1 
    0  53681.308209  3  22.371  0.355  0.135  0.109   3.919e+00   1.310e+00   5.150e-01   4.125e-01  30  sdss  5836  82S  1 
   32  53681.309868  4  22.734  0.788  0.315  0.338   4.800e-01   4.199e+00   1.541e+00   1.654e+00  25  sdss  5836  82S  1 
   32  53681.309039  0  22.807  0.784  0.046  0.623   2.819e+00   1.851e+00   1.213e-01   1.653e+00  19  sdss  5836  82S  1 
   33  53685.269444  1  23.094  1.523  0.436  0.404   2.013e+00   2.151e+00   8.417e-01   7.805e-01  28  sdss  5853  82S  1 
    1  53685.266127  2  21.859  0.329  0.113  0.090   6.493e+00   1.922e+00   6.802e-01   5.444e-01  30  sdss  5853  82S  1 
   33  53685.266956  3  22.926  1.009  0.229  0.260   2.241e+00   2.138e+00   5.439e-01   6.180e-01  30  sdss  5853  82S  1 
    0  53685.268615  4  23.347  0.902  0.508  0.453  -2.600e+00   5.229e+00   2.759e+00   2.461e+00  25  sdss  5853  82S  1 
  137  53685.267786  0  25.350  2.260  1.780  2.277  -7.078e-01   4.200e+00   2.047e+00   2.619e+00  19  sdss  5853  82S  1 
   33  53693.268134  1  23.019  0.725  0.169  0.251   2.163e+00   1.334e+00   3.480e-01   5.171e-01  28  sdss  5878  82N  1 
    1  53693.264817  2  22.205  0.260  0.080  0.068   4.702e+00   1.120e+00   3.512e-01   3.000e-01  30  sdss  5878  82N  1 
    0  53693.265646  3  22.224  0.315  0.082  0.079   4.515e+00   1.329e+00   3.543e-01   3.395e-01  30  sdss  5878  82N  1 
    0  53693.267305  4  21.654  0.543  0.161  0.251   6.949e+00   4.223e+00   1.292e+00   2.011e+00  25  sdss  5878  82N  1 
 1161  53693.266476  0  21.767  0.494  0.179  0.232   7.559e+00   3.104e+00   1.197e+00   1.551e+00  19  sdss  5878  82N  1 
    8  53697.266664  1  22.057  0.155  0.160  0.075   5.342e+00   7.562e-01   7.860e-01   3.699e-01  28  sdss  5895  82S  1 
    0  53697.263347  2  22.551  0.278  0.107  0.094   3.393e+00   8.782e-01   3.429e-01   3.035e-01  30  sdss  5895  82S  1 
    0  53697.264177  3  22.318  0.329  0.119  0.097   4.125e+00   1.277e+00   4.725e-01   3.879e-01  30  sdss  5895  82S  1 
   32  53697.265835  4  22.054  0.590  0.344  0.254   4.130e+00   3.647e+00   2.126e+00   1.569e+00  25  sdss  5895  82S  1 
  160  53697.265006  0  23.075  0.955  0.060  0.704   2.155e+00   1.788e+00   1.283e-01   1.493e+00  19  sdss  5895  82S  1 
   32  53698.265152  1  22.347  0.175  0.150  0.189   4.080e+00   6.538e-01   5.665e-01   7.119e-01  28  sdss  5898  82N  1 
    0  53698.261836  2  22.272  0.210  0.089  0.093   4.415e+00   8.589e-01   3.697e-01   3.860e-01  30  sdss  5898  82N  1 
    0  53698.262665  3  22.047  0.262  0.086  0.103   5.344e+00   1.304e+00   4.378e-01   5.211e-01  30  sdss  5898  82N  1 
   32  53698.264323  4  22.599  0.829  0.198  0.531   1.149e+00   4.508e+00   9.893e-01   2.650e+00  25  sdss  5898  82N  1 
  160  53698.263494  0  22.486  0.536  0.115  0.658   3.844e+00   1.755e+00   4.042e-01   2.303e+00  19  sdss  5898  82N  1 
    0  53699.288571  1  22.329  0.150  0.049  0.094   4.148e+00   5.716e-01   1.895e-01   3.623e-01  28  sdss  5902  82N  1 
    0  53699.285254  2  22.368  0.224  0.021  0.068   4.034e+00   8.374e-01   7.897e-02   2.592e-01  30  sdss  5902  82N  1 
    0  53699.286083  3  22.635  0.421  0.094  0.110   3.023e+00   1.227e+00   2.848e-01   3.328e-01  30  sdss  5902  82N  1 
    0  53699.287741  4  21.435  0.446  0.253  0.165   8.858e+00   4.099e+00   2.402e+00   1.563e+00  25  sdss  5902  82N  1 
  160  53699.286912  0  22.425  0.485  0.078  0.408   4.075e+00   1.694e+00   2.868e-01   1.510e+00  19  sdss  5902  82N  1 
   32  53700.265325  1  23.064  0.351  0.050  0.361   2.072e+00   6.769e-01   9.898e-02   7.155e-01  28  sdss  5905  82S  1 
   32  53700.262008  2  22.890  0.421  0.059  0.238   2.448e+00   9.650e-01   1.418e-01   5.691e-01  30  sdss  5905  82S  1 
   32  53700.262837  3  23.005  0.682  0.310  0.283   2.059e+00   1.434e+00   6.932e-01   6.325e-01  30  sdss  5905  82S  1 
    0  53700.264495  4  21.265  0.471  0.242  0.247   1.059e+01   4.916e+00   2.634e+00   2.682e+00  25  sdss  5905  82S  1 
   32  53700.263666  0  22.537  0.685  0.094  0.835   3.660e+00   2.070e+00   3.143e-01   2.797e+00  19  sdss  5905  82S  1 
   32  53704.250541  1  22.471  0.206  0.055  0.254   3.633e+00   6.867e-01   1.864e-01   8.570e-01  28  sdss  5918  82N  1 
   32  53704.247225  2  22.483  0.331  0.107  0.274   3.619e+00   1.100e+00   3.676e-01   9.352e-01  30  sdss  5918  82N  1 
   32  53704.248054  3  22.586  0.509  0.393  0.274   3.174e+00   1.522e+00   1.239e+00   8.633e-01  30  sdss  5918  82N  1 
    0  53704.249712  4  21.277  0.536  0.388  0.347   1.046e+01   5.488e+00   4.175e+00   3.739e+00  25  sdss  5918  82N  1 
   40  53704.248883  0  22.477  0.564  0.566  0.806   3.878e+00   1.850e+00   1.999e+00   2.848e+00  19  sdss  5918  82N  1 
   32  53705.251785  1  23.100  0.324  0.204  0.271   2.001e+00   6.070e-01   3.925e-01   5.214e-01  28  sdss  5924  82S  1 
    0  53705.248468  2  22.436  0.232  0.037  0.103   3.784e+00   8.176e-01   1.308e-01   3.687e-01  30  sdss  5924  82S  1 
    0  53705.249298  3  22.272  0.290  0.105  0.104   4.312e+00   1.177e+00   4.361e-01   4.326e-01  30  sdss  5924  82S  1 
    0  53705.250956  4  21.503  0.429  0.318  0.240   8.237e+00   3.760e+00   2.859e+00   2.161e+00  25  sdss  5924  82S  1 
   32  53705.250127  0  22.138  0.373  0.020  0.406   5.343e+00   1.718e+00   9.723e-02   1.938e+00  19  sdss  5924  82S  1 
