# SDSS CID:  16781 IAU: 2006qb   RA:  52.060978 DEC:  -0.201000  (J2000)
# GALAXY_SB [ugriz] = [ 24.80 24.83 24.55 24.07 22.70 ] +/- [  0.28  0.08  0.08  0.07  0.07 ] (asinh mag/square arcsec)
# GALAXY_SB_FLUX [ugriz] = [ -1.592E-01  1.681E-01  2.052E-01  3.498E-01  6.154E-01 ] +/- [  2.782E-01  5.169E-02  6.230E-02  8.377E-02  3.538E-01 ] (microJy per square arcsec)
#FLAG  MJD       FILT  MAG     MERR  MSKYERR MGALERR  FLUX       FLUXERR    SKYERR     GALERR    NPRE TELE   RUN  STRIP  IDCCD
    1  53989.455777  1  25.349  1.484  0.324  0.277  -1.367e-01   1.178e+00   1.952e-01   1.670e-01  21  sdss  6314  82N  3 
    1  53989.452459  2  22.356  0.301  0.048  0.040   4.081e+00   1.130e+00   1.852e-01   1.552e-01  22  sdss  6314  82N  3 
   33  53989.453289  3  23.403  0.801  0.162  0.111   1.289e+00   1.316e+00   2.718e-01   1.858e-01  22  sdss  6314  82N  3 
    0  53989.454948  4  22.889  0.658  0.220  0.187  -2.767e-01   3.411e+00   1.076e+00   9.147e-01  24  sdss  6314  82N  3 
    1  53989.454118  0  27.142  0.653  0.057  0.231  -5.092e+00   2.714e+00   2.615e-01   1.063e+00  9  sdss  6314  82N  3 
   32  54000.432003  1  24.943  0.949  1.109  0.975   1.034e-01   6.364e-01   6.613e-01   5.811e-01  21  sdss  6383  82N  3 
   32  54000.428685  2  23.589  0.684  0.524  0.490   1.184e+00   8.814e-01   7.091e-01   6.626e-01  22  sdss  6383  82N  3 
  128  54000.429514  3  25.835  0.578  0.651  0.358  -2.330e+00   1.345e+00   1.600e+00   8.801e-01  22  sdss  6383  82N  3 
   32  54000.431173  4  22.107  0.733  0.761  0.510   3.809e+00   4.464e+00   4.580e+00   3.074e+00  24  sdss  6383  82N  3 
    2  54000.430344  0  26.320  0.946  0.099  1.899  -2.298e+00   1.864e+00   2.233e-01   4.278e+00  9  sdss  6383  82N  3 
    0  54007.482797  1  25.214  0.734  0.192  0.405  -5.625e-02   4.668e-01   1.135e-01   2.396e-01  21  sdss  6414  82N  3 
    0  54007.479480  2  25.323  0.755  0.280  0.240  -4.320e-01   7.030e-01   2.499e-01   2.140e-01  22  sdss  6414  82N  3 
   32  54007.480309  3  24.332  0.849  0.506  0.220   3.522e-02   1.111e+00   5.996e-01   2.603e-01  22  sdss  6414  82N  3 
   32  54007.481968  4  22.255  0.657  0.247  0.223   2.951e+00   3.762e+00   1.381e+00   1.246e+00  24  sdss  6414  82N  3 
  128  54007.481139  0  25.104  1.171  0.091  1.299  -4.370e-01   1.407e+00   9.531e-02   1.355e+00  9  sdss  6414  82N  3 
   32  54009.406525  1  24.974  0.658  0.212  0.253   8.539e-02   4.142e-01   1.258e-01   1.505e-01  21  sdss  6421  82N  3 
    0  54009.403208  2  24.987  0.726  0.135  0.186  -1.484e-01   6.305e-01   1.094e-01   1.504e-01  22  sdss  6421  82N  3 
   32  54009.404037  3  23.727  0.702  0.177  0.136   7.961e-01   9.991e-01   2.466e-01   1.890e-01  22  sdss  6421  82N  3 
   32  54009.405696  4  22.352  0.537  0.253  0.153   2.423e+00   2.949e+00   1.357e+00   8.196e-01  24  sdss  6421  82N  3 
    8  54009.404867  0  25.733  0.876  0.246  0.656  -1.209e+00   1.222e+00   3.545e-01   9.459e-01  9  sdss  6421  82N  3 
    0  54011.471188  1  25.538  0.635  0.117  0.246  -2.535e-01   4.174e-01   7.416e-02   1.554e-01  21  sdss  6430  82N  3 
   32  54011.467871  2  24.654  0.721  0.185  0.176   1.185e-01   6.224e-01   1.491e-01   1.421e-01  22  sdss  6430  82N  3 
   32  54011.468700  3  23.754  0.689  0.167  0.123   7.588e-01   9.708e-01   2.303e-01   1.686e-01  22  sdss  6430  82N  3 
   32  54011.470359  4  22.516  0.523  0.209  0.154   1.568e+00   2.746e+00   1.065e+00   7.862e-01  24  sdss  6430  82N  3 
  128  54011.469529  0  25.311  0.990  0.101  0.740  -6.628e-01   1.190e+00   1.148e-01   8.377e-01  9  sdss  6430  82N  3 
    0  54012.484267  1  25.813  0.663  0.485  0.381  -4.375e-01   4.778e-01   3.453e-01   2.708e-01  21  sdss  6435  82N  3 
    0  54012.480950  2  25.165  0.862  0.498  0.374  -2.951e-01   7.874e-01   4.207e-01   3.160e-01  22  sdss  6435  82N  3 
   32  54012.481779  3  23.087  0.617  0.276  0.211   1.880e+00   1.239e+00   5.796e-01   4.438e-01  22  sdss  6435  82N  3 
    0  54012.483438  4  23.285  0.695  0.481  0.287  -2.270e+00   3.846e+00   2.553e+00   1.526e+00  24  sdss  6435  82N  3 
    0  54012.482608  0  23.595  1.147  0.084  1.301   1.214e+00   1.614e+00   1.216e-01   1.881e+00  9  sdss  6435  82N  3 
   25  54019.466892  1  26.190  1.202  4.935  0.247  -7.383e-01   1.043e+00   4.418e+00   2.208e-01  21  sdss  6444  82N  3 
    1  54019.463575  2  24.945  1.109  0.553  0.281  -1.144e-01   1.051e+00   4.456e-01   2.266e-01  22  sdss  6444  82N  3 
    0  54019.464404  3  24.999  0.903  0.526  0.193  -7.980e-01   1.316e+00   7.339e-01   2.690e-01  22  sdss  6444  82N  3 
    8  54019.466063  4  23.908  0.531  0.437  0.151  -6.148e+00   3.888e+00   3.276e+00   1.134e+00  24  sdss  6444  82N  3 
    1  54019.465234  0  26.546  1.184  0.175  0.483  -2.879e+00   2.605e+00   4.767e-01   1.316e+00  9  sdss  6444  82N  3 
 1177  54021.475912  1  25.973  1.029  5.864  0.369  -5.567e-01   8.108e-01   4.560e+00   2.873e-01  21  sdss  6450  82N  3 
   32  54021.472595  2  24.336  1.025  0.514  0.404   3.835e-01   9.880e-01   4.496e-01   3.533e-01  22  sdss  6450  82N  3 
 1208  54021.473424  3  22.798  0.559  5.973  0.226   2.563e+00   1.401e+00   1.580e+01   5.985e-01  22  sdss  6450  82N  3 
 1176  54021.475083  4  23.787  0.602  3.743  0.216  -5.275e+00   4.088e+00   2.586e+01   1.489e+00  24  sdss  6450  82N  3 
    9  54021.474254  0  23.034  1.326  1.703  0.896   2.246e+00   2.437e+00   3.761e+00   1.980e+00  9  sdss  6450  82N  3 
   32  54025.470885  1  25.108  0.871  0.574  0.590   6.171e-03   5.694e-01   3.383e-01   3.475e-01  21  sdss  6461  82N  3 
    0  54025.467567  2  25.294  0.957  0.202  0.429  -4.062e-01   9.141e-01   1.781e-01   3.782e-01  22  sdss  6461  82N  3 
   32  54025.468397  3  23.942  0.910  0.445  0.338   5.096e-01   1.258e+00   5.671e-01   4.304e-01  22  sdss  6461  82N  3 
   32  54025.470055  4  22.378  0.714  0.470  0.312   2.285e+00   3.966e+00   2.500e+00   1.661e+00  24  sdss  6461  82N  3 
    8  54025.469226  0  23.405  1.221  1.011  1.409   1.515e+00   1.867e+00   1.672e+00   2.329e+00  9  sdss  6461  82N  3 
    0  54029.481153  1  25.131  0.835  0.333  0.573  -7.485e-03   5.416e-01   1.962e-01   3.374e-01  21  sdss  6476  82N  3 
   32  54029.477836  2  23.851  0.747  0.166  0.248   8.611e-01   8.248e-01   1.873e-01   2.795e-01  22  sdss  6476  82N  3 
   32  54029.478665  3  23.393  0.752  0.185  0.196   1.306e+00   1.243e+00   3.127e-01   3.319e-01  22  sdss  6476  82N  3 
    0  54029.480324  4  23.546  0.735  0.265  0.253  -3.732e+00   4.455e+00   1.586e+00   1.513e+00  24  sdss  6476  82N  3 
    0  54029.479495  0  23.754  1.333  0.233  1.369   9.906e-01   1.826e+00   3.039e-01   1.788e+00  9  sdss  6476  82N  3 
   32  54031.388625  1  24.297  0.591  0.191  0.280   5.309e-01   4.493e-01   1.456e-01   2.137e-01  21  sdss  6484  82N  3 
   32  54031.385308  2  24.622  0.810  0.330  0.275   1.444e-01   7.146e-01   2.671e-01   2.230e-01  22  sdss  6484  82N  3 
   32  54031.386137  3  23.472  0.708  0.299  0.166   1.176e+00   1.125e+00   4.800e-01   2.667e-01  22  sdss  6484  82N  3 
    0  54031.387795  4  23.252  0.648  0.310  0.214  -2.097e+00   3.540e+00   1.630e+00   1.125e+00  24  sdss  6484  82N  3 
    0  54031.386966  0  23.067  0.703  0.066  0.600   2.171e+00   1.395e+00   1.426e-01   1.290e+00  9  sdss  6484  82N  3 
   32  54036.393132  1  24.964  0.824  0.358  0.733   9.078e-02   5.365e-01   2.129e-01   4.356e-01  21  sdss  6504  82N  3 
    0  54036.389815  2  26.049  0.707  0.176  0.360  -1.231e+00   9.299e-01   2.442e-01   4.991e-01  22  sdss  6504  82N  3 
  128  54036.390644  3  26.048  0.495  0.230  0.195  -2.901e+00   1.382e+00   6.735e-01   5.710e-01  22  sdss  6504  82N  3 
    0  54036.392303  4  23.208  0.817  0.366  0.389  -1.869e+00   4.535e+00   1.895e+00   2.011e+00  24  sdss  6504  82N  3 
  128  54036.391473  0  24.799  1.378  0.160  2.986  -1.298e-01   1.727e+00   1.564e-01   2.913e+00  9  sdss  6504  82N  3 
   32  54039.391519  1  24.467  0.663  0.285  0.359   4.069e-01   4.700e-01   1.981e-01   2.500e-01  21  sdss  6513  82N  3 
   32  54039.388202  2  23.338  0.500  0.184  0.185   1.558e+00   7.880e-01   3.023e-01   3.042e-01  22  sdss  6513  82N  3 
   32  54039.389031  3  23.563  0.768  0.363  0.227   1.034e+00   1.172e+00   5.528e-01   3.457e-01  22  sdss  6513  82N  3 
    0  54039.390690  4  23.726  0.574  0.157  0.207  -4.865e+00   3.772e+00   1.044e+00   1.377e+00  24  sdss  6513  82N  3 
    8  54039.389861  0  25.220  1.218  0.704  1.600  -5.611e-01   1.508e+00   7.660e-01   1.741e+00  9  sdss  6513  82N  3 
    1  54041.362270  1  23.908  1.010  0.262  0.203   8.690e-01   9.295e-01   2.590e-01   2.005e-01  21  sdss  6524  82N  3 
   41  54041.358953  2  23.899  0.848  0.590  0.165   8.079e-01   9.159e-01   6.444e-01   1.803e-01  22  sdss  6524  82N  3 
   32  54041.359782  3  23.513  0.786  0.192  0.140   1.111e+00   1.226e+00   3.011e-01   2.190e-01  22  sdss  6524  82N  3 
    0  54041.361441  4  23.519  0.642  0.180  0.212  -3.574e+00   3.830e+00   1.060e+00   1.248e+00  24  sdss  6524  82N  3 
    9  54041.360612  0  23.830  1.572  0.843  1.017   8.921e-01   2.249e+00   1.054e+00   1.271e+00  9  sdss  6524  82N  3 
    1  54048.412871  1  23.079  0.649  0.190  0.140   2.042e+00   1.158e+00   3.711e-01   2.734e-01  21  sdss  6534  82N  3 
    1  54048.409554  2  22.535  0.340  0.070  0.076   3.446e+00   1.081e+00   2.284e-01   2.476e-01  22  sdss  6534  82N  3 
   32  54048.410383  3  22.876  0.551  0.164  0.124   2.364e+00   1.301e+00   4.071e-01   3.082e-01  22  sdss  6534  82N  3 
   32  54048.412042  4  22.767  0.710  0.446  0.272   3.196e-01   3.721e+00   2.180e+00   1.330e+00  24  sdss  6534  82N  3 
    1  54048.411213  0  24.777  2.100  0.209  2.136  -1.084e-01   3.562e+00   2.031e-01   2.080e+00  9  sdss  6534  82N  3 
    1  54052.390444  1  22.404  0.250  0.230  0.171   3.868e+00   8.820e-01   8.236e-01   6.142e-01  21  sdss  6552  82N  3 
   32  54052.387127  2  22.512  0.333  0.091  0.181   3.522e+00   1.081e+00   3.059e-01   6.068e-01  22  sdss  6552  82N  3 
   32  54052.387957  3  22.315  0.401  0.333  0.195   4.138e+00   1.544e+00   1.331e+00   7.809e-01  22  sdss  6552  82N  3 
   32  54052.389615  4  21.913  0.773  0.573  0.401   5.044e+00   5.141e+00   3.871e+00   2.708e+00  24  sdss  6552  82N  3 
  128  54052.388786  0  24.754  1.674  0.359  3.143  -8.617e-02   2.346e+00   3.489e-01   3.055e+00  9  sdss  6552  82N  3 
    0  54055.402085  1  22.587  0.195  0.064  0.132   3.259e+00   5.864e-01   1.950e-01   4.008e-01  21  sdss  6565  82N  3 
    0  54055.398768  2  21.902  0.176  0.085  0.095   6.239e+00   1.015e+00   4.966e-01   5.496e-01  22  sdss  6565  82N  3 
 1184  54055.399597  3  22.139  0.298  0.116  0.105   4.899e+00   1.364e+00   5.425e-01   4.898e-01  22  sdss  6565  82N  3 
   32  54055.401256  4  22.584  0.868  0.532  0.446   1.222e+00   4.769e+00   2.662e+00   2.231e+00  24  sdss  6565  82N  3 
    0  54055.400427  0  23.568  1.336  0.179  1.641   1.254e+00   1.935e+00   2.638e-01   2.415e+00  9  sdss  6565  82N  3 
    0  54058.384750  1  22.512  0.189  0.173  0.150   3.496e+00   6.091e-01   5.612e-01   4.864e-01  21  sdss  6577  82N  3 
    0  54058.381433  2  22.164  0.222  0.133  0.123   4.887e+00   1.000e+00   6.068e-01   5.633e-01  22  sdss  6577  82N  3 
 1184  54058.382262  3  22.331  0.408  0.321  0.203   4.076e+00   1.549e+00   1.267e+00   7.999e-01  22  sdss  6577  82N  3 
    0  54058.383921  4  22.911  0.887  0.559  0.422  -3.835e-01   4.828e+00   2.731e+00   2.061e+00  24  sdss  6577  82N  3 
    0  54058.383091  0  25.837  1.235  0.318  1.512  -1.367e+00   1.819e+00   4.937e-01   2.344e+00  9  sdss  6577  82N  3 
    0  54060.406806  1  22.631  0.215  0.125  0.160   3.127e+00   6.194e-01   3.655e-01   4.659e-01  21  sdss  6584  82N  3 
    0  54060.403489  2  22.061  0.174  0.035  0.066   5.381e+00   8.693e-01   1.745e-01   3.321e-01  22  sdss  6584  82N  3 
   32  54060.404318  3  21.898  0.218  0.121  0.060   6.153e+00   1.251e+00   7.043e-01   3.505e-01  22  sdss  6584  82N  3 
   32  54060.405977  4  21.087  0.379  0.084  0.132   1.269e+01   4.682e+00   1.074e+00   1.684e+00  24  sdss  6584  82N  3 
    0  54060.405148  0  25.552  1.309  0.556  1.490  -9.577e-01   1.774e+00   7.157e-01   1.918e+00  9  sdss  6584  82N  3 
    0  54065.383141  1  22.913  0.270  0.145  0.207   2.394e+00   6.013e-01   3.288e-01   4.696e-01  21  sdss  6609  82N  3 
    0  54065.379824  2  21.954  0.172  0.084  0.086   5.944e+00   9.471e-01   4.630e-01   4.761e-01  22  sdss  6609  82N  3 
   32  54065.380653  3  21.799  0.230  0.116  0.083   6.753e+00   1.440e+00   7.368e-01   5.276e-01  22  sdss  6609  82N  3 
   32  54065.382312  4  21.869  0.762  0.150  0.299   5.343e+00   5.179e+00   1.041e+00   2.080e+00  24  sdss  6609  82N  3 
    8  54065.381482  0  23.351  1.204  0.729  1.543   1.608e+00   1.887e+00   1.254e+00   2.654e+00  9  sdss  6609  82N  3 
