# SDSS CID:   9199 IAU:          RA: 337.619415 DEC:   1.022250  (J2000)
# GALAXY_SB [ugriz] = [ 22.94 22.19 21.04 20.51 20.07 ] +/- [  0.00  0.00  0.00  0.00  0.00 ] (asinh mag/square arcsec)
# GALAXY_SB_FLUX [ugriz] = [  2.389E+00  4.707E+00  1.383E+01  2.230E+01  3.344E+01 ] +/- [  0.000E+00  0.000E+00  0.000E+00  0.000E+00  0.000E+00 ] (microJy per square arcsec)
#FLAG  MJD       FILT  MAG     MERR  MSKYERR MGALERR  FLUX       FLUXERR    SKYERR     GALERR    NPRE TELE   RUN  STRIP  IDCCD
  290  53622.266759  1  22.491  0.260  0.330  0.000   3.565e+00   8.494e-01   1.099e+00   0.000e+00  11  sdss  5582  82S  6 
  288  53622.263441  2  22.862  0.482  0.211  0.000   2.517e+00   1.127e+00   5.190e-01   0.000e+00  11  sdss  5582  82S  6 
  288  53622.264271  3  22.560  0.594  0.314  0.000   3.258e+00   1.790e+00   1.016e+00   0.000e+00  11  sdss  5582  82S  6 
  256  53622.265929  4  23.073  1.166  1.141  0.000  -1.179e+00   6.909e+00   5.700e+00   0.000e+00  11  sdss  5582  82S  6 
  416  53622.265100  0  22.647  0.802  0.124  0.000   3.293e+00   2.166e+00   3.821e-01   0.000e+00  9  sdss  5582  82S  6 
  288  53625.262866  1  22.714  0.210  0.085  0.000   2.891e+00   5.654e-01   2.321e-01   0.000e+00  11  sdss  5597  82S  6 
  288  53625.259549  2  22.809  0.337  0.111  0.000   2.650e+00   8.472e-01   2.855e-01   0.000e+00  11  sdss  5597  82S  6 
  288  53625.260379  3  22.736  0.494  0.125  0.000   2.731e+00   1.317e+00   3.502e-01   0.000e+00  11  sdss  5597  82S  6 
  288  53625.262037  4  22.119  0.694  0.345  0.000   3.738e+00   4.196e+00   2.061e+00   0.000e+00  11  sdss  5597  82S  6 
  264  53625.261208  0  22.357  0.375  0.224  0.000   4.345e+00   1.437e+00   8.893e-01   0.000e+00  9  sdss  5597  82S  6 
  289  53627.223615  1  23.859  1.382  0.485  0.000   9.194e-01   1.311e+00   4.990e-01   0.000e+00  11  sdss  5607  82S  6 
  289  53627.220298  2  22.909  0.576  0.191  0.000   2.404e+00   1.268e+00   4.507e-01   0.000e+00  11  sdss  5607  82S  6 
  288  53627.221127  3  22.276  0.454  0.184  0.000   4.296e+00   1.795e+00   7.614e-01   0.000e+00  11  sdss  5607  82S  6 
  288  53627.222785  4  21.635  0.691  0.350  0.000   7.101e+00   5.392e+00   2.860e+00   0.000e+00  11  sdss  5607  82S  6 
  257  53627.221956  0  22.454  0.965  0.265  0.000   3.966e+00   2.913e+00   9.666e-01   0.000e+00  9  sdss  5607  82S  6 
  291  53634.215962  1  22.718  1.017  0.593  0.000   2.880e+00   2.216e+00   1.607e+00   0.000e+00  11  sdss  5619  82S  6 
  291  53634.212645  2  22.893  1.202  0.809  0.000   2.442e+00   2.292e+00   1.938e+00   0.000e+00  11  sdss  5619  82S  6 
  290  53634.213474  3  22.509  0.873  0.651  0.000   3.426e+00   2.565e+00   2.203e+00   0.000e+00  11  sdss  5619  82S  6 
  258  53634.215133  4  24.751  0.653  0.968  0.000  -1.504e+01   8.809e+00   1.427e+01   0.000e+00  11  sdss  5619  82S  6 
  257  53634.214303  0  26.872  2.644  1.299  0.000  -3.945e+00   7.035e+00   4.715e+00   0.000e+00  9  sdss  5619  82S  6 
  289  53636.221364  1  23.105  0.418  0.165  0.000   1.991e+00   7.708e-01   3.172e-01   0.000e+00  11  sdss  5628  82S  6 
  296  53636.218047  2  22.503  0.322  0.283  0.000   3.552e+00   1.061e+00   9.556e-01   0.000e+00  11  sdss  5628  82S  6 
  288  53636.218876  3  23.233  0.911  0.686  0.000   1.591e+00   1.632e+00   1.296e+00   0.000e+00  11  sdss  5628  82S  6 
  256  53636.220534  4  22.886  0.881  0.731  0.000  -2.578e-01   4.785e+00   3.570e+00   0.000e+00  11  sdss  5628  82S  6 
  257  53636.219705  0  23.061  1.091  0.089  0.000   2.185e+00   2.030e+00   1.934e-01   0.000e+00  9  sdss  5628  82S  6 
 1444  53648.263186  1  22.837  0.357  0.493  0.000   2.574e+00   8.428e-01   1.201e+00   0.000e+00  11  sdss  5698  82S  6 
  288  53648.259869  2  22.580  0.373  0.219  0.000   3.301e+00   1.138e+00   6.903e-01   0.000e+00  11  sdss  5698  82S  6 
  288  53648.260698  3  22.836  0.748  0.647  0.000   2.465e+00   1.761e+00   1.662e+00   0.000e+00  11  sdss  5698  82S  6 
  288  53648.262357  4  21.154  0.512  0.138  0.000   1.186e+01   5.840e+00   1.658e+00   0.000e+00  11  sdss  5698  82S  6 
  260  53648.261528  0  22.333  0.569  0.229  0.000   4.446e+00   2.137e+00   9.294e-01   0.000e+00  9  sdss  5698  82S  6 
  289  53655.192281  1  22.166  0.292  0.166  0.000   4.826e+00   1.277e+00   7.405e-01   0.000e+00  11  sdss  5713  82S  6 
  289  53655.188964  2  22.347  0.428  0.195  0.000   4.115e+00   1.590e+00   7.586e-01   0.000e+00  11  sdss  5713  82S  6 
  288  53655.189793  3  22.111  0.474  0.283  0.000   5.030e+00   2.154e+00   1.357e+00   0.000e+00  11  sdss  5713  82S  6 
  288  53655.191452  4  21.426  0.667  0.555  0.000   8.946e+00   6.018e+00   5.331e+00   0.000e+00  11  sdss  5713  82S  6 
  257  53655.190622  0  21.503  0.401  0.079  0.000   9.651e+00   3.308e+00   6.759e-01   0.000e+00  9  sdss  5713  82S  6 
  289  53664.216858  1  22.524  0.434  0.148  0.000   3.457e+00   1.333e+00   4.759e-01   0.000e+00  11  sdss  5754  82S  6 
  289  53664.213543  2  22.392  0.356  0.110  0.000   3.945e+00   1.287e+00   4.106e-01   0.000e+00  11  sdss  5754  82S  6 
  288  53664.214370  3  23.912  1.298  0.641  0.000   5.481e-01   1.985e+00   8.253e-01   0.000e+00  11  sdss  5754  82S  6 
  288  53664.216029  4  21.363  0.663  0.298  0.000   9.564e+00   6.261e+00   3.015e+00   0.000e+00  11  sdss  5754  82S  6 
  257  53664.215200  0  21.917  0.687  0.180  0.000   6.573e+00   3.610e+00   1.064e+00   0.000e+00  9  sdss  5754  82S  6 
  288  53666.180201  1  22.446  0.165  0.055  0.000   3.718e+00   5.657e-01   1.913e-01   0.000e+00  11  sdss  5763  82S  6 
  288  53666.176886  2  22.634  0.326  0.124  0.000   3.136e+00   9.549e-01   3.737e-01   0.000e+00  11  sdss  5763  82S  6 
  288  53666.177715  3  22.647  0.550  0.219  0.000   2.988e+00   1.558e+00   6.593e-01   0.000e+00  11  sdss  5763  82S  6 
  288  53666.179372  4  20.824  0.318  0.026  0.000   1.643e+01   4.955e+00   4.211e-01   0.000e+00  11  sdss  5763  82S  6 
  256  53666.178543  0  22.278  0.376  0.040  0.000   4.683e+00   1.546e+00   1.685e-01   0.000e+00  9  sdss  5763  82S  6 
  288  53669.175560  1  22.403  0.155  0.076  0.000   3.870e+00   5.543e-01   2.725e-01   0.000e+00  11  sdss  5776  82S  6 
  288  53669.172243  2  22.688  0.338  0.129  0.000   2.978e+00   9.424e-01   3.697e-01   0.000e+00  11  sdss  5776  82S  6 
  288  53669.173072  3  22.153  0.334  0.139  0.000   4.833e+00   1.504e+00   6.432e-01   0.000e+00  11  sdss  5776  82S  6 
  288  53669.174731  4  22.027  0.740  0.377  0.000   4.300e+00   4.662e+00   2.374e+00   0.000e+00  11  sdss  5776  82S  6 
  256  53669.173901  0  22.299  0.395  0.109  0.000   4.591e+00   1.588e+00   4.542e-01   0.000e+00  9  sdss  5776  82S  6 
  290  53671.260514  1  22.166  0.242  0.412  0.000   4.826e+00   1.064e+00   1.842e+00   0.000e+00  11  sdss  5786  82S  6 
  418  53671.257197  2  22.223  0.409  0.347  0.000   4.624e+00   1.706e+00   1.512e+00   0.000e+00  11  sdss  5786  82S  6 
  290  53671.258027  3  21.857  0.448  0.584  0.000   6.393e+00   2.570e+00   3.525e+00   0.000e+00  11  sdss  5786  82S  6 
  258  53671.259685  4  23.525  1.412  2.278  0.000  -3.609e+00   9.521e+00   1.346e+01   0.000e+00  11  sdss  5786  82S  6 
  264  53671.258856  0  21.225  0.535  0.779  0.000   1.248e+01   5.508e+00   8.656e+00   0.000e+00  9  sdss  5786  82S  6 
  288  53674.159612  1  22.306  0.145  0.076  0.000   4.236e+00   5.682e-01   3.001e-01   0.000e+00  11  sdss  5797  82S  6 
  288  53674.156295  2  22.425  0.280  0.132  0.000   3.823e+00   9.939e-01   4.785e-01   0.000e+00  11  sdss  5797  82S  6 
  288  53674.157124  3  22.986  0.730  0.283  0.000   2.101e+00   1.550e+00   6.439e-01   0.000e+00  11  sdss  5797  82S  6 
  288  53674.158783  4  21.463  0.490  0.113  0.000   8.597e+00   4.409e+00   1.052e+00   0.000e+00  11  sdss  5797  82S  6 
  264  53674.157953  0  21.813  0.251  0.210  0.000   7.243e+00   1.604e+00   1.365e+00   0.000e+00  9  sdss  5797  82S  6 
  288  53676.248858  1  22.233  0.135  0.051  0.000   4.534e+00   5.632e-01   2.141e-01   0.000e+00  11  sdss  5807  82S  6 
  288  53676.245541  2  22.127  0.196  0.090  0.000   5.058e+00   9.235e-01   4.265e-01   0.000e+00  11  sdss  5807  82S  6 
  288  53676.246370  3  22.069  0.283  0.096  0.000   5.235e+00   1.385e+00   4.807e-01   0.000e+00  11  sdss  5807  82S  6 
  288  53676.248028  4  21.518  0.484  0.217  0.000   8.098e+00   4.185e+00   1.942e+00   0.000e+00  11  sdss  5807  82S  6 
  384  53676.247199  0  22.024  0.330  0.057  0.000   5.948e+00   1.717e+00   3.037e-01   0.000e+00  9  sdss  5807  82S  6 
  288  53679.220425  1  22.246  0.180  0.075  0.000   4.480e+00   7.398e-01   3.115e-01   0.000e+00  11  sdss  5820  82S  6 
  288  53679.217108  2  22.284  0.286  0.243  0.000   4.367e+00   1.153e+00   1.002e+00   0.000e+00  11  sdss  5820  82S  6 
  288  53679.217937  3  22.334  0.457  0.290  0.000   4.063e+00   1.716e+00   1.144e+00   0.000e+00  11  sdss  5820  82S  6 
  288  53679.219596  4  22.483  0.966  0.667  0.000   1.733e+00   5.495e+00   3.424e+00   0.000e+00  11  sdss  5820  82S  6 
  392  53679.218766  0  21.590  0.279  0.350  0.000   8.902e+00   2.170e+00   2.783e+00   0.000e+00  9  sdss  5820  82S  6 
  288  53681.211715  1  22.081  0.116  0.059  0.000   5.223e+00   5.594e-01   2.871e-01   0.000e+00  11  sdss  5836  82S  6 
  288  53681.208398  2  22.257  0.215  0.060  0.000   4.478e+00   8.981e-01   2.529e-01   0.000e+00  11  sdss  5836  82S  6 
  288  53681.209227  3  22.048  0.273  0.085  0.000   5.339e+00   1.361e+00   4.311e-01   0.000e+00  11  sdss  5836  82S  6 
  288  53681.210886  4  21.632  0.487  0.125  0.000   7.125e+00   3.887e+00   1.022e+00   0.000e+00  11  sdss  5836  82S  6 
  256  53681.210056  0  21.770  0.251  0.022  0.000   7.539e+00   1.664e+00   1.519e-01   0.000e+00  9  sdss  5836  82S  6 
  289  53685.170336  1  21.818  0.303  0.069  0.000   6.663e+00   1.813e+00   4.223e-01   0.000e+00  11  sdss  5853  82S  6 
  289  53685.167019  2  22.406  0.554  0.417  0.000   3.893e+00   1.897e+00   1.539e+00   0.000e+00  11  sdss  5853  82S  6 
  313  53685.167848  3  22.380  0.672  1.894  0.000   3.886e+00   2.309e+00   7.171e+00   0.000e+00  11  sdss  5853  82S  6 
  256  53685.169507  4  23.558  0.945  0.527  0.000  -3.805e+00   5.863e+00   3.171e+00   0.000e+00  11  sdss  5853  82S  6 
  257  53685.168678  0  23.168  2.003  0.201  0.000   1.956e+00   3.706e+00   3.997e-01   0.000e+00  9  sdss  5853  82S  6 
  289  53687.208736  1  22.765  0.761  0.207  0.000   2.755e+00   1.730e+00   5.366e-01   0.000e+00  11  sdss  5870  82S  6 
  289  53687.205419  2  22.307  0.462  0.138  0.000   4.273e+00   1.766e+00   5.577e-01   0.000e+00  11  sdss  5870  82S  6 
  289  53687.206248  3  22.327  0.542  0.131  0.000   4.090e+00   2.009e+00   5.189e-01   0.000e+00  11  sdss  5870  82S  6 
  288  53687.207906  4  21.341  0.519  0.206  0.000   9.787e+00   5.099e+00   2.122e+00   0.000e+00  11  sdss  5870  82S  6 
  257  53687.207077  0  21.883  0.931  0.186  0.000   6.785e+00   4.649e+00   1.130e+00   0.000e+00  9  sdss  5870  82S  6 
  288  53697.167252  1  22.414  0.229  0.133  0.000   3.831e+00   8.065e-01   4.734e-01   0.000e+00  11  sdss  5895  82S  6 
  292  53697.163936  2  22.230  0.385  0.189  0.000   4.594e+00   1.602e+00   8.165e-01   0.000e+00  11  sdss  5895  82S  6 
  292  53697.164765  3  22.169  0.486  0.306  0.000   4.760e+00   2.096e+00   1.394e+00   0.000e+00  11  sdss  5895  82S  6 
  260  53697.166423  4  23.098  0.958  0.345  0.000  -1.305e+00   5.386e+00   1.735e+00   0.000e+00  11  sdss  5895  82S  6 
  396  53697.165594  0  21.871  0.403  0.443  0.000   6.861e+00   2.379e+00   2.727e+00   0.000e+00  9  sdss  5895  82S  6 
  288  53700.165854  1  21.970  0.113  0.066  0.000   5.788e+00   6.030e-01   3.544e-01   0.000e+00  11  sdss  5905  82S  6 
  288  53700.162538  2  22.155  0.211  0.082  0.000   4.927e+00   9.657e-01   3.799e-01   0.000e+00  11  sdss  5905  82S  6 
  288  53700.163367  3  22.662  0.543  0.200  0.000   2.943e+00   1.522e+00   5.946e-01   0.000e+00  11  sdss  5905  82S  6 
  288  53700.165025  4  21.646  0.570  0.099  0.000   7.012e+00   4.467e+00   8.025e-01   0.000e+00  11  sdss  5905  82S  6 
  264  53700.164196  0  22.123  0.365  0.198  0.000   5.420e+00   1.728e+00   9.715e-01   0.000e+00  9  sdss  5905  82S  6 
  288  53705.152237  1  22.340  0.171  0.094  0.000   4.105e+00   6.456e-01   3.598e-01   0.000e+00  11  sdss  5924  82S  6 
  288  53705.148921  2  22.478  0.309  0.173  0.000   3.637e+00   1.043e+00   5.978e-01   0.000e+00  11  sdss  5924  82S  6 
  288  53705.149750  3  23.319  0.896  0.468  0.000   1.434e+00   1.536e+00   8.328e-01   0.000e+00  11  sdss  5924  82S  6 
  288  53705.151408  4  22.688  0.853  0.200  0.000   7.104e-01   4.627e+00   9.818e-01   0.000e+00  11  sdss  5924  82S  6 
  264  53705.150579  0  22.320  0.486  0.385  0.000   4.501e+00   1.884e+00   1.582e+00   0.000e+00  9  sdss  5924  82S  6 
