# SDSS CID:   8086 IAU:          RA:  32.086266 DEC:   0.027793  (J2000)
# GALAXY_SB [ugriz] = [ 24.70 24.84 24.47 24.23 22.78 ] +/- [  0.27  0.11  0.10  0.11  0.11 ] (asinh mag/square arcsec)
# GALAXY_SB_FLUX [ugriz] = [ -6.298E-02  1.652E-01  2.701E-01  1.527E-01  2.494E-01 ] +/- [  2.604E-01  6.465E-02  8.223E-02  1.321E-01  5.476E-01 ] (microJy per square arcsec)
#FLAG  MJD       FILT  MAG     MERR  MSKYERR MGALERR  FLUX       FLUXERR    SKYERR     GALERR    NPRE TELE   RUN  STRIP  IDCCD
    0  53622.416176  1  25.368  0.716  0.389  0.492  -1.482e-01   4.610e-01   2.353e-01   2.976e-01  15  sdss  5582  82S  4 
   32  53622.412859  2  24.098  0.763  0.267  0.439   6.024e-01   7.548e-01   2.590e-01   4.262e-01  16  sdss  5582  82S  4 
    0  53622.413688  3  23.452  0.704  0.214  0.306   1.209e+00   1.126e+00   3.470e-01   4.962e-01  13  sdss  5582  82S  4 
    0  53622.415347  4  21.726  0.515  0.348  0.297   6.383e+00   3.834e+00   2.649e+00   2.262e+00  12  sdss  5582  82S  4 
   32  53622.414517  0  23.739  1.169  0.246  1.568   1.011e+00   1.573e+00   3.269e-01   2.084e+00  11  sdss  5582  82S  4 
   32  53627.373432  1  24.766  0.851  0.280  0.978   2.112e-01   5.706e-01   1.736e-01   6.061e-01  15  sdss  5607  82S  4 
   32  53627.370115  2  24.270  0.842  0.415  0.548   4.424e-01   7.958e-01   3.719e-01   4.912e-01  16  sdss  5607  82S  4 
    0  53627.370944  3  22.625  0.417  0.254  0.273   3.054e+00   1.220e+00   7.707e-01   8.280e-01  13  sdss  5607  82S  4 
    0  53627.372603  4  23.959  0.575  0.091  0.529  -6.531e+00   4.308e+00   6.988e-01   4.084e+00  12  sdss  5607  82S  4 
   32  53627.371774  0  23.525  1.076  0.074  1.894   1.320e+00   1.566e+00   1.130e-01   2.905e+00  11  sdss  5607  82S  4 
    1  53634.366342  1  24.458  1.816  0.567  0.754   4.134e-01   1.687e+00   3.967e-01   5.278e-01  15  sdss  5619  82S  4 
    1  53634.363025  2  26.192  1.205  0.642  0.359  -1.439e+00   1.643e+00   9.907e-01   5.535e-01  16  sdss  5619  82S  4 
    1  53634.363854  3  22.575  0.583  0.222  0.229   3.210e+00   1.722e+00   7.035e-01   7.236e-01  13  sdss  5619  82S  4 
    0  53634.365513  4  22.668  0.863  0.777  0.628   8.063e-01   4.695e+00   3.832e+00   3.098e+00  12  sdss  5619  82S  4 
   33  53638.407912  1  24.898  0.856  0.394  0.406   1.306e-01   5.644e-01   2.370e-01   2.439e-01  15  sdss  5637  82S  4 
    0  53638.404595  2  25.956  0.592  0.117  0.198  -1.105e+00   7.383e-01   1.510e-01   2.553e-01  16  sdss  5637  82S  4 
    0  53638.405424  3  23.792  0.790  0.199  0.280   7.058e-01   1.110e+00   2.685e-01   3.772e-01  13  sdss  5637  82S  4 
    0  53638.407082  4  22.342  0.652  0.357  0.292   2.478e+00   3.626e+00   1.923e+00   1.568e+00  12  sdss  5637  82S  4 
   41  53638.406253  0  23.251  0.964  0.479  0.645   1.793e+00   1.636e+00   9.016e-01   1.215e+00  11  sdss  5637  82S  4 
  128  53640.371974  1  23.404  0.393  0.272  0.252   1.483e+00   5.644e-01   4.035e-01   3.731e-01  15  sdss  5646  82S  4 
   32  53640.368656  2  24.379  0.958  0.041  0.452   3.464e-01   9.023e-01   3.567e-02   3.889e-01  16  sdss  5646  82S  4 
    0  53640.369486  3  23.897  0.888  0.366  0.561   5.675e-01   1.233e+00   4.739e-01   7.253e-01  13  sdss  5646  82S  4 
    0  53640.371145  4  22.522  0.733  0.236  0.519   1.534e+00   3.955e+00   1.196e+00   2.632e+00  12  sdss  5646  82S  4 
    0  53640.370315  0  22.752  0.535  0.034  0.566   2.975e+00   1.434e+00   9.599e-02   1.613e+00  11  sdss  5646  82S  4 
    0  53646.433478  1  24.179  0.686  0.333  0.362   6.245e-01   5.543e-01   2.736e-01   2.971e-01  15  sdss  5681  82S  4 
  140  53646.430161  2  22.875  0.406  0.398  0.103   2.487e+00   9.449e-01   9.621e-01   2.478e-01  16  sdss  5681  82S  4 
    8  53646.430990  3  22.650  0.428  0.344  0.117   2.978e+00   1.224e+00   1.020e+00   3.472e-01  13  sdss  5681  82S  4 
    4  53646.432649  4  22.726  0.779  0.498  0.365   5.199e-01   4.145e+00   2.440e+00   1.791e+00  12  sdss  5681  82S  4 
    0  53655.344384  1  22.978  0.239  0.045  0.174   2.250e+00   5.056e-01   9.604e-02   3.728e-01  15  sdss  5713  82S  4 
    0  53655.341067  2  22.628  0.287  0.027  0.150   3.156e+00   8.445e-01   7.959e-02   4.492e-01  16  sdss  5713  82S  4 
  128  53655.341896  3  22.337  0.349  0.037  0.204   4.052e+00   1.319e+00   1.421e-01   7.919e-01  13  sdss  5713  82S  4 
    0  53655.343555  4  23.007  0.765  0.169  0.466  -8.518e-01   4.082e+00   8.358e-01   2.303e+00  12  sdss  5713  82S  4 
    9  53664.369659  1  22.972  0.975  1.347  0.158   2.263e+00   1.740e+00   2.909e+00   3.412e-01  15  sdss  5754  82S  4 
    9  53664.366342  2  21.963  0.383  0.377  0.060   5.893e+00   2.011e+00   2.059e+00   3.271e-01  16  sdss  5754  82S  4 
   25  53664.367171  3  22.112  0.523  1.795  0.111   5.027e+00   2.326e+00   8.525e+00   5.290e-01  13  sdss  5754  82S  4 
    5  53664.368830  4  22.148  1.166  1.231  0.387   3.566e+00   7.398e+00   7.224e+00   2.274e+00  12  sdss  5754  82S  4 
    1  53665.434003  1  22.517  0.292  0.059  0.073   3.479e+00   9.259e-01   1.905e-01   2.384e-01  15  sdss  5760  82S  4 
    1  53665.430686  2  22.509  0.329  0.085  0.089   3.534e+00   1.068e+00   2.829e-01   2.959e-01  16  sdss  5760  82S  4 
  129  53665.431515  3  21.684  0.209  0.032  0.053   7.522e+00   1.444e+00   2.222e-01   3.669e-01  13  sdss  5760  82S  4 
    1  53665.433173  4  21.769  0.619  0.147  0.206   6.059e+00   4.453e+00   1.088e+00   1.520e+00  12  sdss  5760  82S  4 
    1  53665.432344  0  26.251  1.534  0.107  0.599  -2.143e+00   2.755e+00   2.320e-01   1.293e+00  11  sdss  5760  82S  4 
    0  53669.328734  1  22.682  0.219  0.167  0.163   2.980e+00   6.039e-01   4.677e-01   4.563e-01  15  sdss  5776  82S  4 
    0  53669.325417  2  22.092  0.177  0.012  0.097   5.226e+00   8.545e-01   5.938e-02   4.708e-01  16  sdss  5776  82S  4 
    0  53669.326246  3  21.809  0.211  0.084  0.121   6.691e+00   1.302e+00   5.264e-01   7.560e-01  13  sdss  5776  82S  4 
    0  53669.327905  4  21.190  0.392  0.066  0.276   1.143e+01   4.396e+00   7.628e-01   3.194e+00  12  sdss  5776  82S  4 
   32  53669.327076  0  23.358  0.937  0.131  1.315   1.597e+00   1.496e+00   2.280e-01   2.281e+00  11  sdss  5776  82S  4 
  128  53671.413413  1  22.566  0.210  0.093  0.125   3.324e+00   6.456e-01   2.881e-01   3.897e-01  15  sdss  5786  82S  4 
    0  53671.410096  2  22.140  0.176  0.022  0.056   4.997e+00   8.130e-01   1.009e-01   2.614e-01  16  sdss  5786  82S  4 
    0  53671.410925  3  22.011  0.227  0.050  0.073   5.532e+00   1.165e+00   2.617e-01   3.806e-01  13  sdss  5786  82S  4 
  128  53671.412584  4  20.666  0.232  0.116  0.102   1.912e+01   4.163e+00   2.109e+00   1.857e+00  12  sdss  5786  82S  4 
  136  53671.411755  0  25.472  1.129  0.634  0.999  -8.555e-01   1.455e+00   7.844e-01   1.237e+00  11  sdss  5786  82S  4 
    0  53674.313133  1  22.827  0.229  0.025  0.208   2.598e+00   5.557e-01   6.222e-02   5.109e-01  15  sdss  5797  82S  4 
    0  53674.309816  2  22.113  0.184  0.118  0.116   5.124e+00   8.672e-01   5.646e-01   5.508e-01  16  sdss  5797  82S  4 
    0  53674.310645  3  21.923  0.225  0.107  0.131   6.012e+00   1.247e+00   6.025e-01   7.361e-01  13  sdss  5797  82S  4 
    0  53674.312304  4  22.934  0.810  0.455  0.693  -4.961e-01   4.337e+00   2.227e+00   3.392e+00  12  sdss  5797  82S  4 
    8  53674.311475  0  24.959  1.233  1.476  2.502  -2.880e-01   1.485e+00   1.480e+00   2.510e+00  11  sdss  5797  82S  4 
    0  53676.402524  1  22.899  0.229  0.019  0.103   2.427e+00   5.213e-01   4.408e-02   2.365e-01  15  sdss  5807  82S  4 
    0  53676.399207  2  22.321  0.216  0.015  0.066   4.216e+00   8.435e-01   6.112e-02   2.625e-01  16  sdss  5807  82S  4 
    0  53676.400036  3  22.010  0.224  0.035  0.062   5.537e+00   1.148e+00   1.806e-01   3.208e-01  13  sdss  5807  82S  4 
    0  53676.401695  4  21.547  0.459  0.092  0.190   7.846e+00   3.876e+00   8.007e-01   1.653e+00  12  sdss  5807  82S  4 
   32  53676.400865  0  23.172  0.998  0.057  0.664   1.947e+00   1.771e+00   1.144e-01   1.331e+00  11  sdss  5807  82S  4 
    0  53679.374288  1  22.712  0.226  0.155  0.224   2.897e+00   6.086e-01   4.209e-01   6.109e-01  15  sdss  5820  82S  4 
  128  53679.370971  2  22.312  0.321  0.224  0.256   4.252e+00   1.244e+00   8.906e-01   1.018e+00  16  sdss  5820  82S  4 
 1152  53679.371800  3  22.412  0.556  0.281  0.455   3.768e+00   1.892e+00   1.022e+00   1.658e+00  13  sdss  5820  82S  4 
    0  53679.373459  4  20.912  0.426  0.294  0.322   1.508e+01   5.994e+00   4.311e+00   4.715e+00  12  sdss  5820  82S  4 
    0  53679.372630  0  25.143  1.484  0.137  2.246  -4.775e-01   1.973e+00   1.452e-01   2.381e+00  11  sdss  5820  82S  4 
    0  53681.365709  1  22.686  0.175  0.019  0.086   2.968e+00   4.842e-01   5.260e-02   2.407e-01  15  sdss  5836  82S  4 
    0  53681.362392  2  22.498  0.229  0.083  0.089   3.571e+00   7.627e-01   2.809e-01   3.014e-01  16  sdss  5836  82S  4 
 1152  53681.363221  3  22.002  0.222  0.078  0.072   5.580e+00   1.148e+00   4.093e-01   3.785e-01  13  sdss  5836  82S  4 
    0  53681.364880  4  22.104  0.591  0.200  0.301   3.828e+00   3.568e+00   1.201e+00   1.809e+00  12  sdss  5836  82S  4 
    8  53681.364051  0  24.880  1.275  0.519  1.326  -2.088e-01   1.550e+00   5.117e-01   1.309e+00  11  sdss  5836  82S  4 
  132  53684.327254  1  22.524  0.289  0.170  0.139   3.457e+00   9.117e-01   5.469e-01   4.487e-01  15  sdss  5847  82S  4 
    0  53684.323937  2  22.033  0.274  0.126  0.119   5.521e+00   1.374e+00   6.444e-01   6.113e-01  16  sdss  5847  82S  4 
    0  53684.324766  3  22.141  0.364  0.149  0.153   4.890e+00   1.628e+00   6.889e-01   7.097e-01  13  sdss  5847  82S  4 
  132  53684.326424  4  23.751  0.938  0.755  0.436  -5.034e+00   6.236e+00   5.073e+00   2.931e+00  12  sdss  5847  82S  4 
  132  53684.325595  0  26.508  1.044  0.078  0.762  -2.773e+00   2.336e+00   2.095e-01   2.040e+00  11  sdss  5847  82S  4 
    1  53687.268442  1  23.621  1.495  0.210  0.264   1.188e+00   1.579e+00   2.600e-01   3.277e-01  15  sdss  5871  82S  4 
    1  53687.265125  2  23.418  1.063  0.503  0.212   1.430e+00   1.459e+00   7.731e-01   3.263e-01  16  sdss  5871  82S  4 
    1  53687.265954  3  22.769  0.636  0.161  0.179   2.639e+00   1.594e+00   4.325e-01   4.816e-01  13  sdss  5871  82S  4 
   24  53687.267613  4  21.134  0.362  0.789  0.164   1.211e+01   4.274e+00   9.560e+00   1.991e+00  12  sdss  5871  82S  4 
    1  53697.322120  1  25.300  1.055  0.626  0.472  -1.078e-01   7.280e-01   3.740e-01   2.819e-01  15  sdss  5895  82S  4 
    0  53697.318803  2  25.897  0.766  0.221  0.252  -1.030e+00   9.114e-01   2.731e-01   3.116e-01  16  sdss  5895  82S  4 
    0  53697.319632  3  24.563  0.939  0.274  0.361  -2.389e-01   1.267e+00   3.296e-01   4.351e-01  13  sdss  5895  82S  4 
    0  53697.321291  4  22.640  0.779  0.362  0.376   9.454e-01   4.172e+00   1.795e+00   1.860e+00  12  sdss  5895  82S  4 
    0  53700.320855  1  25.938  0.739  0.733  0.688  -5.301e-01   5.642e-01   5.601e-01   5.254e-01  15  sdss  5905  82S  4 
   32  53700.317538  2  24.698  1.073  0.346  0.912   8.361e-02   1.006e+00   2.773e-01   7.321e-01  16  sdss  5905  82S  4 
    0  53700.318368  3  24.258  1.087  0.577  0.871   1.228e-01   1.516e+00   6.857e-01   1.036e+00  13  sdss  5905  82S  4 
    0  53700.320026  4  22.641  1.027  0.984  0.828   9.405e-01   5.832e+00   4.873e+00   4.102e+00  12  sdss  5905  82S  4 
    0  53700.319197  0  26.158  1.233  0.214  1.732  -1.947e+00   2.133e+00   4.290e-01   3.470e+00  11  sdss  5905  82S  4 
    0  53705.307008  1  24.027  0.807  0.808  1.030   7.564e-01   7.046e-01   7.352e-01   9.374e-01  15  sdss  5924  82S  4 
    0  53705.303692  2  26.231  0.558  0.103  0.316  -1.501e+00   8.464e-01   1.646e-01   5.037e-01  16  sdss  5924  82S  4 
    0  53705.304521  3  23.877  1.019  0.311  0.857   5.937e-01   1.458e+00   4.050e-01   1.117e+00  13  sdss  5924  82S  4 
    0  53705.306179  4  23.874  0.728  0.414  0.507  -5.891e+00   5.139e+00   3.015e+00   3.686e+00  12  sdss  5924  82S  4 
    0  53705.305350  0  26.389  1.041  0.057  1.305  -2.466e+00   2.141e+00   1.386e-01   3.161e+00  11  sdss  5924  82S  4 
