# SDSS CID:  10649 IAU:          RA:  13.787256 DEC:  -1.046330  (J2000)
# GALAXY_SB [ugriz] = [ 20.70 18.71 17.78 17.35 16.99 ] +/- [  0.00  0.00  0.00  0.00  0.00 ] (asinh mag/square arcsec)
# GALAXY_SB_FLUX [ugriz] = [  1.963E+01  1.167E+02  2.789E+02  4.105E+02  5.746E+02 ] +/- [  0.000E+00  0.000E+00  0.000E+00  0.000E+00  0.000E+00 ] (microJy per square arcsec)
#FLAG  MJD       FILT  MAG     MERR  MSKYERR MGALERR  FLUX       FLUXERR    SKYERR     GALERR    NPRE TELE   RUN  STRIP  IDCCD
  288  53616.353155  1  20.078  0.054  0.018  0.000   3.318e+01   1.645e+00   5.519e-01   0.000e+00  27  sdss  5566  82N  1 
  256  53616.349837  2  25.039  1.782  0.556  0.000  -1.906e-01   2.162e+00   4.547e-01   0.000e+00  28  sdss  5566  82N  1 
  256  53616.350667  3  28.647  0.093  0.035  0.000  -3.327e+01   2.827e+00   1.084e+00   0.000e+00  27  sdss  5566  82N  1 
  288  53622.366646  1  22.487  0.512  0.183  0.000   3.579e+00   1.594e+00   6.109e-01   0.000e+00  27  sdss  5582  82S  1 
  256  53622.363328  2  28.608  0.180  0.051  0.000  -1.443e+01   2.366e+00   6.835e-01   0.000e+00  28  sdss  5582  82S  1 
  256  53622.364158  3  29.183  0.069  0.019  0.000  -5.450e+01   3.468e+00   9.475e-01   0.000e+00  27  sdss  5582  82S  1 
  256  53622.365816  4  24.879  0.638  0.163  0.000  -1.703e+01   9.526e+00   2.659e+00   0.000e+00  11  sdss  5582  82S  1 
  256  53622.364987  0  25.483  1.627  0.601  0.000  -8.685e-01   2.360e+00   7.431e-01   0.000e+00  6  sdss  5582  82S  1 
  256  53626.329773  1  28.971  0.111  0.020  0.000  -1.110e+01   1.130e+00   2.006e-01   0.000e+00  27  sdss  5603  82N  1 
  256  53626.326456  2  29.864  0.048  0.008  0.000  -4.593e+01   2.006e+00   3.508e-01   0.000e+00  28  sdss  5603  82N  1 
  288  53626.327285  3  20.787  0.187  0.027  0.000   1.727e+01   2.947e+00   4.321e-01   0.000e+00  27  sdss  5603  82N  1 
  257  53627.323777  1  28.422  0.260  0.084  0.000  -6.686e+00   1.568e+00   5.178e-01   0.000e+00  27  sdss  5607  82S  1 
  256  53627.320460  2  28.913  0.156  0.051  0.000  -1.912e+01   2.719e+00   8.978e-01   0.000e+00  28  sdss  5607  82S  1 
  288  53627.321289  3  20.902  0.221  0.060  0.000   1.553e+01   3.130e+00   8.610e-01   0.000e+00  27  sdss  5607  82S  1 
  256  53627.322947  4  24.641  0.817  0.208  0.000  -1.350e+01   9.600e+00   2.769e+00   0.000e+00  11  sdss  5607  82S  1 
  297  53627.322118  0  23.803  1.708  1.412  0.000   9.264e-01   2.561e+00   1.792e+00   0.000e+00  6  sdss  5607  82S  1 
  265  53628.311506  2  28.018  0.321  0.328  0.000  -8.367e+00   2.411e+00   2.534e+00   0.000e+00  28  sdss  5610  82N  1 
  256  53628.312335  3  17.261  0.018  0.002  0.000   4.451e+02   7.421e+00   1.021e+00   0.000e+00  27  sdss  5610  82N  1 
  385  53634.316503  1  28.257  0.488  0.243  0.000  -5.738e+00   2.424e+00   1.286e+00   0.000e+00  27  sdss  5619  82S  1 
  257  53634.313186  2  27.633  0.408  0.094  0.000  -5.853e+00   2.121e+00   5.103e-01   0.000e+00  28  sdss  5619  82S  1 
  288  53634.314015  3  22.662  1.228  0.299  0.000   2.941e+00   2.978e+00   8.843e-01   0.000e+00  27  sdss  5619  82S  1 
  256  53634.315674  4  25.764  0.215  0.079  0.000  -3.923e+01   7.690e+00   2.879e+00   0.000e+00  11  sdss  5619  82S  1 
  257  53634.314845  0  26.383  2.037  0.467  0.000  -2.451e+00   4.034e+00   1.109e+00   0.000e+00  6  sdss  5619  82S  1 
  385  53635.323383  1  28.431  0.219  0.026  0.000  -6.742e+00   1.338e+00   1.606e-01   0.000e+00  27  sdss  5622  82N  1 
  257  53635.320066  2  28.285  0.185  0.031  0.000  -1.071e+01   1.811e+00   3.035e-01   0.000e+00  28  sdss  5622  82N  1 
  256  53635.320895  3  28.786  0.076  0.013  0.000  -3.781e+01   2.648e+00   4.475e-01   0.000e+00  27  sdss  5622  82N  1 
  289  53637.316777  1  20.120  0.055  0.013  0.000   3.192e+01   1.614e+00   3.878e-01   0.000e+00  27  sdss  5633  82N  1 
  256  53637.313460  2  28.930  0.127  0.020  0.000  -1.942e+01   2.255e+00   3.607e-01   0.000e+00  28  sdss  5633  82N  1 
  288  53637.314289  3  20.961  0.234  0.071  0.000   1.471e+01   3.134e+00   9.625e-01   0.000e+00  27  sdss  5633  82N  1 
  289  53638.357550  1  21.501  0.152  0.022  0.000   8.935e+00   1.236e+00   1.781e-01   0.000e+00  27  sdss  5637  82S  1 
  288  53638.354233  2  21.812  0.284  0.045  0.000   6.786e+00   1.747e+00   2.802e-01   0.000e+00  28  sdss  5637  82S  1 
  288  53638.355062  3  24.218  1.486  0.267  0.000   1.709e-01   2.367e+00   3.192e-01   0.000e+00  27  sdss  5637  82S  1 
  256  53638.356721  4  25.185  0.312  0.055  0.000  -2.281e+01   6.528e+00   1.189e+00   0.000e+00  11  sdss  5637  82S  1 
  289  53638.355891  0  22.580  0.655  0.070  0.000   3.515e+00   1.940e+00   2.279e-01   0.000e+00  6  sdss  5637  82S  1 
  288  53639.362145  1  21.199  0.113  0.025  0.000   1.181e+01   1.217e+00   2.738e-01   0.000e+00  27  sdss  5642  82N  1 
  288  53639.358828  2  20.534  0.099  0.016  0.000   2.210e+01   1.996e+00   3.210e-01   0.000e+00  28  sdss  5642  82N  1 
  256  53640.321968  1  27.710  0.422  0.079  0.000  -3.448e+00   1.294e+00   2.550e-01   0.000e+00  27  sdss  5646  82S  1 
  256  53640.318650  2  27.779  0.336  0.043  0.000  -6.704e+00   2.021e+00   2.674e-01   0.000e+00  28  sdss  5646  82S  1 
  256  53640.319480  3  27.488  0.260  0.021  0.000  -1.141e+01   2.694e+00   2.254e-01   0.000e+00  27  sdss  5646  82S  1 
  288  53640.321138  4  21.651  0.973  0.087  0.000   6.974e+00   7.331e+00   6.977e-01   0.000e+00  11  sdss  5646  82S  1 
  288  53640.320309  0  23.620  1.445  0.200  0.000   1.177e+00   2.097e+00   2.846e-01   0.000e+00  6  sdss  5646  82S  1 
  256  53644.309096  1  28.157  0.294  0.074  0.000  -5.230e+00   1.388e+00   3.584e-01   0.000e+00  27  sdss  5670  82N  1 
  288  53644.305779  2  21.534  0.229  0.071  0.000   8.780e+00   1.831e+00   5.747e-01   0.000e+00  28  sdss  5670  82N  1 
  288  53644.306608  3  20.409  0.124  0.017  0.000   2.448e+01   2.795e+00   3.789e-01   0.000e+00  27  sdss  5670  82N  1 
  256  53654.343800  1  27.165  0.600  0.144  0.000  -2.057e+00   1.092e+00   2.835e-01   0.000e+00  27  sdss  5709  82N  1 
  256  53654.340483  2  30.229  0.033  0.006  0.000  -6.429e+01   1.957e+00   3.588e-01   0.000e+00  28  sdss  5709  82N  1 
  256  53654.341313  3  28.061  0.135  0.031  0.000  -1.938e+01   2.408e+00   5.468e-01   0.000e+00  27  sdss  5709  82N  1 
  289  53655.293936  1  23.409  1.195  0.311  0.000   1.476e+00   1.453e+00   4.582e-01   0.000e+00  27  sdss  5713  82S  1 
  256  53655.290619  2  27.566  0.402  0.080  0.000  -5.498e+00   1.968e+00   4.095e-01   0.000e+00  28  sdss  5713  82S  1 
  288  53655.291448  3  22.810  1.342  0.267  0.000   2.530e+00   2.942e+00   6.978e-01   0.000e+00  27  sdss  5713  82S  1 
  256  53655.293107  4  23.992  1.107  0.260  0.000  -6.791e+00   8.230e+00   2.053e+00   0.000e+00  11  sdss  5713  82S  1 
  257  53655.292277  0  26.417  1.094  0.183  0.000  -2.534e+00   2.240e+00   4.471e-01   0.000e+00  6  sdss  5713  82S  1 
  289  53663.301216  2  20.671  0.099  0.011  0.000   1.948e+01   1.776e+00   1.890e-01   0.000e+00  28  sdss  5744  82N  1 
  256  53663.302045  3  17.782  0.018  0.001  0.000   2.754e+02   4.641e+00   2.474e-01   0.000e+00  27  sdss  5744  82N  1 
  257  53664.318524  1  27.369  0.782  0.301  0.000  -2.500e+00   1.614e+00   7.121e-01   0.000e+00  27  sdss  5754  82S  1 
  265  53664.315207  2  28.927  0.123  0.103  0.000  -1.937e+01   2.180e+00   1.833e+00   0.000e+00  28  sdss  5754  82S  1 
  312  53664.316036  3  22.385  0.833  1.959  0.000   3.865e+00   2.720e+00   7.346e+00   0.000e+00  27  sdss  5754  82S  1 
  256  53664.317694  4  23.592  1.224  0.340  0.000  -4.011e+00   8.000e+00   2.076e+00   0.000e+00  11  sdss  5754  82S  1 
  289  53664.316865  0  22.483  1.241  0.357  0.000   3.855e+00   3.361e+00   1.265e+00   0.000e+00  6  sdss  5754  82S  1 
 1441  53666.374569  1  20.522  0.105  0.015  0.000   2.203e+01   2.107e+00   2.930e-01   0.000e+00  27  sdss  5765  82N  1 
 1440  53666.371252  2  22.136  0.429  0.097  0.000   5.019e+00   1.912e+00   4.543e-01   0.000e+00  28  sdss  5765  82N  1 
 1408  53666.372081  3  27.286  0.307  0.067  0.000  -9.457e+00   2.628e+00   5.843e-01   0.000e+00  27  sdss  5765  82N  1 
  288  53668.293857  1  20.844  0.112  0.033  0.000   1.638e+01   1.670e+00   4.994e-01   0.000e+00  27  sdss  5770  82N  1 
  288  53668.290540  2  20.022  0.074  0.023  0.000   3.543e+01   2.398e+00   7.529e-01   0.000e+00  28  sdss  5770  82N  1 
  256  53668.291370  3  28.506  0.114  0.043  0.000  -2.921e+01   3.054e+00   1.151e+00   0.000e+00  27  sdss  5770  82N  1 
  256  53669.277866  1  25.995  1.262  0.207  0.000  -5.741e-01   1.034e+00   1.633e-01   0.000e+00  27  sdss  5776  82S  1 
  288  53669.274550  2  22.937  0.810  0.042  0.000   2.339e+00   1.638e+00   9.618e-02   0.000e+00  28  sdss  5776  82S  1 
  256  53669.275379  3  27.825  0.173  0.026  0.000  -1.558e+01   2.468e+00   3.782e-01   0.000e+00  27  sdss  5776  82S  1 
  256  53669.277037  4  24.661  0.771  0.128  0.000  -1.377e+01   9.308e+00   1.736e+00   0.000e+00  11  sdss  5776  82S  1 
  256  53669.276208  0  26.564  0.664  0.114  0.000  -2.932e+00   1.680e+00   3.161e-01   0.000e+00  6  sdss  5776  82S  1 
  288  53670.298838  1  23.579  1.484  0.554  0.000   1.241e+00   1.596e+00   7.093e-01   0.000e+00  27  sdss  5781  82N  1 
  256  53670.295521  2  28.938  0.103  0.028  0.000  -1.957e+01   1.852e+00   5.071e-01   0.000e+00  28  sdss  5781  82N  1 
  256  53670.296350  3  28.664  0.086  0.018  0.000  -3.379e+01   2.661e+00   5.493e-01   0.000e+00  27  sdss  5781  82N  1 
  256  53671.362483  1  27.731  0.406  0.070  0.000  -3.517e+00   1.272e+00   2.303e-01   0.000e+00  27  sdss  5786  82S  1 
  288  53671.359166  2  23.298  1.396  0.254  0.000   1.624e+00   2.007e+00   4.297e-01   0.000e+00  28  sdss  5786  82S  1 
  256  53671.359996  3  26.452  0.819  0.152  0.000  -4.313e+00   2.947e+00   6.289e-01   0.000e+00  27  sdss  5786  82S  1 
  256  53671.361654  4  24.735  0.545  0.105  0.000  -1.481e+01   7.367e+00   1.508e+00   0.000e+00  11  sdss  5786  82S  1 
  288  53671.360825  0  24.462  1.684  0.241  0.000   1.985e-01   2.376e+00   2.374e-01   0.000e+00  6  sdss  5786  82S  1 
  256  53673.266409  1  28.966  0.111  0.014  0.000  -1.105e+01   1.125e+00   1.422e-01   0.000e+00  27  sdss  5792  82N  1 
  256  53673.263092  2  30.543  0.041  0.004  0.000  -8.585e+01   3.194e+00   3.409e-01   0.000e+00  28  sdss  5792  82N  1 
  288  53674.261701  1  22.592  0.453  0.137  0.000   3.244e+00   1.303e+00   4.148e-01   0.000e+00  27  sdss  5797  82S  1 
  256  53674.258384  2  29.306  0.080  0.024  0.000  -2.747e+01   2.009e+00   6.040e-01   0.000e+00  28  sdss  5797  82S  1 
  256  53674.259213  3  28.463  0.141  0.040  0.000  -2.807e+01   3.619e+00   1.031e+00   0.000e+00  27  sdss  5797  82S  1 
  288  53674.260872  4  20.532  0.710  0.122  0.000   2.171e+01   1.294e+01   2.496e+00   0.000e+00  11  sdss  5797  82S  1 
  258  53674.260042  0  27.572  0.363  0.040  0.000  -7.608e+00   2.382e+00   2.742e-01   0.000e+00  6  sdss  5797  82S  1 
  256  53675.263515  1  29.241  0.090  0.024  0.000  -1.424e+01   1.171e+00   3.129e-01   0.000e+00  27  sdss  5800  82N  1 
  288  53675.260198  2  20.431  0.096  0.022  0.000   2.431e+01   2.138e+00   4.850e-01   0.000e+00  28  sdss  5800  82N  1 
  256  53675.261028  3  28.303  0.123  0.033  0.000  -2.422e+01   2.725e+00   7.332e-01   0.000e+00  27  sdss  5800  82N  1 
  288  53676.351030  1  21.044  0.105  0.011  0.000   1.363e+01   1.304e+00   1.331e-01   0.000e+00  27  sdss  5807  82S  1 
  256  53676.347713  2  27.092  0.673  0.152  0.000  -3.523e+00   2.018e+00   5.071e-01   0.000e+00  28  sdss  5807  82S  1 
  288  53676.348542  3  21.880  0.459  0.118  0.000   6.255e+00   2.556e+00   6.960e-01   0.000e+00  27  sdss  5807  82S  1 
  256  53676.350201  4  25.333  0.304  0.019  0.000  -2.623e+01   7.270e+00   4.630e-01   0.000e+00  11  sdss  5807  82S  1 
  288  53676.349371  0  22.780  0.920  0.221  0.000   2.895e+00   2.164e+00   6.037e-01   0.000e+00  6  sdss  5807  82S  1 
  288  53677.284170  1  21.808  0.181  0.026  0.000   6.728e+00   1.109e+00   1.600e-01   0.000e+00  27  sdss  5813  82N  1 
  256  53677.280853  2  30.551  0.033  0.003  0.000  -8.648e+01   2.592e+00   2.574e-01   0.000e+00  28  sdss  5813  82N  1 
  288  53677.281683  3  19.215  0.038  0.004  0.000   7.358e+01   2.582e+00   2.474e-01   0.000e+00  27  sdss  5813  82N  1 
  288  53679.323129  1  24.148  1.619  0.574  0.000   6.500e-01   1.469e+00   4.805e-01   0.000e+00  27  sdss  5820  82S  1 
  256  53679.319812  2  28.098  0.311  0.088  0.000  -9.010e+00   2.520e+00   7.305e-01   0.000e+00  28  sdss  5820  82S  1 
  256  53679.320641  3  29.035  0.076  0.030  0.000  -4.756e+01   3.307e+00   1.306e+00   0.000e+00  27  sdss  5820  82S  1 
  256  53679.322299  4  23.253  1.406  0.623  0.000  -2.103e+00   9.123e+00   3.264e+00   0.000e+00  11  sdss  5820  82S  1 
  290  53679.321470  0  23.924  1.699  0.399  0.000   7.756e-01   2.500e+00   4.737e-01   0.000e+00  6  sdss  5820  82S  1 
  256  53680.270941  1  29.277  0.084  0.017  0.000  -1.472e+01   1.130e+00   2.230e-01   0.000e+00  27  sdss  5823  82N  1 
  256  53680.267624  2  28.950  0.089  0.009  0.000  -1.978e+01   1.610e+00   1.706e-01   0.000e+00  28  sdss  5823  82N  1 
  256  53680.268453  3  28.289  0.116  0.019  0.000  -2.391e+01   2.548e+00   4.271e-01   0.000e+00  27  sdss  5823  82N  1 
  260  53681.314492  1  28.715  0.261  0.081  0.000  -8.765e+00   2.064e+00   6.549e-01   0.000e+00  27  sdss  5836  82S  1 
  256  53681.311176  2  27.345  0.508  0.085  0.000  -4.472e+00   1.991e+00   3.544e-01   0.000e+00  28  sdss  5836  82S  1 
  288  53681.312005  3  21.260  0.283  0.052  0.000   1.115e+01   2.857e+00   5.411e-01   0.000e+00  27  sdss  5836  82S  1 
  388  53681.313663  4  23.804  1.703  0.588  0.000  -5.391e+00   1.311e+01   4.082e+00   0.000e+00  11  sdss  5836  82S  1 
  260  53681.312834  0  24.735  1.754  0.360  0.000  -6.696e-02   2.543e+00   3.492e-01   0.000e+00  6  sdss  5836  82S  1 
  257  53685.273247  1  27.140  1.730  0.674  0.000  -2.007e+00   2.376e+00   1.302e+00   0.000e+00  27  sdss  5853  82S  1 
  289  53685.269930  2  24.585  2.039  1.715  0.000   1.742e-01   2.773e+00   1.397e+00   0.000e+00  28  sdss  5853  82S  1 
  257  53685.270759  3  28.741  0.104  0.036  0.000  -3.627e+01   3.447e+00   1.200e+00   0.000e+00  27  sdss  5853  82S  1 
  288  53685.272418  4  22.751  1.433  0.773  0.000   3.974e-01   9.210e+00   3.778e+00   0.000e+00  11  sdss  5853  82S  1 
  257  53685.271589  0  26.853  1.868  0.330  0.000  -3.875e+00   4.502e+00   1.177e+00   0.000e+00  6  sdss  5853  82S  1 
  289  53693.268633  2  19.586  0.056  0.013  0.000   5.293e+01   2.722e+00   6.466e-01   0.000e+00  28  sdss  5878  82N  1 
  256  53693.269462  3  28.116  0.142  0.027  0.000  -2.039e+01   2.659e+00   5.164e-01   0.000e+00  27  sdss  5878  82N  1 
  288  53697.270486  1  23.727  1.271  0.416  0.000   1.062e+00   1.275e+00   4.731e-01   0.000e+00  27  sdss  5895  82S  1 
  280  53697.267169  2  26.021  1.435  1.128  0.000  -1.192e+00   1.829e+00   1.529e+00   0.000e+00  28  sdss  5895  82S  1 
  296  53697.267999  3  22.639  0.964  0.334  0.000   3.010e+00   2.499e+00   1.007e+00   0.000e+00  27  sdss  5895  82S  1 
  288  53697.269657  4  20.526  0.342  0.054  0.000   2.183e+01   6.838e+00   1.109e+00   0.000e+00  11  sdss  5895  82S  1 
  296  53697.268828  0  24.472  1.613  0.915  0.000   1.883e-01   2.210e+00   8.994e-01   0.000e+00  6  sdss  5895  82S  1 
  256  53698.268976  1  28.972  0.119  0.030  0.000  -1.111e+01   1.209e+00   3.042e-01   0.000e+00  27  sdss  5898  82N  1 
  288  53698.265659  2  18.615  0.024  0.005  0.000   1.295e+02   2.898e+00   6.325e-01   0.000e+00  28  sdss  5898  82N  1 
  256  53698.266488  3  28.747  0.089  0.021  0.000  -3.647e+01   2.979e+00   6.932e-01   0.000e+00  27  sdss  5898  82N  1 
  256  53699.292396  1  29.776  0.054  0.010  0.000  -2.332e+01   1.160e+00   2.204e-01   0.000e+00  27  sdss  5902  82N  1 
  288  53699.289079  2  21.983  0.380  0.033  0.000   5.788e+00   1.965e+00   1.767e-01   0.000e+00  28  sdss  5902  82N  1 
  256  53699.289908  3  27.915  0.151  0.033  0.000  -1.693e+01   2.348e+00   5.232e-01   0.000e+00  27  sdss  5902  82N  1 
  288  53700.269151  1  21.829  0.262  0.059  0.000   6.598e+00   1.560e+00   3.605e-01   0.000e+00  27  sdss  5905  82S  1 
  288  53700.265834  2  21.962  0.430  0.060  0.000   5.902e+00   2.245e+00   3.289e-01   0.000e+00  28  sdss  5905  82S  1 
  256  53700.266663  3  27.899  0.217  0.096  0.000  -1.668e+01   3.300e+00   1.484e+00   0.000e+00  27  sdss  5905  82S  1 
  288  53700.268322  4  19.683  0.235  0.098  0.000   4.801e+01   1.025e+01   4.336e+00   0.000e+00  11  sdss  5905  82S  1 
  290  53700.267493  0  23.671  1.782  0.587  0.000   1.104e+00   2.791e+00   8.081e-01   0.000e+00  6  sdss  5905  82S  1 
  288  53704.254373  1  22.595  0.509  0.140  0.000   3.235e+00   1.441e+00   4.241e-01   0.000e+00  27  sdss  5918  82N  1 
  288  53704.251056  2  19.170  0.035  0.012  0.000   7.765e+01   2.477e+00   8.678e-01   0.000e+00  28  sdss  5918  82N  1 
  256  53704.251885  3  28.987  0.065  0.023  0.000  -4.551e+01   2.733e+00   9.671e-01   0.000e+00  27  sdss  5918  82N  1 
  288  53705.255192  1  23.442  1.117  0.166  0.000   1.428e+00   1.347e+00   2.377e-01   0.000e+00  27  sdss  5924  82S  1 
  256  53705.251875  2  26.981  0.719  0.160  0.000  -3.170e+00   1.934e+00   4.821e-01   0.000e+00  28  sdss  5924  82S  1 
  256  53705.252705  3  28.748  0.078  0.014  0.000  -3.651e+01   2.630e+00   4.543e-01   0.000e+00  27  sdss  5924  82S  1 
  256  53705.254363  4  26.321  0.117  0.035  0.000  -6.571e+01   7.007e+00   2.119e+00   0.000e+00  11  sdss  5924  82S  1 
  296  53705.253534  0  22.773  0.891  0.519  0.000   2.915e+00   2.123e+00   1.429e+00   0.000e+00  6  sdss  5924  82S  1 
