# SDSS CID:   8921 IAU: 2005ld   RA: 325.001923 DEC:  -0.008034  (J2000)
# GALAXY_SB [ugriz] = [ 22.80 21.68 21.05 20.67 20.47 ] +/- [  0.11  0.02  0.01  0.01  0.03 ] (asinh mag/square arcsec)
# GALAXY_SB_FLUX [ugriz] = [  2.762E+00  7.529E+00  1.378E+01  1.926E+01  2.280E+01 ] +/- [  3.065E-01  1.062E-01  1.256E-01  1.638E-01  6.467E-01 ] (microJy per square arcsec)
#FLAG  MJD       FILT  MAG     MERR  MSKYERR MGALERR  FLUX       FLUXERR    SKYERR     GALERR    NPRE TELE   RUN  STRIP  IDCCD
    0  53623.208563  1  26.374  0.624  0.277  0.485  -9.157e-01   6.112e-01   2.837e-01   4.972e-01  15  sdss  5590  82N  3 
    0  53623.205246  2  25.515  0.853  0.316  0.452  -6.114e-01   8.533e-01   3.082e-01   4.409e-01  19  sdss  5590  82N  3 
    0  53623.206075  3  25.296  0.763  0.222  0.302  -1.247e+00   1.237e+00   3.661e-01   4.991e-01  19  sdss  5590  82N  3 
    0  53623.207734  4  23.595  0.664  0.078  0.363  -4.029e+00   4.094e+00   4.812e-01   2.231e+00  18  sdss  5590  82N  3 
    8  53623.206904  0  25.315  1.212  0.916  1.217  -6.676e-01   1.526e+00   1.042e+00   1.385e+00  11  sdss  5590  82N  3 
   32  53625.225541  0  23.673  1.092  0.082  0.631   1.102e+00   1.488e+00   1.139e-01   8.724e-01  11  sdss  5597  82S  4 
   33  53626.194401  1  23.512  1.035  0.369  0.301   1.331e+00   1.209e+00   4.997e-01   4.067e-01  15  sdss  5603  82N  3 
    1  53626.191084  2  24.804  1.134  0.308  0.553  -1.566e-03   1.080e+00   2.461e-01   4.417e-01  19  sdss  5603  82N  3 
   32  53626.191913  3  23.502  0.893  0.267  0.319   1.129e+00   1.408e+00   4.214e-01   5.025e-01  19  sdss  5603  82N  3 
    0  53626.193572  4  23.937  0.522  0.087  0.229  -6.365e+00   3.900e+00   6.637e-01   1.757e+00  18  sdss  5603  82N  3 
    9  53626.192743  0  25.978  1.335  0.748  0.796  -1.604e+00   2.104e+00   1.294e+00   1.377e+00  11  sdss  5603  82N  3 
    1  53627.186672  0  25.496  1.807  0.562  1.462  -8.849e-01   2.794e+00   7.033e-01   1.829e+00  11  sdss  5607  82S  4 
    1  53628.179308  1  25.841  1.974  1.009  1.468  -4.581e-01   1.964e+00   7.291e-01   1.062e+00  15  sdss  5610  82N  3 
    1  53628.175991  2  26.856  0.720  0.377  0.330  -2.811e+00   1.741e+00   1.018e+00   8.918e-01  19  sdss  5610  82N  3 
    1  53628.176820  3  26.144  0.761  0.867  0.402  -3.194e+00   2.167e+00   2.752e+00   1.275e+00  19  sdss  5610  82N  3 
    0  53628.178479  4  23.341  1.014  0.466  0.831  -2.567e+00   6.003e+00   2.531e+00   4.515e+00  18  sdss  5610  82N  3 
    1  53628.177650  0  27.550  0.779  0.398  0.542  -7.458e+00   4.527e+00   2.682e+00   3.651e+00  11  sdss  5610  82N  3 
    1  53635.187353  1  25.820  1.019  0.283  0.601  -4.429e-01   7.637e-01   2.020e-01   4.296e-01  15  sdss  5622  82N  3 
   32  53635.184036  2  24.337  0.944  0.293  0.477   3.833e-01   8.937e-01   2.555e-01   4.167e-01  19  sdss  5622  82N  3 
    0  53635.184865  3  24.395  0.910  0.248  0.401  -3.927e-02   1.209e+00   2.943e-01   4.749e-01  19  sdss  5622  82N  3 
    0  53635.186524  4  22.984  0.743  0.530  0.632  -7.423e-01   3.938e+00   2.610e+00   3.112e+00  18  sdss  5622  82N  3 
   33  53635.185694  0  22.781  0.756  0.241  0.574   2.890e+00   1.865e+00   6.635e-01   1.585e+00  11  sdss  5622  82N  3 
    1  53636.185913  1  25.569  0.958  0.596  0.653  -2.733e-01   6.681e-01   3.811e-01   4.179e-01  15  sdss  5628  82S  4 
   36  53636.185084  4  22.744  0.837  0.548  0.418   4.351e-01   4.507e+00   2.680e+00   2.044e+00  18  sdss  5628  82S  4 
   36  53636.184255  0  23.270  1.026  0.321  0.686   1.756e+00   1.703e+00   5.925e-01   1.266e+00  11  sdss  5628  82S  4 
    0  53637.180606  1  26.301  0.783  0.833  1.050  -8.425e-01   7.212e-01   8.087e-01   1.019e+00  15  sdss  5633  82N  3 
   32  53637.177289  2  23.072  0.583  0.297  0.542   2.046e+00   1.114e+00   6.072e-01   1.108e+00  19  sdss  5633  82N  3 
    0  53637.178118  3  25.582  0.878  0.636  0.627  -1.770e+00   1.657e+00   1.282e+00   1.263e+00  19  sdss  5633  82N  3 
    0  53637.179777  4  23.667  0.884  0.810  0.659  -4.484e+00   5.685e+00   5.195e+00   4.230e+00  18  sdss  5633  82N  3 
   40  53637.178947  0  23.180  1.257  1.219  1.809   1.931e+00   2.154e+00   2.412e+00   3.581e+00  11  sdss  5633  82N  3 
   32  53644.172422  1  25.111  0.816  0.347  0.655   4.379e-03   5.269e-01   2.043e-01   3.854e-01  15  sdss  5670  82N  3 
    0  53644.169105  2  24.965  0.894  0.290  0.527  -1.303e-01   8.031e-01   2.347e-01   4.260e-01  19  sdss  5670  82N  3 
    0  53644.169935  3  24.379  0.932  0.390  0.476  -2.033e-02   1.245e+00   4.614e-01   5.638e-01  19  sdss  5670  82N  3 
   32  53644.171593  4  21.782  0.535  0.040  0.241   5.961e+00   3.859e+00   2.950e-01   1.781e+00  18  sdss  5670  82N  3 
    8  53644.170764  0  26.323  0.648  0.345  0.560  -2.307e+00   1.370e+00   7.867e-01   1.275e+00  11  sdss  5670  82N  3 
    1  53654.206457  1  27.022  0.563  0.291  0.358  -1.791e+00   9.162e-01   5.068e-01   6.243e-01  15  sdss  5709  82N  3 
   33  53654.203141  2  22.852  0.617  0.292  0.429   2.542e+00   1.403e+00   7.192e-01   1.058e+00  19  sdss  5709  82N  3 
   40  53654.203970  3  23.554  1.181  2.201  0.771   1.048e+00   1.886e+00   3.365e+00   1.178e+00  19  sdss  5709  82N  3 
    8  53654.205628  4  24.362  0.549  0.922  0.302  -1.018e+01   5.544e+00   9.818e+00   3.216e+00  18  sdss  5709  82N  3 
   33  53654.204799  0  23.624  1.639  1.215  1.985   1.172e+00   2.488e+00   1.733e+00   2.831e+00  11  sdss  5709  82N  3 
   33  53656.154033  1  22.333  0.477  0.176  0.258   4.130e+00   1.721e+00   6.737e-01   9.880e-01  15  sdss  5719  82N  3 
    1  53656.150719  2  25.315  2.106  0.976  1.403  -4.248e-01   2.983e+00   8.674e-01   1.247e+00  19  sdss  5719  82N  3 
    1  53656.151548  3  24.484  1.424  1.172  1.096  -1.449e-01   2.216e+00   1.396e+00   1.306e+00  19  sdss  5719  82N  3 
    0  53656.153204  4  23.494  1.041  0.466  0.817  -3.430e+00   6.430e+00   2.714e+00   4.762e+00  18  sdss  5719  82N  3 
    1  53656.152378  0  25.987  2.157  0.497  2.009  -1.621e+00   4.056e+00   8.667e-01   3.501e+00  11  sdss  5719  82N  3 
   33  53664.179345  0  23.279  1.469  0.149  0.974   1.739e+00   2.406e+00   2.733e-01   1.783e+00  11  sdss  5754  82S  4 
    0  53666.144326  1  26.338  0.508  0.144  0.279  -8.792e-01   4.914e-01   1.432e-01   2.778e-01  15  sdss  5763  82S  4 
    0  53666.141009  2  25.876  0.658  0.070  0.237  -1.004e+00   7.781e-01   8.551e-02   2.893e-01  19  sdss  5763  82S  4 
    0  53666.141838  3  26.009  0.433  0.017  0.113  -2.791e+00   1.181e+00   4.889e-02   3.203e-01  19  sdss  5763  82S  4 
    0  53666.143497  4  23.723  0.587  0.198  0.203  -4.846e+00   3.851e+00   1.312e+00   1.350e+00  18  sdss  5763  82S  4 
    0  53666.142667  0  25.369  1.099  0.331  0.813  -7.306e-01   1.368e+00   3.866e-01   9.498e-01  11  sdss  5763  82S  4 
    0  53668.155689  1  25.604  0.939  0.647  1.439  -2.960e-01   6.573e-01   4.194e-01   9.326e-01  15  sdss  5770  82N  3 
    0  53668.152372  2  25.995  0.835  0.448  0.695  -1.157e+00   1.047e+00   5.960e-01   9.236e-01  19  sdss  5770  82N  3 
   32  53668.153201  3  23.994  1.245  1.350  1.200   4.435e-01   1.854e+00   1.691e+00   1.503e+00  19  sdss  5770  82N  3 
    0  53668.154860  4  23.445  0.988  0.827  0.716  -3.145e+00   5.968e+00   4.705e+00   4.074e+00  18  sdss  5770  82N  3 
  128  53668.154030  0  25.878  1.281  0.528  2.256  -1.434e+00   1.930e+00   8.487e-01   3.626e+00  11  sdss  5770  82N  3 
   32  53669.137996  0  23.466  0.903  0.164  0.679   1.414e+00   1.354e+00   2.607e-01   1.082e+00  11  sdss  5776  82S  4 
    0  53670.160567  1  26.531  0.484  0.285  0.389  -1.087e+00   5.398e-01   3.295e-01   4.502e-01  15  sdss  5781  82N  3 
   32  53670.157252  2  23.681  0.699  0.230  0.349   1.063e+00   8.484e-01   2.898e-01   4.401e-01  19  sdss  5781  82N  3 
    0  53670.158081  3  25.252  0.804  0.223  0.318  -1.175e+00   1.277e+00   3.582e-01   5.111e-01  19  sdss  5781  82N  3 
    0  53670.159740  4  23.231  0.800  0.442  0.423  -1.988e+00   4.444e+00   2.304e+00   2.208e+00  18  sdss  5781  82N  3 
    0  53670.158911  0  24.750  1.228  0.523  1.471  -8.226e-02   1.461e+00   5.087e-01   1.429e+00  11  sdss  5781  82N  3 
   32  53671.222504  0  23.021  1.493  0.406  1.861   2.275e+00   2.751e+00   9.148e-01   4.192e+00  11  sdss  5786  82S  4 
   32  53673.127985  1  22.735  0.225  0.131  0.218   2.834e+00   5.900e-01   3.486e-01   5.797e-01  15  sdss  5792  82N  3 
   32  53673.124668  2  23.701  0.753  0.358  0.446   1.038e+00   9.002e-01   4.449e-01   5.543e-01  19  sdss  5792  82N  3 
   40  53673.125497  3  23.140  0.707  0.606  0.361   1.773e+00   1.356e+00   1.224e+00   7.279e-01  19  sdss  5792  82N  3 
    0  53673.127156  4  23.818  0.618  0.283  0.351  -5.490e+00   4.274e+00   1.994e+00   2.478e+00  18  sdss  5792  82N  3 
    8  53673.126326  0  26.018  0.921  0.506  1.038  -1.678e+00   1.506e+00   9.024e-01   1.853e+00  11  sdss  5792  82N  3 
    0  53674.121579  0  22.510  0.439  0.086  0.364   3.759e+00   1.467e+00   3.011e-01   1.274e+00  11  sdss  5797  82S  4 
   32  53675.125001  1  22.191  0.135  0.059  0.122   4.714e+00   5.837e-01   2.576e-01   5.309e-01  15  sdss  5800  82N  3 
   32  53675.121684  2  22.166  0.216  0.114  0.148   4.879e+00   9.693e-01   5.212e-01   6.743e-01  19  sdss  5800  82N  3 
   32  53675.122514  3  22.865  0.583  0.315  0.287   2.390e+00   1.380e+00   7.875e-01   7.184e-01  19  sdss  5800  82N  3 
    0  53675.124172  4  22.874  0.813  0.398  0.513  -2.034e-01   4.351e+00   1.940e+00   2.502e+00  18  sdss  5800  82N  3 
   40  53675.123343  0  24.407  1.220  0.977  1.838   2.525e-01   1.460e+00   9.715e-01   1.829e+00  11  sdss  5800  82N  3 
    0  53676.212896  1  21.810  0.093  0.027  0.064   6.711e+00   5.705e-01   1.663e-01   3.966e-01  15  sdss  5807  82S  4 
   32  53676.209580  2  22.267  0.210  0.060  0.089   4.439e+00   8.614e-01   2.495e-01   3.713e-01  19  sdss  5807  82S  4 
   32  53676.210409  3  22.023  0.243  0.056  0.081   5.468e+00   1.240e+00   2.921e-01   4.191e-01  19  sdss  5807  82S  4 
    0  53676.212067  4  23.245  0.665  0.132  0.309  -2.060e+00   3.629e+00   6.891e-01   1.618e+00  18  sdss  5807  82S  4 
   32  53676.211238  0  23.208  0.939  0.116  0.693   1.877e+00   1.636e+00   2.239e-01   1.342e+00  11  sdss  5807  82S  4 
   32  53677.145559  1  21.576  0.091  0.051  0.103   8.332e+00   6.970e-01   3.935e-01   7.875e-01  15  sdss  5813  82N  3 
   32  53677.142242  2  21.457  0.110  0.048  0.071   9.430e+00   9.564e-01   4.142e-01   6.200e-01  19  sdss  5813  82N  3 
   32  53677.143071  3  21.816  0.228  0.150  0.140   6.645e+00   1.405e+00   9.371e-01   8.757e-01  19  sdss  5813  82N  3 
   32  53677.144729  4  21.957  0.663  0.245  0.477   4.746e+00   4.316e+00   1.611e+00   3.134e+00  18  sdss  5813  82N  3 
   32  53677.143900  0  23.342  1.067  0.497  1.509   1.625e+00   1.695e+00   8.678e-01   2.635e+00  11  sdss  5813  82N  3 
   32  53679.181127  2  21.306  0.113  0.027  0.108   1.084e+01   1.122e+00   2.689e-01   1.077e+00  19  sdss  5820  82S  4 
   32  53679.182785  0  21.987  0.431  0.119  0.650   6.156e+00   2.295e+00   6.676e-01   3.634e+00  11  sdss  5820  82S  4 
    0  53680.132205  1  21.087  0.056  0.021  0.047   1.309e+01   6.756e-01   2.501e-01   5.579e-01  15  sdss  5823  82N  3 
    0  53680.128888  2  20.942  0.067  0.034  0.037   1.517e+01   9.336e-01   4.753e-01   5.231e-01  19  sdss  5823  82N  3 
    0  53680.129717  3  21.035  0.105  0.034  0.051   1.374e+01   1.327e+00   4.293e-01   6.464e-01  19  sdss  5823  82N  3 
   32  53680.131376  4  21.103  0.323  0.128  0.190   1.249e+01   3.980e+00   1.606e+00   2.394e+00  18  sdss  5823  82N  3 
   32  53680.130546  0  23.535  1.075  0.392  1.111   1.304e+00   1.551e+00   5.940e-01   1.684e+00  11  sdss  5823  82N  3 
    4  53681.174066  0  22.059  0.356  0.035  0.246   5.755e+00   1.804e+00   1.811e-01   1.285e+00  11  sdss  5836  82S  4 
   37  53685.132670  0  23.036  1.932  0.250  0.679   2.243e+00   3.660e+00   5.564e-01   1.511e+00  11  sdss  5853  82S  4 
    3  53686.198124  1  20.159  0.104  0.040  0.063   3.077e+01   2.922e+00   1.116e+00   1.770e+00  15  sdss  5865  82N  3 
   35  53686.194807  2  20.294  0.098  0.045  0.060   2.758e+01   2.485e+00   1.139e+00   1.522e+00  19  sdss  5865  82N  3 
   33  53686.195636  3  20.364  0.121  0.072  0.083   2.553e+01   2.840e+00   1.700e+00   1.944e+00  19  sdss  5865  82N  3 
   34  53686.197295  4  20.594  0.480  0.155  0.420   2.047e+01   8.914e+00   3.048e+00   8.253e+00  18  sdss  5865  82N  3 
  131  53686.196465  0  27.432  2.278  0.264  0.857  -6.681e+00   7.577e+00   1.598e+00   5.184e+00  11  sdss  5865  82N  3 
 1153  53687.172292  1  20.032  0.095  0.020  0.040   3.459e+01   2.997e+00   6.205e-01   1.263e+00  15  sdss  5870  82S  4 
    1  53687.168976  2  20.107  0.062  0.028  0.027   3.275e+01   1.876e+00   8.555e-01   8.094e-01  19  sdss  5870  82S  4 
  129  53687.169805  3  20.370  0.103  0.033  0.055   2.539e+01   2.405e+00   7.753e-01   1.295e+00  19  sdss  5870  82S  4 
    0  53687.171463  4  20.637  0.261  0.103  0.129   1.965e+01   4.846e+00   1.947e+00   2.430e+00  18  sdss  5870  82S  4 
   33  53687.170634  0  22.592  2.342  0.334  0.710   3.475e+00   5.561e+00   1.087e+00   2.311e+00  11  sdss  5870  82S  4 
    1  53693.132771  1  19.874  0.039  0.010  0.018   4.000e+01   1.431e+00   3.811e-01   6.568e-01  15  sdss  5878  82N  3 
    1  53693.129455  2  19.915  0.037  0.014  0.016   3.909e+01   1.324e+00   4.905e-01   5.699e-01  19  sdss  5878  82N  3 
    0  53693.130284  3  20.193  0.059  0.024  0.029   2.989e+01   1.621e+00   6.696e-01   7.924e-01  19  sdss  5878  82N  3 
    0  53693.131942  4  20.430  0.223  0.102  0.158   2.393e+01   5.020e+00   2.317e+00   3.590e+00  18  sdss  5878  82N  3 
    1  53693.131113  0  21.482  0.333  0.174  0.269   9.848e+00   2.863e+00   1.540e+00   2.381e+00  11  sdss  5878  82N  3 
 1180  53698.129681  1  19.922  0.442  1.465  0.037   3.827e+01   1.469e+01   5.136e+01   1.294e+00  15  sdss  5898  82N  3 
 1069  53698.126364  2  20.924  1.418  1.982  0.084   1.543e+01   1.336e+01   2.813e+01   1.188e+00  19  sdss  5898  82N  3 
 1156  53698.127193  3  20.429  1.732  1.295  0.057   2.404e+01   2.237e+01   2.874e+01   1.266e+00  19  sdss  5898  82N  3 
 1028  53698.128852  4  26.835  3.682  1.339  0.047  -1.055e+02   1.321e+02   1.315e+02   4.597e+00  18  sdss  5898  82N  3 
 1068  53698.128022  0  22.484  4.532 14.351  0.976   3.854e+00   3.438e+01   5.136e+01   3.493e+00  11  sdss  5898  82N  3 
 1052  53699.153080  1  20.368  0.127  0.403  0.022   2.538e+01   2.948e+00   9.373e+00   5.139e-01  15  sdss  5902  82N  3 
 1037  53699.149764  2  20.626  0.498  0.643  0.030   2.030e+01   8.692e+00   1.200e+01   5.506e-01  19  sdss  5902  82N  3 
 1164  53699.150593  3  20.307  0.294  0.472  0.024   2.691e+01   7.127e+00   1.172e+01   6.068e-01  19  sdss  5902  82N  3 
 1060  53699.152251  4  21.243  2.227  0.659  0.223   1.084e+01   2.285e+01   7.385e+00   2.499e+00  18  sdss  5902  82N  3 
 1188  53699.151422  0  22.882  2.951  1.976  0.798   2.617e+00   8.320e+00   5.004e+00   2.021e+00  11  sdss  5902  82N  3 
    0  53700.128173  0  21.758  0.286  0.054  0.340   7.622e+00   1.923e+00   3.705e-01   2.339e+00  11  sdss  5905  82S  4 
   34  53702.125162  3  20.316  0.102  0.159  0.138   2.668e+01   2.513e+00   3.907e+00   3.395e+00  19  sdss  5909  82N  3 
   34  53702.126820  4  20.741  0.588  0.721  0.791   1.779e+01   9.371e+00   1.243e+01   1.363e+01  18  sdss  5909  82N  3 
  162  53702.125991  0  22.489  1.107  1.073  2.571   3.835e+00   3.132e+00   3.824e+00   9.159e+00  11  sdss  5909  82N  3 
    2  53703.136509  1  20.411  0.042  0.036  0.068   2.439e+01   9.330e-01   7.984e-01   1.523e+00  15  sdss  5915  82N  3 
    0  53703.133192  2  20.129  0.050  0.027  0.053   3.210e+01   1.477e+00   7.973e-01   1.556e+00  19  sdss  5915  82N  3 
   32  53703.134021  3  20.398  0.080  0.068  0.076   2.474e+01   1.831e+00   1.543e+00   1.741e+00  19  sdss  5915  82N  3 
   32  53703.135679  4  20.374  0.266  0.228  0.284   2.523e+01   6.266e+00   5.449e+00   6.802e+00  18  sdss  5915  82N  3 
  170  53703.134850  0  22.190  0.585  0.948  1.096   5.088e+00   2.502e+00   4.407e+00   5.097e+00  11  sdss  5915  82N  3 
    0  53704.114980  1  20.475  0.036  0.028  0.036   2.299e+01   7.520e-01   5.970e-01   7.492e-01  15  sdss  5918  82N  3 
    0  53704.111663  2  20.120  0.041  0.016  0.030   3.237e+01   1.213e+00   4.735e-01   8.811e-01  19  sdss  5918  82N  3 
    0  53704.112493  3  20.441  0.071  0.038  0.046   2.378e+01   1.550e+00   8.321e-01   9.989e-01  19  sdss  5918  82N  3 
   32  53704.114151  4  20.725  0.279  0.102  0.191   1.806e+01   4.793e+00   1.786e+00   3.332e+00  18  sdss  5918  82N  3 
   32  53704.113322  0  22.772  0.782  0.298  1.011   2.916e+00   1.931e+00   8.291e-01   2.810e+00  11  sdss  5918  82N  3 
  128  53705.114143  0  21.936  0.358  0.024  0.517   6.457e+00   2.025e+00   1.418e-01   3.025e+00  11  sdss  5924  82S  4 
