# SDSS CID:   2022 IAU:          RA: 333.162689 DEC:   0.504776  (J2000)
# GALAXY_SB [ugriz] = [ 22.53 22.25 21.25 20.76 20.30 ] +/- [  0.00  0.00  0.00  0.00  0.00 ] (asinh mag/square arcsec)
# GALAXY_SB_FLUX [ugriz] = [  3.577E+00  4.461E+00  1.143E+01  1.763E+01  2.687E+01 ] +/- [  0.000E+00  0.000E+00  0.000E+00  0.000E+00  0.000E+00 ] (microJy per square arcsec)
#FLAG  MJD       FILT  MAG     MERR  MSKYERR MGALERR  FLUX       FLUXERR    SKYERR     GALERR    NPRE TELE   RUN  STRIP  IDCCD
  288  53622.254223  1  22.167  0.169  0.152  0.000   4.824e+00   7.582e-01   6.851e-01   0.000e+00  11  sdss  5582  82S  5 
  288  53622.250905  2  22.543  0.391  0.133  0.000   3.420e+00   1.227e+00   4.337e-01   0.000e+00  9  sdss  5582  82S  5 
  416  53622.251735  3  22.075  0.416  0.260  0.000   5.203e+00   1.978e+00   1.290e+00   0.000e+00  11  sdss  5582  82S  5 
  288  53622.253393  4  21.351  0.594  0.295  0.000   9.689e+00   5.712e+00   2.999e+00   0.000e+00  9  sdss  5582  82S  5 
  258  53622.252564  0  21.865  0.364  0.449  0.000   6.895e+00   2.269e+00   2.895e+00   0.000e+00  7  sdss  5582  82S  5 
  256  53625.250309  1  22.107  0.131  0.039  0.000   5.100e+00   6.210e-01   1.835e-01   0.000e+00  11  sdss  5597  82S  5 
  288  53625.246992  2  22.003  0.168  0.046  0.000   5.680e+00   8.853e-01   2.447e-01   0.000e+00  9  sdss  5597  82S  5 
  288  53625.247821  3  22.071  0.261  0.042  0.000   5.223e+00   1.276e+00   2.085e-01   0.000e+00  11  sdss  5597  82S  5 
  288  53625.249479  4  22.117  0.585  0.165  0.000   3.752e+00   3.515e+00   9.843e-01   0.000e+00  9  sdss  5597  82S  5 
  256  53625.248650  0  21.616  0.200  0.068  0.000   8.691e+00   1.605e+00   5.485e-01   0.000e+00  7  sdss  5597  82S  5 
  289  53627.211463  1  22.079  0.222  0.054  0.000   5.234e+00   1.070e+00   2.630e-01   0.000e+00  11  sdss  5607  82S  5 
  289  53627.208146  2  21.702  0.167  0.025  0.000   7.512e+00   1.161e+00   1.745e-01   0.000e+00  9  sdss  5607  82S  5 
  288  53627.208976  3  22.321  0.429  0.075  0.000   4.113e+00   1.638e+00   2.986e-01   0.000e+00  11  sdss  5607  82S  5 
  288  53627.210634  4  20.800  0.288  0.084  0.000   1.681e+01   4.581e+00   1.369e+00   0.000e+00  9  sdss  5607  82S  5 
  257  53627.209805  0  22.222  0.596  0.169  0.000   4.937e+00   2.551e+00   7.904e-01   0.000e+00  7  sdss  5607  82S  5 
  291  53634.203343  1  22.138  0.465  0.323  0.000   4.955e+00   2.033e+00   1.494e+00   0.000e+00  11  sdss  5619  82S  5 
  291  53634.200026  2  22.115  0.462  0.212  0.000   5.116e+00   2.099e+00   1.016e+00   0.000e+00  9  sdss  5619  82S  5 
 1442  53634.200855  3  21.640  0.379  0.262  0.000   7.831e+00   2.680e+00   1.921e+00   0.000e+00  11  sdss  5619  82S  5 
  290  53634.202513  4  22.036  1.142  0.874  0.000   4.246e+00   7.438e+00   5.467e+00   0.000e+00  9  sdss  5619  82S  5 
  259  53634.201684  0  27.701  1.170  0.897  0.000  -8.576e+00   6.964e+00   7.176e+00   0.000e+00  7  sdss  5619  82S  5 
  265  53636.208731  1  21.699  0.111  0.088  0.000   7.441e+00   7.684e-01   6.080e-01   0.000e+00  11  sdss  5628  82S  5 
  296  53636.205414  2  21.772  0.146  0.100  0.000   7.040e+00   9.554e-01   6.538e-01   0.000e+00  9  sdss  5628  82S  5 
  288  53636.206244  3  21.766  0.224  0.070  0.000   6.961e+00   1.449e+00   4.607e-01   0.000e+00  11  sdss  5628  82S  5 
  288  53636.207902  4  21.463  0.465  0.125  0.000   8.600e+00   4.190e+00   1.168e+00   0.000e+00  9  sdss  5628  82S  5 
  385  53636.207073  0  21.665  0.246  0.088  0.000   8.305e+00   1.878e+00   6.800e-01   0.000e+00  7  sdss  5628  82S  5 
  256  53648.250478  1  21.538  0.094  0.017  0.000   8.635e+00   7.521e-01   1.344e-01   0.000e+00  11  sdss  5698  82S  5 
  296  53648.247161  2  21.582  0.146  0.086  0.000   8.396e+00   1.136e+00   6.730e-01   0.000e+00  9  sdss  5698  82S  5 
  296  53648.247990  3  22.596  0.619  1.977  0.000   3.143e+00   1.803e+00   6.207e+00   0.000e+00  11  sdss  5698  82S  5 
  288  53648.249649  4  20.710  0.329  0.094  0.000   1.833e+01   5.641e+00   1.655e+00   0.000e+00  9  sdss  5698  82S  5 
  388  53648.248819  0  21.793  0.353  0.147  0.000   7.374e+00   2.354e+00   1.013e+00   0.000e+00  7  sdss  5698  82S  5 
  289  53655.179959  1  21.686  0.204  0.085  0.000   7.532e+00   1.413e+00   5.963e-01   0.000e+00  11  sdss  5713  82S  5 
  289  53655.176643  2  22.669  0.518  0.126  0.000   3.033e+00   1.420e+00   3.665e-01   0.000e+00  9  sdss  5713  82S  5 
  288  53655.177472  3  22.169  0.442  0.135  0.000   4.759e+00   1.923e+00   6.171e-01   0.000e+00  11  sdss  5713  82S  5 
  288  53655.179130  4  21.382  0.537  0.165  0.000   9.378e+00   5.093e+00   1.633e+00   0.000e+00  9  sdss  5713  82S  5 
  257  53655.178301  0  21.328  0.338  0.107  0.000   1.135e+01   3.460e+00   1.131e+00   0.000e+00  7  sdss  5713  82S  5 
  417  53664.204069  1  22.771  0.570  0.098  0.000   2.738e+00   1.373e+00   2.557e-01   0.000e+00  11  sdss  5754  82S  5 
  289  53664.200752  2  23.008  0.836  0.245  0.000   2.181e+00   1.597e+00   5.313e-01   0.000e+00  9  sdss  5754  82S  5 
  288  53664.201581  3  22.852  0.827  0.218  0.000   2.423e+00   1.899e+00   5.532e-01   0.000e+00  11  sdss  5754  82S  5 
  256  53664.203240  4  23.510  0.907  0.485  0.000  -3.522e+00   5.511e+00   2.845e+00   0.000e+00  9  sdss  5754  82S  5 
  417  53664.202410  0  22.413  1.001  0.300  0.000   4.121e+00   3.210e+00   1.179e+00   0.000e+00  7  sdss  5754  82S  5 
  288  53666.167403  1  22.397  0.152  0.032  0.000   3.894e+00   5.540e-01   1.152e-01   0.000e+00  11  sdss  5763  82S  5 
  288  53666.164087  2  22.036  0.175  0.041  0.000   5.508e+00   8.931e-01   2.096e-01   0.000e+00  9  sdss  5763  82S  5 
  288  53666.164916  3  23.040  0.660  0.120  0.000   1.982e+00   1.363e+00   2.616e-01   0.000e+00  11  sdss  5763  82S  5 
  288  53666.166574  4  22.355  0.751  0.191  0.000   2.404e+00   4.215e+00   1.026e+00   0.000e+00  9  sdss  5763  82S  5 
  256  53666.165745  0  22.142  0.320  0.125  0.000   5.322e+00   1.566e+00   6.255e-01   0.000e+00  7  sdss  5763  82S  5 
  288  53669.162750  1  22.464  0.161  0.063  0.000   3.658e+00   5.496e-01   2.167e-01   0.000e+00  11  sdss  5776  82S  5 
  288  53669.159433  2  22.310  0.233  0.021  0.000   4.262e+00   9.262e-01   8.284e-02   0.000e+00  9  sdss  5776  82S  5 
  288  53669.160262  3  22.454  0.418  0.134  0.000   3.615e+00   1.428e+00   4.753e-01   0.000e+00  11  sdss  5776  82S  5 
  288  53669.161920  4  21.574  0.494  0.115  0.000   7.611e+00   4.090e+00   9.843e-01   0.000e+00  9  sdss  5776  82S  5 
  256  53669.161091  0  22.482  0.451  0.096  0.000   3.859e+00   1.588e+00   3.558e-01   0.000e+00  7  sdss  5776  82S  5 
  290  53671.247696  1  22.083  0.209  0.142  0.000   5.215e+00   1.006e+00   6.933e-01   0.000e+00  11  sdss  5786  82S  5 
  288  53671.244379  2  21.807  0.197  0.114  0.000   6.816e+00   1.241e+00   7.250e-01   0.000e+00  9  sdss  5786  82S  5 
  288  53671.245208  3  22.460  0.561  0.227  0.000   3.593e+00   1.850e+00   8.000e-01   0.000e+00  11  sdss  5786  82S  5 
  256  53671.246867  4  23.057  1.138  0.956  0.000  -1.100e+00   6.682e+00   4.759e+00   0.000e+00  9  sdss  5786  82S  5 
  258  53671.246037  0  21.726  0.474  0.478  0.000   7.848e+00   3.277e+00   3.499e+00   0.000e+00  7  sdss  5786  82S  5 
  288  53674.146783  1  22.243  0.141  0.044  0.000   4.494e+00   5.911e-01   1.842e-01   0.000e+00  11  sdss  5797  82S  5 
  288  53674.143467  2  22.171  0.208  0.044  0.000   4.856e+00   9.365e-01   2.028e-01   0.000e+00  9  sdss  5797  82S  5 
  288  53674.144296  3  22.157  0.313  0.111  0.000   4.813e+00   1.407e+00   5.103e-01   0.000e+00  11  sdss  5797  82S  5 
  288  53674.145954  4  21.628  0.524  0.200  0.000   7.160e+00   4.167e+00   1.639e+00   0.000e+00  9  sdss  5797  82S  5 
  384  53674.145125  0  21.965  0.283  0.180  0.000   6.282e+00   1.631e+00   1.062e+00   0.000e+00  7  sdss  5797  82S  5 
  288  53676.236023  1  22.430  0.157  0.010  0.000   3.776e+00   5.521e-01   3.397e-02   0.000e+00  11  sdss  5807  82S  5 
  288  53676.232706  2  22.285  0.216  0.030  0.000   4.364e+00   8.797e-01   1.249e-01   0.000e+00  9  sdss  5807  82S  5 
  288  53676.233536  3  22.097  0.268  0.049  0.000   5.096e+00   1.282e+00   2.375e-01   0.000e+00  11  sdss  5807  82S  5 
  288  53676.235194  4  20.795  0.215  0.043  0.000   1.689e+01   3.471e+00   7.020e-01   0.000e+00  9  sdss  5807  82S  5 
  384  53676.234365  0  22.127  0.315  0.035  0.000   5.398e+00   1.560e+00   1.760e-01   0.000e+00  7  sdss  5807  82S  5 
  288  53679.207580  1  22.163  0.172  0.103  0.000   4.842e+00   7.727e-01   4.663e-01   0.000e+00  11  sdss  5820  82S  5 
  288  53679.204264  2  21.990  0.233  0.116  0.000   5.749e+00   1.235e+00   6.231e-01   0.000e+00  9  sdss  5820  82S  5 
  288  53679.205093  3  22.167  0.368  0.195  0.000   4.768e+00   1.625e+00   8.903e-01   0.000e+00  11  sdss  5820  82S  5 
  288  53679.206751  4  21.077  0.406  0.131  0.000   1.282e+01   5.019e+00   1.671e+00   0.000e+00  9  sdss  5820  82S  5 
  384  53679.205922  0  21.688  0.297  0.179  0.000   8.129e+00   2.199e+00   1.361e+00   0.000e+00  7  sdss  5820  82S  5 
  288  53681.198867  1  22.201  0.135  0.055  0.000   4.674e+00   5.888e-01   2.423e-01   0.000e+00  11  sdss  5836  82S  5 
  288  53681.195550  2  22.108  0.195  0.052  0.000   5.150e+00   9.307e-01   2.495e-01   0.000e+00  9  sdss  5836  82S  5 
  288  53681.196379  3  22.217  0.316  0.098  0.000   4.545e+00   1.347e+00   4.264e-01   0.000e+00  11  sdss  5836  82S  5 
  288  53681.198038  4  20.963  0.265  0.049  0.000   1.434e+01   3.683e+00   6.848e-01   0.000e+00  9  sdss  5836  82S  5 
  384  53681.197209  0  21.830  0.250  0.114  0.000   7.124e+00   1.638e+00   7.574e-01   0.000e+00  7  sdss  5836  82S  5 
  265  53685.157480  1  21.950  0.290  0.426  0.000   5.899e+00   1.559e+00   2.343e+00   0.000e+00  11  sdss  5853  82S  5 
  297  53685.154163  2  22.263  0.408  0.238  0.000   4.454e+00   1.640e+00   1.002e+00   0.000e+00  9  sdss  5853  82S  5 
 1337  53685.154992  3  22.032  0.387  1.203  0.000   5.419e+00   1.920e+00   6.196e+00   0.000e+00  11  sdss  5853  82S  5 
 1336  53685.156651  4  21.045  0.376  2.303  0.000   1.323e+01   4.785e+00   3.027e+01   0.000e+00  9  sdss  5853  82S  5 
  257  53685.155821  0  22.251  0.944  0.522  0.000   4.804e+00   3.541e+00   2.375e+00   0.000e+00  7  sdss  5853  82S  5 
  257  53687.195876  1  21.621  0.218  0.061  0.000   7.998e+00   1.597e+00   4.521e-01   0.000e+00  11  sdss  5870  82S  5 
  289  53687.192560  2  22.207  0.359  0.119  0.000   4.694e+00   1.532e+00   5.255e-01   0.000e+00  9  sdss  5870  82S  5 
  289  53687.193389  3  22.434  0.517  0.145  0.000   3.686e+00   1.761e+00   5.243e-01   0.000e+00  11  sdss  5870  82S  5 
  288  53687.195047  4  21.706  0.612  0.203  0.000   6.538e+00   4.591e+00   1.573e+00   0.000e+00  9  sdss  5870  82S  5 
 1441  53687.194218  0  24.379  2.339  1.431  0.000   2.806e-01   4.481e+00   1.436e+00   0.000e+00  7  sdss  5870  82S  5 
 1412  53697.154382  1  21.594  0.543  0.245  0.000   8.199e+00   3.827e+00   1.869e+00   0.000e+00  11  sdss  5895  82S  5 
 1453  53697.151065  2  20.946  0.561  0.474  0.000   1.511e+01   7.230e+00   6.640e+00   0.000e+00  9  sdss  5895  82S  5 
 1316  53697.151894  3  20.564  0.460  0.276  0.000   2.124e+01   8.550e+00   5.432e+00   0.000e+00  11  sdss  5895  82S  5 
 1284  53697.153553  4  23.434  2.361  1.283  0.000  -3.086e+00   2.318e+01   7.242e+00   0.000e+00  9  sdss  5895  82S  5 
 1316  53697.152723  0  23.005  3.169  0.372  0.000   2.314e+00   9.985e+00   8.746e-01   0.000e+00  7  sdss  5895  82S  5 
  256  53700.152984  1  21.755  0.097  0.050  0.000   7.066e+00   6.339e-01   3.266e-01   0.000e+00  11  sdss  5905  82S  5 
  288  53700.149667  2  21.966  0.177  0.032  0.000   5.879e+00   9.654e-01   1.761e-01   0.000e+00  9  sdss  5905  82S  5 
  288  53700.150496  3  21.785  0.226  0.060  0.000   6.838e+00   1.438e+00   3.857e-01   0.000e+00  11  sdss  5905  82S  5 
  288  53700.152154  4  20.927  0.288  0.099  0.000   1.486e+01   4.104e+00   1.432e+00   0.000e+00  9  sdss  5905  82S  5 
  256  53700.151325  0  21.910  0.289  0.045  0.000   6.613e+00   1.751e+00   2.809e-01   0.000e+00  7  sdss  5905  82S  5 
  288  53705.139370  1  21.682  0.098  0.039  0.000   7.559e+00   6.905e-01   2.737e-01   0.000e+00  11  sdss  5924  82S  5 
  288  53705.136053  2  21.755  0.155  0.055  0.000   7.152e+00   1.029e+00   3.636e-01   0.000e+00  9  sdss  5924  82S  5 
  288  53705.136882  3  21.743  0.236  0.118  0.000   7.113e+00   1.552e+00   7.903e-01   0.000e+00  11  sdss  5924  82S  5 
  288  53705.138541  4  22.428  0.799  0.454  0.000   2.019e+00   4.443e+00   2.372e+00   0.000e+00  9  sdss  5924  82S  5 
  256  53705.137711  0  21.584  0.243  0.191  0.000   8.953e+00   1.996e+00   1.598e+00   0.000e+00  7  sdss  5924  82S  5 
