# SDSS CID:  15608 IAU:          RA:  11.233945 DEC:  -1.198637  (J2000)
# GALAXY_SB [ugriz] = [ 23.27 23.32 22.98 22.91 22.31 ] +/- [  0.19  0.06  0.05  0.06  0.11 ] (asinh mag/square arcsec)
# GALAXY_SB_FLUX [ugriz] = [  1.695E+00  1.612E+00  2.233E+00  2.288E+00  2.634E+00 ] +/- [  3.507E-01  8.955E-02  1.034E-01  1.332E-01  5.880E-01 ] (microJy per square arcsec)
#FLAG  MJD       FILT  MAG     MERR  MSKYERR MGALERR  FLUX       FLUXERR    SKYERR     GALERR    NPRE TELE   RUN  STRIP  IDCCD
    0  53975.335081  1  23.360  0.350  0.173  0.334   1.550e+00   5.205e-01   2.645e-01   5.092e-01  11  sdss  6287  82S  1 
   32  53975.331763  2  24.094  0.788  0.507  0.554   6.070e-01   7.818e-01   4.937e-01   5.395e-01  11  sdss  6287  82S  1 
   32  53975.332593  3  23.851  0.844  0.229  0.408   6.272e-01   1.176e+00   3.010e-01   5.372e-01  11  sdss  6287  82S  1 
    0  53975.334252  4  22.478  0.755  0.608  0.563   1.759e+00   4.123e+00   3.120e+00   2.888e+00  10  sdss  6287  82S  1 
    0  53975.333422  0  22.733  0.588  0.213  0.827   3.031e+00   1.542e+00   6.000e-01   2.332e+00  10  sdss  6287  82S  1 
    1  53990.348325  1  25.377  1.464  0.742  0.974  -1.541e-01   1.156e+00   4.493e-01   5.895e-01  11  sdss  6330  82S  1 
   33  53990.345008  2  23.132  0.693  0.274  0.332   1.927e+00   1.233e+00   5.302e-01   6.425e-01  11  sdss  6330  82S  1 
    0  53990.345837  3  22.566  0.533  0.281  0.250   3.237e+00   1.606e+00   8.989e-01   8.008e-01  11  sdss  6330  82S  1 
    0  53990.347496  4  22.375  0.830  0.536  0.640   2.298e+00   4.689e+00   2.846e+00   3.396e+00  10  sdss  6330  82S  1 
    1  53990.346667  0  22.810  1.359  0.322  1.044   2.809e+00   2.822e+00   8.513e-01   2.756e+00  10  sdss  6330  82S  1 
   32  53994.358846  1  23.409  0.408  0.083  0.369   1.477e+00   5.776e-01   1.210e-01   5.412e-01  11  sdss  6355  82S  1 
   32  53994.355529  2  23.426  0.511  0.188  0.234   1.419e+00   7.500e-01   2.865e-01   3.574e-01  11  sdss  6355  82S  1 
   32  53994.356359  3  23.368  0.739  0.301  0.322   1.348e+00   1.235e+00   5.150e-01   5.519e-01  11  sdss  6355  82S  1 
   32  53994.358017  4  22.824  0.834  0.155  0.694   4.396e-02   4.476e+00   7.553e-01   3.387e+00  10  sdss  6355  82S  1 
   32  53994.357188  0  24.292  1.344  0.180  3.037   3.688e-01   1.687e+00   1.837e-01   3.101e+00  10  sdss  6355  82S  1 
   32  53996.342287  1  23.328  0.368  0.083  0.445   1.601e+00   5.600e-01   1.303e-01   6.979e-01  11  sdss  6367  82S  1 
    0  53996.338970  2  25.264  0.891  0.708  0.802  -3.807e-01   8.345e-01   6.170e-01   6.988e-01  11  sdss  6367  82S  1 
   32  53996.339800  3  22.962  0.604  0.195  0.383   2.158e+00   1.321e+00   4.503e-01   8.832e-01  11  sdss  6367  82S  1 
   32  53996.341458  4  22.586  0.861  0.778  0.923   1.213e+00   4.723e+00   3.889e+00   4.615e+00  10  sdss  6367  82S  1 
    0  53996.340629  0  23.313  1.003  0.176  1.793   1.678e+00   1.608e+00   3.096e-01   3.149e+00  10  sdss  6367  82S  1 
   32  53998.311227  1  23.217  0.365  0.317  0.516   1.785e+00   6.112e-01   5.473e-01   8.899e-01  11  sdss  6377  82S  1 
   60  53998.307910  2  23.095  0.467  1.280  0.188   2.000e+00   8.940e-01   2.560e+00   3.759e-01  11  sdss  6377  82S  1 
 1156  53998.308739  3  22.771  0.819  0.752  0.348   2.636e+00   1.985e+00   2.025e+00   9.361e-01  11  sdss  6377  82S  1 
  128  53998.310398  4  23.668  0.686  0.342  0.601  -4.489e+00   4.352e+00   2.179e+00   3.825e+00  10  sdss  6377  82S  1 
 1160  53998.309569  0  22.629  0.750  0.810  1.446   3.351e+00   2.057e+00   2.499e+00   4.460e+00  10  sdss  6377  82S  1 
    0  54005.341295  1  23.056  0.255  0.078  0.162   2.088e+00   4.974e-01   1.540e-01   3.212e-01  11  sdss  6402  82S  1 
    0  54005.337977  2  22.886  0.302  0.046  0.123   2.460e+00   7.079e-01   1.109e-01   2.934e-01  11  sdss  6402  82S  1 
    0  54005.338807  3  22.853  0.454  0.135  0.148   2.421e+00   1.102e+00   3.410e-01   3.714e-01  11  sdss  6402  82S  1 
   32  54005.340465  4  22.740  0.671  0.154  0.411   4.535e-01   3.495e+00   7.549e-01   2.012e+00  10  sdss  6402  82S  1 
    0  54005.339636  0  23.457  0.968  0.421  1.083   1.428e+00   1.437e+00   6.657e-01   1.711e+00  10  sdss  6402  82S  1 
    0  54008.302299  1  22.748  0.205  0.056  0.169   2.801e+00   5.283e-01   1.452e-01   4.418e-01  11  sdss  6417  82S  1 
    0  54008.298982  2  22.864  0.319  0.139  0.166   2.514e+00   7.602e-01   3.378e-01   4.037e-01  11  sdss  6417  82S  1 
    0  54008.299811  3  23.037  0.567  0.186  0.239   1.989e+00   1.182e+00   4.039e-01   5.206e-01  11  sdss  6417  82S  1 
    0  54008.301470  4  22.046  0.638  0.136  0.436   4.183e+00   3.956e+00   8.447e-01   2.700e+00  10  sdss  6417  82S  1 
    8  54008.300640  0  23.137  0.830  0.486  1.080   2.020e+00   1.518e+00   9.794e-01   2.174e+00  10  sdss  6417  82S  1 
    1  54010.296697  1  22.831  0.276  0.095  0.140   2.590e+00   6.557e-01   2.312e-01   3.404e-01  11  sdss  6425  82S  1 
   32  54010.293380  2  23.196  0.464  0.089  0.171   1.806e+00   8.183e-01   1.632e-01   3.147e-01  11  sdss  6425  82S  1 
    0  54010.294209  3  22.439  0.334  0.075  0.109   3.668e+00   1.163e+00   2.668e-01   3.902e-01  11  sdss  6425  82S  1 
    0  54010.295867  4  22.128  0.558  0.340  0.326   3.681e+00   3.326e+00   2.011e+00   1.932e+00  10  sdss  6425  82S  1 
    0  54010.295038  0  22.319  0.413  0.134  0.387   4.506e+00   1.605e+00   5.425e-01   1.569e+00  10  sdss  6425  82S  1 
    1  54012.289424  1  25.561  1.480  0.482  0.469  -2.679e-01   1.191e+00   3.068e-01   2.990e-01  11  sdss  6433  82S  1 
    1  54012.286107  2  25.642  1.122  0.318  0.290  -7.398e-01   1.208e+00   3.335e-01   3.035e-01  11  sdss  6433  82S  1 
    1  54012.286937  3  22.964  0.705  0.163  0.183   2.153e+00   1.517e+00   3.764e-01   4.219e-01  11  sdss  6433  82S  1 
   32  54012.288595  4  22.689  0.779  0.211  0.404   7.014e-01   4.153e+00   1.036e+00   1.987e+00  10  sdss  6433  82S  1 
    1  54012.287766  0  24.059  1.871  0.625  1.448   6.184e-01   2.905e+00   6.928e-01   1.607e+00  10  sdss  6433  82S  1 
   33  54020.295411  1  23.811  0.899  0.616  0.576   9.697e-01   8.791e-01   6.524e-01   6.104e-01  11  sdss  6447  82S  1 
    1  54020.292094  2  22.322  0.349  0.415  0.177   4.213e+00   1.332e+00   1.635e+00   6.984e-01  11  sdss  6447  82S  1 
   56  54020.292924  3  23.578  1.111  2.641  0.513   1.012e+00   1.740e+00   3.975e+00   7.711e-01  11  sdss  6447  82S  1 
    8  54020.294582  4  21.392  0.604  0.859  0.370   9.279e+00   5.577e+00   8.383e+00   3.617e+00  10  sdss  6447  82S  1 
   33  54020.293753  0  23.625  1.651  1.046  2.031   1.170e+00   2.504e+00   1.473e+00   2.861e+00  10  sdss  6447  82S  1 
   34  54024.376988  1  23.425  0.607  0.256  0.843   1.454e+00   8.182e-01   3.704e-01   1.219e+00  11  sdss  6458  82S  1 
   32  54024.373671  2  23.052  0.575  0.406  0.525   2.088e+00   1.117e+00   8.414e-01   1.088e+00  11  sdss  6458  82S  1 
   32  54024.374500  3  24.315  1.085  0.718  0.928   5.567e-02   1.510e+00   8.514e-01   1.100e+00  11  sdss  6458  82S  1 
    0  54024.376159  4  21.794  0.799  0.408  0.791   5.872e+00   5.606e+00   2.952e+00   5.725e+00  10  sdss  6458  82S  1 
    2  54024.375329  0  22.276  0.592  0.390  1.257   4.693e+00   2.292e+00   1.640e+00   5.294e+00  10  sdss  6458  82S  1 
   32  54028.365017  1  23.370  0.493  0.329  0.698   1.535e+00   7.095e-01   4.983e-01   1.055e+00  11  sdss  6471  82S  1 
   32  54028.361700  2  23.141  0.600  0.377  0.416   1.909e+00   1.079e+00   7.254e-01   8.006e-01  11  sdss  6471  82S  1 
   32  54028.362529  3  23.380  0.905  0.447  0.461   1.328e+00   1.503e+00   7.593e-01   7.839e-01  11  sdss  6471  82S  1 
    0  54028.364188  4  21.813  0.817  0.320  0.596   5.741e+00   5.674e+00   2.287e+00   4.267e+00  10  sdss  6471  82S  1 
    2  54028.363358  0  21.837  0.382  0.175  0.758   7.079e+00   2.302e+00   1.098e+00   4.743e+00  10  sdss  6471  82S  1 
    0  54030.288593  1  23.113  0.271  0.108  0.182   1.976e+00   5.038e-01   2.034e-01   3.430e-01  11  sdss  6479  82S  1 
   32  54030.285276  2  23.478  0.668  0.149  0.202   1.340e+00   9.256e-01   2.178e-01   2.965e-01  11  sdss  6479  82S  1 
    0  54030.286106  3  22.435  0.326  0.051  0.097   3.682e+00   1.138e+00   1.817e-01   3.469e-01  11  sdss  6479  82S  1 
   32  54030.287764  4  22.803  0.707  0.176  0.391   1.474e-01   3.700e+00   8.587e-01   1.906e+00  10  sdss  6479  82S  1 
    0  54030.286935  0  23.657  1.102  0.105  1.164   1.123e+00   1.502e+00   1.442e-01   1.605e+00  10  sdss  6479  82S  1 
    0  54035.364131  1  23.280  0.473  0.399  0.680   1.678e+00   7.365e-01   6.514e-01   1.111e+00  11  sdss  6501  82S  1 
   32  54035.360814  2  24.402  1.313  1.380  1.611   3.270e-01   1.352e+00   1.178e+00   1.374e+00  11  sdss  6501  82S  1 
    0  54035.361643  3  22.249  0.448  0.481  0.331   4.408e+00   1.799e+00   2.026e+00   1.394e+00  11  sdss  6501  82S  1 
    0  54035.363302  4  23.242  1.068  0.386  1.156  -2.043e+00   6.276e+00   2.015e+00   6.033e+00  10  sdss  6501  82S  1 
   34  54035.362472  0  24.417  1.782  3.071  6.440   2.426e-01   2.622e+00   3.046e+00   6.387e+00  10  sdss  6501  82S  1 
   32  54037.269600  1  23.581  0.442  0.116  0.361   1.240e+00   5.425e-01   1.477e-01   4.587e-01  11  sdss  6508  82S  1 
   32  54037.266282  2  22.968  0.366  0.150  0.192   2.269e+00   7.908e-01   3.344e-01   4.284e-01  11  sdss  6508  82S  1 
   32  54037.267112  3  23.297  0.689  0.164  0.290   1.474e+00   1.199e+00   2.938e-01   5.206e-01  11  sdss  6508  82S  1 
    0  54037.268770  4  21.436  0.443  0.070  0.270   8.852e+00   4.047e+00   6.630e-01   2.550e+00  10  sdss  6508  82S  1 
    0  54037.267941  0  22.995  0.775  0.256  0.966   2.338e+00   1.585e+00   5.793e-01   2.185e+00  10  sdss  6508  82S  1 
    1  54040.284222  1  26.558  1.509  0.433  0.613  -1.119e+00   1.548e+00   5.086e-01   7.194e-01  11  sdss  6518  82S  1 
   33  54040.280905  2  24.136  1.262  0.355  0.494   5.664e-01   1.334e+00   3.379e-01   4.705e-01  11  sdss  6518  82S  1 
    1  54040.281734  3  22.800  0.692  0.364  0.235   2.559e+00   1.682e+00   9.564e-01   6.186e-01  11  sdss  6518  82S  1 
  160  54040.283393  4  22.272  0.942  0.624  0.728   2.856e+00   5.557e+00   3.451e+00   4.025e+00  10  sdss  6518  82S  1 
    1  54040.282563  0  26.080  1.910  1.019  1.772  -1.792e+00   3.370e+00   1.876e+00   3.263e+00  10  sdss  6518  82S  1 
    3  54047.314102  1  27.491  1.365  0.593  0.684  -2.807e+00   2.570e+00   1.551e+00   1.789e+00  11  sdss  6530  82S  1 
   43  54047.310785  2  22.814  1.411  4.582  0.882   2.636e+00   2.697e+00   1.166e+01   2.244e+00  11  sdss  6530  82S  1 
   58  54047.311614  3  24.326  1.742 17.245  2.421   4.258e-02   3.070e+00   2.043e+01   2.869e+00  11  sdss  6530  82S  1 
    2  54047.313273  4  24.718  0.833  0.975  0.920  -1.455e+01   1.032e+01   1.379e+01   1.301e+01  10  sdss  6530  82S  1 
   33  54049.309984  1  23.182  0.951  0.285  0.611   1.848e+00   1.431e+00   5.061e-01   1.087e+00  11  sdss  6537  82S  1 
   33  54049.306667  2  22.741  0.577  0.234  0.357   2.829e+00   1.452e+00   6.350e-01   9.685e-01  11  sdss  6537  82S  1 
    0  54049.307496  3  24.710  1.195  0.408  0.857  -4.198e-01   1.751e+00   5.078e-01   1.068e+00  11  sdss  6537  82S  1 
    0  54049.309154  4  21.041  0.472  0.278  0.402   1.328e+01   5.882e+00   3.632e+00   5.241e+00  10  sdss  6537  82S  1 
    3  54049.308325  0  24.761  2.151  1.007  4.635  -9.237e-02   3.741e+00   9.790e-01   4.506e+00  10  sdss  6537  82S  1 
   32  54053.274103  1  23.674  0.485  0.324  0.492   1.124e+00   5.507e-01   3.822e-01   5.799e-01  11  sdss  6555  82S  1 
   32  54053.270786  2  23.057  0.406  0.220  0.238   2.078e+00   8.092e-01   4.543e-01   4.922e-01  11  sdss  6555  82S  1 
    0  54053.271615  3  22.433  0.344  0.105  0.148   3.689e+00   1.201e+00   3.757e-01   5.295e-01  11  sdss  6555  82S  1 
    8  54053.273274  4  23.192  0.728  0.798  0.588  -1.787e+00   3.960e+00   4.104e+00   3.024e+00  10  sdss  6555  82S  1 
  128  54053.272445  0  23.389  0.999  0.200  1.471   1.543e+00   1.537e+00   3.321e-01   2.441e+00  10  sdss  6555  82S  1 
   32  54056.275498  1  23.352  0.421  0.292  0.479   1.562e+00   6.235e-01   4.486e-01   7.358e-01  11  sdss  6568  82S  1 
   32  54056.272181  2  23.358  0.763  0.395  0.514   1.525e+00   1.133e+00   6.350e-01   8.274e-01  11  sdss  6568  82S  1 
   32  54056.273010  3  23.429  0.938  0.558  0.605   1.246e+00   1.525e+00   9.193e-01   9.962e-01  11  sdss  6568  82S  1 
    0  54056.274669  4  21.832  0.787  0.542  0.636   5.604e+00   5.417e+00   3.825e+00   4.493e+00  10  sdss  6568  82S  1 
    8  54056.273840  0  22.529  0.686  0.704  1.160   3.691e+00   2.084e+00   2.371e+00   3.904e+00  10  sdss  6568  82S  1 
   34  54059.269534  1  23.205  0.441  0.445  0.805   1.807e+00   7.368e-01   7.760e-01   1.404e+00  11  sdss  6580  82S  1 
   32  54059.266217  2  22.840  0.453  0.383  0.467   2.573e+00   1.077e+00   9.538e-01   1.163e+00  11  sdss  6580  82S  1 
  160  54059.267046  3  23.766  1.102  0.874  1.122   7.416e-01   1.643e+00   1.194e+00   1.533e+00  11  sdss  6580  82S  1 
    0  54059.268705  4  23.477  0.989  0.987  1.238  -3.329e+00   6.006e+00   5.671e+00   7.108e+00  10  sdss  6580  82S  1 
    0  54059.267876  0  25.818  2.076  0.490  5.277  -1.338e+00   3.688e+00   7.446e-01   8.010e+00  10  sdss  6580  82S  1 
    0  54062.274164  1  22.736  0.239  0.198  0.278   2.833e+00   6.220e-01   5.214e-01   7.326e-01  11  sdss  6596  82S  1 
    0  54062.270848  2  22.550  0.305  0.195  0.218   3.396e+00   9.571e-01   6.274e-01   7.006e-01  11  sdss  6596  82S  1 
   32  54062.271677  3  23.347  0.876  0.356  0.475   1.384e+00   1.475e+00   6.178e-01   8.246e-01  11  sdss  6596  82S  1 
    0  54062.273335  4  22.232  0.879  0.384  0.617   3.081e+00   5.186e+00   2.162e+00   3.470e+00  10  sdss  6596  82S  1 
    8  54062.272506  0  22.818  0.894  0.840  1.438   2.787e+00   2.033e+00   2.202e+00   3.769e+00  10  sdss  6596  82S  1 
  131  54068.254312  1  22.128  0.403  0.144  0.260   4.998e+00   1.766e+00   6.567e-01   1.189e+00  11  sdss  6618  82S  1 
    1  54068.250995  2  25.974  1.396  0.370  0.825  -1.128e+00   1.739e+00   4.840e-01   1.077e+00  11  sdss  6618  82S  1 
    0  54068.251824  3  22.395  0.602  0.253  0.337   3.828e+00   2.063e+00   9.393e-01   1.248e+00  11  sdss  6618  82S  1 
    0  54068.253483  4  23.757  0.903  0.962  0.883  -5.070e+00   5.996e+00   6.465e+00   5.930e+00  10  sdss  6618  82S  1 
    3  54068.252653  0  22.808  2.019  1.133  2.131   2.815e+00   4.164e+00   2.994e+00   5.632e+00  10  sdss  6618  82S  1 
