# SDSS CID:   5030 IAU:          RA:  48.735573 DEC:  -0.504880  (J2000)
# GALAXY_SB [ugriz] = [ 22.97 22.64 21.98 21.50 20.94 ] +/- [  0.16  0.03  0.02  0.01  0.03 ] (asinh mag/square arcsec)
# GALAXY_SB_FLUX [ugriz] = [  2.324E+00  3.097E+00  5.779E+00  8.914E+00  1.454E+01 ] +/- [  3.692E-01  7.475E-02  9.039E-02  1.068E-01  4.215E-01 ] (microJy per square arcsec)
#FLAG  MJD       FILT  MAG     MERR  MSKYERR MGALERR  FLUX       FLUXERR    SKYERR     GALERR    NPRE TELE   RUN  STRIP  IDCCD
   32  53616.447175  1  24.362  0.829  0.173  0.953   4.821e-01   6.197e-01   1.272e-01   7.024e-01  21  sdss  5566  82N  2 
   32  53616.443858  2  24.047  0.814  0.226  0.480   6.535e-01   8.244e-01   2.255e-01   4.790e-01  22  sdss  5566  82N  2 
   32  53616.444687  3  23.847  0.858  0.348  0.398   6.327e-01   1.200e+00   4.593e-01   5.246e-01  25  sdss  5566  82N  2 
   32  53616.446346  4  22.761  0.812  0.376  0.551   3.491e-01   4.342e+00   1.838e+00   2.694e+00  25  sdss  5566  82N  2 
   36  53616.445517  0  23.113  1.021  0.071  1.577   2.072e+00   1.881e+00   1.493e-01   3.325e+00  12  sdss  5566  82N  2 
  160  53626.424583  1  22.971  0.310  0.308  0.330   2.265e+00   6.555e-01   6.666e-01   7.143e-01  21  sdss  5603  82N  2 
   32  53626.421265  2  23.323  0.541  0.351  0.333   1.582e+00   8.535e-01   5.819e-01   5.513e-01  22  sdss  5603  82N  2 
   32  53626.422095  3  23.513  0.740  0.365  0.357   1.111e+00   1.150e+00   5.693e-01   5.583e-01  25  sdss  5603  82N  2 
   32  53626.423753  4  21.504  0.403  0.082  0.231   8.225e+00   3.490e+00   7.306e-01   2.048e+00  25  sdss  5603  82N  2 
   44  53626.422924  0  23.409  1.053  0.786  1.416   1.508e+00   1.625e+00   1.315e+00   2.369e+00  12  sdss  5603  82N  2 
   32  53628.409313  1  22.926  0.334  0.230  0.299   2.365e+00   7.309e-01   5.171e-01   6.724e-01  21  sdss  5610  82N  2 
   32  53628.405996  2  23.843  0.922  0.521  0.563   8.698e-01   1.022e+00   5.877e-01   6.356e-01  22  sdss  5610  82N  2 
   32  53628.406825  3  23.596  0.908  0.392  0.440   9.849e-01   1.378e+00   5.839e-01   6.551e-01  25  sdss  5610  82N  2 
   32  53628.408484  4  22.042  0.785  0.191  0.480   4.205e+00   4.882e+00   1.182e+00   2.963e+00  25  sdss  5610  82N  2 
   40  53628.407654  0  23.795  1.362  1.098  2.671   9.372e-01   1.866e+00   1.413e+00   3.438e+00  12  sdss  5610  82N  2 
    1  53635.418190  1  22.447  0.333  0.069  0.075   3.715e+00   1.121e+00   2.393e-01   2.587e-01  21  sdss  5622  82N  2 
   33  53635.414873  2  22.443  0.331  0.073  0.072   3.761e+00   1.140e+00   2.580e-01   2.560e-01  22  sdss  5622  82N  2 
   33  53635.415702  3  22.866  0.524  0.152  0.100   2.387e+00   1.245e+00   3.786e-01   2.478e-01  25  sdss  5622  82N  2 
   32  53635.417361  4  21.497  0.392  0.055  0.123   8.288e+00   3.421e+00   4.941e-01   1.096e+00  25  sdss  5622  82N  2 
   33  53635.416531  0  23.769  1.745  0.565  1.082   9.703e-01   2.667e+00   7.386e-01   1.414e+00  12  sdss  5622  82N  2 
   32  53639.457145  1  23.924  0.719  0.152  0.477   8.532e-01   6.710e-01   1.492e-01   4.678e-01  21  sdss  5642  82N  2 
   32  53639.453828  2  22.862  0.355  0.123  0.172   2.518e+00   8.417e-01   2.993e-01   4.201e-01  22  sdss  5642  82N  2 
   32  53639.454657  3  22.716  0.435  0.215  0.185   2.786e+00   1.180e+00   6.046e-01   5.212e-01  25  sdss  5642  82N  2 
   32  53639.456316  4  22.127  0.602  0.273  0.321   3.692e+00   3.582e+00   1.609e+00   1.895e+00  25  sdss  5642  82N  2 
   32  53639.455487  0  23.260  1.277  0.141  1.709   1.775e+00   2.111e+00   2.645e-01   3.205e+00  12  sdss  5642  82N  2 
  160  53641.456443  1  23.869  0.779  0.277  0.890   9.084e-01   7.483e-01   2.825e-01   9.095e-01  21  sdss  5658  82N  2 
   32  53641.453126  2  23.078  0.501  0.266  0.385   2.035e+00   9.672e-01   5.389e-01   7.810e-01  22  sdss  5658  82N  2 
   32  53641.453955  3  22.782  0.494  0.180  0.288   2.605e+00   1.259e+00   4.793e-01   7.678e-01  25  sdss  5658  82N  2 
  160  53641.455614  4  21.926  0.679  0.537  0.625   4.956e+00   4.435e+00   3.550e+00   4.132e+00  25  sdss  5658  82N  2 
   32  53641.454784  0  22.592  0.758  0.153  1.271   3.474e+00   2.205e+00   5.027e-01   4.178e+00  12  sdss  5658  82N  2 
   32  53644.404347  1  22.505  0.154  0.066  0.094   3.519e+00   5.014e-01   2.170e-01   3.097e-01  21  sdss  5670  82N  2 
   32  53644.401030  2  22.910  0.347  0.131  0.180   2.402e+00   7.912e-01   3.075e-01   4.210e-01  22  sdss  5670  82N  2 
   32  53644.401859  3  22.548  0.339  0.075  0.119   3.296e+00   1.075e+00   2.445e-01   3.867e-01  25  sdss  5670  82N  2 
   32  53644.403518  4  22.096  0.518  0.202  0.238   3.874e+00   3.114e+00   1.211e+00   1.426e+00  25  sdss  5670  82N  2 
   32  53644.402688  0  22.868  0.671  0.147  0.818   2.652e+00   1.590e+00   3.806e-01   2.115e+00  12  sdss  5670  82N  2 
   34  53657.416094  1  22.947  0.426  0.545  0.528   2.318e+00   9.012e-01   1.205e+00   1.167e+00  21  sdss  5731  82N  2 
   32  53657.412776  2  23.184  0.764  0.665  0.596   1.827e+00   1.286e+00   1.234e+00   1.105e+00  22  sdss  5731  82N  2 
   32  53657.413606  3  24.100  1.180  1.448  1.064   3.131e-01   1.707e+00   1.765e+00   1.296e+00  25  sdss  5731  82N  2 
    0  53657.415264  4  22.880  1.071  1.224  0.971  -2.300e-01   6.115e+00   5.975e+00   4.739e+00  25  sdss  5731  82N  2 
   42  53657.414435  0  22.875  1.194  1.481  2.371   2.634e+00   2.502e+00   3.806e+00   6.098e+00  12  sdss  5731  82N  2 
   33  53663.400811  1  22.528  0.445  0.090  0.117   3.444e+00   1.360e+00   2.893e-01   3.764e-01  21  sdss  5744  82N  2 
   33  53663.397494  2  23.534  1.121  0.122  0.345   1.260e+00   1.440e+00   1.715e-01   4.848e-01  22  sdss  5744  82N  2 
   33  53663.398324  3  23.068  0.724  0.263  0.217   1.923e+00   1.448e+00   5.586e-01   4.614e-01  25  sdss  5744  82N  2 
    0  53663.399982  4  22.885  0.809  0.371  0.452  -2.550e-01   4.326e+00   1.811e+00   2.205e+00  25  sdss  5744  82N  2 
   33  53663.399153  0  22.563  1.784  0.315  0.810   3.572e+00   4.177e+00   1.061e+00   2.731e+00  12  sdss  5744  82N  2 
   33  53666.471020  1  23.677  0.871  0.265  0.291   1.120e+00   9.363e-01   3.137e-01   3.449e-01  21  sdss  5765  82N  2 
   33  53666.467702  2  23.385  0.651  0.047  0.178   1.482e+00   9.641e-01   7.445e-02   2.801e-01  22  sdss  5765  82N  2 
   32  53666.468532  3  23.579  0.789  0.203  0.194   1.009e+00   1.194e+00   3.047e-01   2.922e-01  25  sdss  5765  82N  2 
   32  53666.470190  4  22.124  0.648  0.293  0.232   3.709e+00   3.874e+00   1.734e+00   1.373e+00  25  sdss  5765  82N  2 
   33  53666.469361  0  22.709  1.267  0.289  0.682   3.101e+00   2.935e+00   8.584e-01   2.023e+00  12  sdss  5765  82N  2 
   33  53668.390419  1  23.951  0.955  0.189  0.889   8.270e-01   8.637e-01   1.821e-01   8.548e-01  21  sdss  5770  82N  2 
   32  53668.387102  2  23.146  0.660  0.316  0.523   1.900e+00   1.169e+00   6.058e-01   1.002e+00  22  sdss  5770  82N  2 
   32  53668.387931  3  22.275  0.356  0.220  0.233   4.300e+00   1.424e+00   9.071e-01   9.603e-01  25  sdss  5770  82N  2 
   32  53668.389590  4  21.674  0.665  0.281  0.516   6.785e+00   5.004e+00   2.199e+00   4.032e+00  25  sdss  5770  82N  2 
   42  53668.388761  0  21.779  0.452  0.364  0.959   7.471e+00   2.921e+00   2.481e+00   6.548e+00  12  sdss  5770  82N  2 
   33  53669.478090  1  22.679  0.367  0.276  0.270   2.989e+00   9.953e-01   7.753e-01   7.573e-01  21  sdss  5777  82N  2 
   32  53669.474773  2  22.592  0.387  0.092  0.191   3.266e+00   1.156e+00   2.834e-01   5.905e-01  22  sdss  5777  82N  2 
   32  53669.475602  3  24.029  1.069  0.771  0.604   4.007e-01   1.512e+00   9.564e-01   7.490e-01  25  sdss  5777  82N  2 
    0  53669.477261  4  24.206  0.613  0.524  0.325  -8.632e+00   5.339e+00   4.809e+00   2.979e+00  25  sdss  5777  82N  2 
   33  53669.476431  0  22.542  1.152  0.314  1.056   3.645e+00   3.115e+00   1.080e+00   3.627e+00  12  sdss  5777  82N  2 
   32  53670.395509  1  23.168  0.510  0.430  0.394   1.873e+00   8.753e-01   7.817e-01   7.158e-01  21  sdss  5781  82N  2 
  168  53670.392192  2  23.134  0.945  1.650  0.374   1.923e+00   1.591e+00   3.193e+00   7.239e-01  22  sdss  5781  82N  2 
   40  53670.393021  3  24.130  1.016  2.089  0.636   2.765e-01   1.401e+00   2.530e+00   7.700e-01  25  sdss  5781  82N  2 
   32  53670.394680  4  22.058  0.890  0.249  0.505   4.109e+00   5.551e+00   1.521e+00   3.092e+00  25  sdss  5781  82N  2 
   44  53670.393850  0  23.345  1.622  1.169  2.510   1.618e+00   2.648e+00   2.053e+00   4.405e+00  12  sdss  5781  82N  2 
   32  53673.363665  1  23.279  0.309  0.076  0.166   1.680e+00   4.993e-01   1.258e-01   2.739e-01  21  sdss  5792  82N  2 
   32  53673.360348  2  22.641  0.259  0.081  0.085   3.116e+00   7.539e-01   2.403e-01   2.511e-01  22  sdss  5792  82N  2 
   32  53673.361177  3  23.774  0.745  0.183  0.188   7.308e-01   1.046e+00   2.485e-01   2.553e-01  25  sdss  5792  82N  2 
   32  53673.362836  4  22.519  0.614  0.197  0.257   1.552e+00   3.250e+00   1.001e+00   1.305e+00  25  sdss  5792  82N  2 
  160  53673.362006  0  22.719  0.554  0.078  0.526   3.072e+00   1.524e+00   2.304e-01   1.548e+00  12  sdss  5792  82N  2 
   32  53675.360465  1  23.393  0.383  0.274  0.332   1.500e+00   5.573e-01   4.113e-01   4.983e-01  21  sdss  5800  82N  2 
   32  53675.357148  2  23.146  0.530  0.100  0.263   1.900e+00   9.626e-01   1.910e-01   5.045e-01  22  sdss  5800  82N  2 
   32  53675.357977  3  24.283  0.907  0.340  0.421   9.379e-02   1.206e+00   4.032e-01   5.002e-01  25  sdss  5800  82N  2 
    0  53675.359636  4  23.115  0.769  0.647  0.471  -1.393e+00   4.155e+00   3.256e+00   2.370e+00  25  sdss  5800  82N  2 
  160  53675.358806  0  24.052  1.315  0.089  2.465   6.269e-01   1.690e+00   9.941e-02   2.767e+00  12  sdss  5800  82N  2 
   32  53680.368171  1  23.328  0.336  0.201  0.215   1.601e+00   5.201e-01   3.175e-01   3.407e-01  21  sdss  5823  82N  2 
   32  53680.364853  2  23.510  0.610  0.249  0.275   1.294e+00   8.326e-01   3.554e-01   3.930e-01  22  sdss  5823  82N  2 
   32  53680.365683  3  23.619  0.769  0.195  0.279   9.508e-01   1.144e+00   2.867e-01   4.099e-01  25  sdss  5823  82N  2 
    0  53680.367341  4  23.271  0.629  0.324  0.303  -2.198e+00   3.429e+00   1.703e+00   1.596e+00  25  sdss  5823  82N  2 
   32  53680.366512  0  23.607  1.195  0.069  1.553   1.196e+00   1.692e+00   9.971e-02   2.255e+00  12  sdss  5823  82N  2 
  164  53683.426853  1  22.868  0.461  0.232  0.179   2.500e+00   1.039e+00   5.505e-01   4.249e-01  21  sdss  5842  82N  2 
   36  53683.423536  2  23.518  1.251  0.348  0.193   1.282e+00   1.617e+00   4.944e-01   2.735e-01  22  sdss  5842  82N  2 
   36  53683.424365  3  23.231  1.185  0.347  0.152   1.595e+00   2.120e+00   6.525e-01   2.864e-01  25  sdss  5842  82N  2 
   37  53683.426024  4  21.297  1.228  0.705  0.174   1.025e+01   1.096e+01   7.360e+00   1.820e+00  25  sdss  5842  82N  2 
   44  53683.425195  0  22.237  0.983  0.682  0.479   4.867e+00   3.603e+00   3.074e+00   2.158e+00  12  sdss  5842  82N  2 
    1  53686.367638  1  25.186  1.530  0.687  0.825  -3.994e-02   1.231e+00   4.052e-01   4.864e-01  21  sdss  5866  82N  2 
   33  53686.364322  2  23.565  1.024  0.237  0.392   1.216e+00   1.299e+00   3.250e-01   5.377e-01  22  sdss  5866  82N  2 
   32  53686.365151  3  23.129  0.758  0.218  0.289   1.795e+00   1.453e+00   4.421e-01   5.865e-01  25  sdss  5866  82N  2 
   32  53686.366809  4  21.325  0.415  0.306  0.212   9.957e+00   4.112e+00   3.120e+00   2.165e+00  25  sdss  5866  82N  2 
  137  53686.365980  0  25.709  1.997  1.570  2.425  -1.173e+00   3.408e+00   2.257e+00   3.484e+00  12  sdss  5866  82N  2 
    3  53687.425155  1  28.605  0.586  0.401  0.258  -7.917e+00   3.910e+00   2.927e+00   1.886e+00  21  sdss  5872  82N  2 
    1  53687.421838  2  26.282  2.001  1.388  0.893  -1.584e+00   3.062e+00   2.301e+00   1.479e+00  22  sdss  5872  82N  2 
  169  53687.422668  3  21.048  0.257  0.536  0.141   1.358e+01   3.157e+00   6.700e+00   1.764e+00  25  sdss  5872  82N  2 
    2  53687.424326  4  24.644  0.887  1.186  0.645  -1.354e+01   1.013e+01   1.557e+01   8.471e+00  25  sdss  5872  82N  2 
  135  53687.423497  0  28.197  1.125  0.769  1.012  -1.358e+01   1.043e+01   9.475e+00   1.246e+01  12  sdss  5872  82N  2 
   33  53693.369879  1  23.535  1.705  0.678  0.610   1.299e+00   1.892e+00   9.025e-01   8.114e-01  21  sdss  5878  82N  2 
   33  53693.366562  2  23.704  1.379  0.528  0.599   1.035e+00   1.673e+00   6.553e-01   7.425e-01  22  sdss  5878  82N  2 
    1  53693.367391  3  25.210  1.085  0.466  0.523  -1.110e+00   1.728e+00   7.271e-01   8.168e-01  25  sdss  5878  82N  2 
    0  53693.369049  4  23.016  0.883  0.627  0.565  -8.978e-01   4.831e+00   3.097e+00   2.794e+00  25  sdss  5878  82N  2 
    1  53693.368220  0  26.256  2.361  1.127  1.765  -2.154e+00   5.013e+00   2.451e+00   3.840e+00  12  sdss  5878  82N  2 
   32  53699.390626  1  25.086  1.063  0.238  0.811   1.913e-02   7.308e-01   1.400e-01   4.778e-01  21  sdss  5902  82N  2 
   32  53699.387309  2  23.210  0.508  0.148  0.218   1.779e+00   8.791e-01   2.679e-01   3.951e-01  22  sdss  5902  82N  2 
   32  53699.388138  3  23.297  0.651  0.122  0.203   1.474e+00   1.137e+00   2.196e-01   3.650e-01  25  sdss  5902  82N  2 
    0  53699.389797  4  22.879  0.719  0.150  0.378  -2.250e-01   3.769e+00   7.310e-01   1.845e+00  25  sdss  5902  82N  2 
   32  53699.388968  0  24.274  1.621  0.940  2.397   3.876e-01   2.249e+00   9.681e-01   2.470e+00  12  sdss  5902  82N  2 
   32  53704.352840  1  24.882  0.997  1.452  1.579   1.401e-01   6.804e-01   8.751e-01   9.516e-01  21  sdss  5918  82N  2 
   32  53704.349523  2  23.280  0.680  0.403  0.610   1.656e+00   1.083e+00   6.903e-01   1.046e+00  22  sdss  5918  82N  2 
   32  53704.350352  3  23.381  0.817  0.588  0.471   1.326e+00   1.355e+00   9.989e-01   7.992e-01  25  sdss  5918  82N  2 
   32  53704.352011  4  21.583  0.565  0.397  0.328   7.537e+00   4.553e+00   3.315e+00   2.739e+00  25  sdss  5918  82N  2 
   40  53704.351182  0  23.408  1.361  1.074  2.674   1.510e+00   2.109e+00   1.798e+00   4.477e+00  12  sdss  5918  82N  2 
