# SDSS CID:  17704 IAU:          RA: 350.989441 DEC:   0.591344  (J2000)
# GALAXY_SB [ugriz] = [ 23.99 24.02 23.20 22.77 22.26 ] +/- [  0.22  0.10  0.06  0.05  0.09 ] (asinh mag/square arcsec)
# GALAXY_SB_FLUX [ugriz] = [  6.565E-01  7.556E-01  1.792E+00  2.633E+00  2.898E+00 ] +/- [  2.548E-01  8.815E-02  1.036E-01  1.383E-01  4.961E-01 ] (microJy per square arcsec)
#FLAG  MJD       FILT  MAG     MERR  MSKYERR MGALERR  FLUX       FLUXERR    SKYERR     GALERR    NPRE TELE   RUN  STRIP  IDCCD
   33  54347.284077  1  21.412  0.114  0.080  0.134   9.699e+00   1.019e+00   7.206e-01   1.203e+00  12  sdss  6930  82S  5 
   32  54347.280759  2  20.992  0.080  0.043  0.057   1.449e+01   1.071e+00   5.743e-01   7.616e-01  12  sdss  6930  82S  5 
   32  54347.281589  3  21.150  0.143  0.074  0.097   1.235e+01   1.633e+00   8.482e-01   1.119e+00  12  sdss  6930  82S  5 
   32  54347.283247  4  21.685  0.694  0.388  0.596   6.702e+00   5.261e+00   3.068e+00   4.714e+00  11  sdss  6930  82S  5 
    0  54347.282418  0  25.639  1.588  1.286  2.428  -1.074e+00   2.352e+00   1.774e+00   3.350e+00  8  sdss  6930  82S  5 
   32  54357.258623  1  21.941  0.104  0.074  0.090   5.948e+00   5.725e-01   4.102e-01   4.966e-01  12  sdss  6955  82S  5 
   32  54357.255306  2  21.353  0.086  0.018  0.049   1.038e+01   8.241e-01   1.713e-01   4.724e-01  12  sdss  6955  82S  5 
   32  54357.256135  3  21.933  0.216  0.055  0.094   5.952e+00   1.205e+00   3.124e-01   5.285e-01  12  sdss  6955  82S  5 
   32  54357.257793  4  21.929  0.592  0.359  0.415   4.936e+00   3.911e+00   2.405e+00   2.779e+00  11  sdss  6955  82S  5 
    0  54357.256964  0  23.207  0.948  0.145  0.748   1.879e+00   1.674e+00   2.863e-01   1.474e+00  8  sdss  6955  82S  5 
   32  54362.308732  1  22.025  0.106  0.058  0.079   5.502e+00   5.408e-01   2.954e-01   4.052e-01  12  sdss  6976  82S  5 
   32  54362.305415  2  21.353  0.097  0.035  0.068   1.038e+01   9.340e-01   3.333e-01   6.546e-01  12  sdss  6976  82S  5 
   32  54362.306244  3  21.995  0.266  0.096  0.132   5.614e+00   1.395e+00   5.107e-01   7.069e-01  12  sdss  6976  82S  5 
   32  54362.307902  4  22.512  0.757  0.103  0.441   1.585e+00   4.112e+00   5.256e-01   2.248e+00  11  sdss  6976  82S  5 
  128  54362.307073  0  25.586  1.172  0.126  1.114  -1.002e+00   1.579e+00   1.679e-01   1.485e+00  8  sdss  6976  82S  5 
 1157  54376.316926  1  28.415  5.019  5.330  0.068  -6.642e+00   3.321e+01   3.295e+01   4.213e-01  12  sdss  7013  82S  5 
   60  54376.313609  2  21.951  0.259  1.026  0.077   5.963e+00   1.418e+00   5.732e+00   4.310e-01  12  sdss  7013  82S  5 
 1213  54376.314439  3  20.411  0.298  1.830  0.031   2.444e+01   6.589e+00   4.153e+01   7.012e-01  12  sdss  7013  82S  5 
 1180  54376.316097  4  19.684  0.631  2.703  0.039   4.800e+01   2.553e+01   1.213e+02   1.761e+00  11  sdss  7013  82S  5 
    5  54376.315268  0  23.374  1.509  0.218  0.778   1.568e+00   2.411e+00   3.772e-01   1.346e+00  8  sdss  7013  82S  5 
   32  54379.298465  1  22.213  0.120  0.032  0.073   4.621e+00   5.155e-01   1.391e-01   3.147e-01  12  sdss  7024  82S  5 
   32  54379.295148  2  21.877  0.128  0.056  0.063   6.388e+00   7.591e-01   3.357e-01   3.790e-01  12  sdss  7024  82S  5 
   32  54379.295977  3  22.558  0.351  0.129  0.119   3.264e+00   1.112e+00   4.182e-01   3.873e-01  12  sdss  7024  82S  5 
   32  54379.297635  4  22.677  0.582  0.220  0.256   7.618e-01   3.002e+00   1.083e+00   1.261e+00  11  sdss  7024  82S  5 
    0  54379.296806  0  23.680  1.044  0.431  0.594   1.091e+00   1.425e+00   6.000e-01   8.257e-01  8  sdss  7024  82S  5 
   32  54385.305923  1  22.220  0.124  0.079  0.093   4.592e+00   5.300e-01   3.386e-01   3.983e-01  12  sdss  7051  82S  5 
   32  54385.302606  2  21.939  0.147  0.034  0.089   6.030e+00   8.261e-01   1.903e-01   5.001e-01  12  sdss  7051  82S  5 
   32  54385.303436  3  22.924  0.574  0.212  0.318   2.245e+00   1.305e+00   5.071e-01   7.627e-01  12  sdss  7051  82S  5 
   32  54385.305094  4  22.024  0.546  0.168  0.289   4.317e+00   3.431e+00   1.063e+00   1.826e+00  11  sdss  7051  82S  5 
    0  54385.304265  0  25.606  1.193  0.111  1.128  -1.029e+00   1.624e+00   1.493e-01   1.524e+00  8  sdss  7051  82S  5 
   32  54387.306235  1  22.264  0.151  0.044  0.158   4.408e+00   6.209e-01   1.834e-01   6.526e-01  12  sdss  7057  82S  5 
   32  54387.302918  2  21.852  0.161  0.081  0.129   6.538e+00   9.756e-01   4.941e-01   7.878e-01  12  sdss  7057  82S  5 
   32  54387.303747  3  22.668  0.504  0.228  0.288   2.926e+00   1.420e+00   6.739e-01   8.521e-01  12  sdss  7057  82S  5 
    0  54387.305406  4  22.867  0.766  0.164  0.502  -1.649e-01   4.052e+00   8.025e-01   2.449e+00  11  sdss  7057  82S  5 
  168  54387.304577  0  24.547  1.487  1.730  1.976   1.151e-01   1.937e+00   1.686e+00   1.926e+00  8  sdss  7057  82S  5 
   32  54392.300618  1  22.211  0.138  0.103  0.135   4.630e+00   5.954e-01   4.461e-01   5.844e-01  12  sdss  7076  82S  5 
   32  54392.297301  2  22.101  0.190  0.059  0.138   5.185e+00   9.157e-01   2.899e-01   6.706e-01  12  sdss  7076  82S  5 
   32  54392.298130  3  22.625  0.485  0.230  0.291   3.055e+00   1.420e+00   7.050e-01   8.935e-01  12  sdss  7076  82S  5 
   32  54392.299789  4  22.831  0.737  0.203  0.475   9.288e-03   3.873e+00   9.882e-01   2.316e+00  11  sdss  7076  82S  5 
 1152  54392.298959  0  25.568  1.322  0.167  1.829  -9.792e-01   1.815e+00   2.209e-01   2.413e+00  8  sdss  7076  82S  5 
   33  54394.288883  1  22.363  0.412  0.258  0.265   4.019e+00   1.485e+00   9.721e-01   9.990e-01  12  sdss  7084  82S  5 
   33  54394.285566  2  22.144  0.394  0.179  0.259   4.981e+00   1.771e+00   8.371e-01   1.214e+00  12  sdss  7084  82S  5 
   32  54394.286395  3  21.796  0.365  0.249  0.228   6.769e+00   2.249e+00   1.592e+00   1.453e+00  12  sdss  7084  82S  5 
    0  54394.288054  4  23.637  0.915  0.482  0.707  -4.293e+00   5.825e+00   3.037e+00   4.452e+00  11  sdss  7084  82S  5 
    3  54394.287224  0  21.546  0.467  0.306  0.413   9.279e+00   3.760e+00   2.612e+00   3.526e+00  8  sdss  7084  82S  5 
   33  54402.298649  1  22.839  0.678  0.146  0.238   2.570e+00   1.494e+00   3.580e-01   5.838e-01  12  sdss  7101  82S  5 
   33  54402.295332  2  21.805  0.244  0.073  0.112   6.830e+00   1.530e+00   4.655e-01   7.114e-01  12  sdss  7101  82S  5 
    1  54402.296162  3  24.503  1.227  0.601  0.705  -1.677e-01   1.788e+00   7.178e-01   8.419e-01  12  sdss  7101  82S  5 
    0  54402.297820  4  23.549  0.745  0.345  0.425  -3.750e+00   4.524e+00   2.066e+00   2.547e+00  11  sdss  7101  82S  5 
    1  54402.296991  0  27.735  0.662  0.271  0.291  -8.856e+00   4.826e+00   2.208e+00   2.374e+00  8  sdss  7101  82S  5 
   32  54408.212249  1  22.885  0.218  0.091  0.159   2.460e+00   5.064e-01   2.140e-01   3.748e-01  12  sdss  7127  82S  5 
   32  54408.208932  2  22.420  0.233  0.086  0.128   3.844e+00   8.382e-01   3.127e-01   4.658e-01  12  sdss  7127  82S  5 
   32  54408.209761  3  22.374  0.341  0.082  0.132   3.908e+00   1.267e+00   3.123e-01   5.026e-01  12  sdss  7127  82S  5 
   32  54408.211420  4  22.224  0.640  0.300  0.319   3.126e+00   3.700e+00   1.701e+00   1.808e+00  11  sdss  7127  82S  5 
    0  54408.210590  0  23.579  1.015  0.155  0.801   1.238e+00   1.447e+00   2.306e-01   1.193e+00  8  sdss  7127  82S  5 
   32  54411.170041  1  22.661  0.179  0.060  0.127   3.040e+00   5.118e-01   1.723e-01   3.645e-01  12  sdss  7136  82S  5 
   32  54411.166724  2  22.872  0.306  0.107  0.132   2.492e+00   7.328e-01   2.607e-01   3.216e-01  12  sdss  7136  82S  5 
   32  54411.167554  3  23.415  0.711  0.241  0.221   1.269e+00   1.165e+00   4.018e-01   3.681e-01  12  sdss  7136  82S  5 
   32  54411.169212  4  21.971  0.561  0.318  0.269   4.660e+00   3.629e+00   2.075e+00   1.756e+00  11  sdss  7136  82S  5 
    0  54411.168383  0  23.892  1.093  0.212  0.820   8.146e-01   1.391e+00   2.587e-01   1.002e+00  8  sdss  7136  82S  5 
   32  54413.210824  1  22.748  0.214  0.145  0.219   2.801e+00   5.618e-01   3.864e-01   5.818e-01  12  sdss  7145  82S  5 
   32  54413.207507  2  22.642  0.305  0.179  0.217   3.114e+00   8.939e-01   5.364e-01   6.484e-01  12  sdss  7145  82S  5 
   32  54413.208336  3  23.586  0.924  0.375  0.502   9.994e-01   1.414e+00   5.636e-01   7.552e-01  12  sdss  7145  82S  5 
   32  54413.209995  4  22.798  0.769  0.417  0.470   1.689e-01   4.070e+00   2.035e+00   2.292e+00  11  sdss  7145  82S  5 
    0  54413.209165  0  26.345  0.733  0.125  0.712  -2.359e+00   1.576e+00   2.961e-01   1.684e+00  8  sdss  7145  82S  5 
   32  54415.207053  1  22.696  0.171  0.085  0.098   2.942e+00   4.742e-01   2.359e-01   2.745e-01  12  sdss  7151  82S  5 
   32  54415.203736  2  22.957  0.325  0.057  0.142   2.293e+00   7.208e-01   1.289e-01   3.231e-01  12  sdss  7151  82S  5 
   32  54415.204566  3  22.792  0.442  0.137  0.153   2.579e+00   1.136e+00   3.653e-01   4.070e-01  12  sdss  7151  82S  5 
    0  54415.206224  4  23.245  0.583  0.101  0.273  -2.057e+00   3.150e+00   5.288e-01   1.431e+00  11  sdss  7151  82S  5 
   40  54415.205395  0  24.400  1.081  0.538  0.830   2.600e-01   1.245e+00   5.365e-01   8.277e-01  8  sdss  7151  82S  5 
   32  54418.210482  1  22.571  0.171  0.120  0.147   3.309e+00   5.299e-01   3.747e-01   4.590e-01  12  sdss  7161  82S  5 
   32  54418.207165  2  22.532  0.251  0.044  0.150   3.457e+00   8.168e-01   1.465e-01   4.965e-01  12  sdss  7161  82S  5 
   32  54418.207994  3  22.921  0.564  0.224  0.242   2.252e+00   1.289e+00   5.375e-01   5.814e-01  12  sdss  7161  82S  5 
    0  54418.209653  4  23.447  0.691  0.220  0.417  -3.160e+00   4.023e+00   1.255e+00   2.374e+00  11  sdss  7161  82S  5 
    8  54418.208824  0  23.693  1.055  0.626  0.952   1.073e+00   1.433e+00   8.630e-01   1.313e+00  8  sdss  7161  82S  5 
   33  54422.214565  1  22.725  0.365  0.165  0.183   2.863e+00   9.587e-01   4.486e-01   4.963e-01  12  sdss  7173  82S  5 
   33  54422.211249  2  22.705  0.411  0.199  0.204   2.931e+00   1.118e+00   5.642e-01   5.777e-01  12  sdss  7173  82S  5 
   32  54422.212078  3  23.363  0.867  0.344  0.352   1.356e+00   1.455e+00   5.939e-01   6.084e-01  12  sdss  7173  82S  5 
    0  54422.213736  4  22.911  0.726  0.408  0.390  -3.829e-01   3.817e+00   1.995e+00   1.908e+00  11  sdss  7173  82S  5 
    1  54422.212907  0  22.998  1.184  0.474  0.643   2.330e+00   2.308e+00   1.108e+00   1.505e+00  8  sdss  7173  82S  5 
