# SDSS CID:  19619 IAU:          RA:  32.635345 DEC:   1.011756  (J2000)
# GALAXY_SB [ugriz] = [ 24.21 23.11 21.60 21.01 20.54 ] +/- [  0.25  0.04  0.02  0.02  0.04 ] (asinh mag/square arcsec)
# GALAXY_SB_FLUX [ugriz] = [  4.171E-01  1.976E+00  8.229E+00  1.406E+01  2.137E+01 ] +/- [  2.583E-01  8.283E-02  1.250E-01  2.006E-01  7.111E-01 ] (microJy per square arcsec)
#FLAG  MJD       FILT  MAG     MERR  MSKYERR MGALERR  FLUX       FLUXERR    SKYERR     GALERR    NPRE TELE   RUN  STRIP  IDCCD
   33  54347.397381  1  23.830  1.056  0.473  0.679   9.491e-01   1.014e+00   4.983e-01   7.152e-01  13  sdss  6930  82S  6 
   32  54347.394064  2  23.447  0.998  0.518  0.707   1.386e+00   1.363e+00   7.836e-01   1.070e+00  15  sdss  6930  82S  6 
   32  54347.394893  3  23.128  0.964  0.080  0.689   1.797e+00   1.827e+00   1.637e-01   1.409e+00  14  sdss  6930  82S  6 
   32  54347.396552  4  22.176  0.829  0.644  0.830   3.402e+00   4.964e+00   3.739e+00   4.824e+00  13  sdss  6930  82S  6 
    5  54347.395723  0  24.681  1.840  0.428  2.872  -1.538e-02   2.766e+00   4.144e-01   2.783e+00  10  sdss  6930  82S  6 
    8  54357.372923  1  25.747  0.697  0.304  0.412  -3.912e-01   4.917e-01   2.096e-01   2.843e-01  13  sdss  6955  82S  6 
   32  54357.369605  2  23.332  0.559  0.078  0.228   1.568e+00   8.817e-01   1.295e-01   3.789e-01  15  sdss  6955  82S  6 
   32  54357.370435  3  22.233  0.330  0.052  0.131   4.477e+00   1.389e+00   2.247e-01   5.668e-01  14  sdss  6955  82S  6 
   32  54357.372094  4  21.387  0.428  0.072  0.246   9.323e+00   4.121e+00   7.131e-01   2.442e+00  13  sdss  6955  82S  6 
  128  54357.371264  0  23.053  0.694  0.151  0.515   2.203e+00   1.399e+00   3.298e-01   1.126e+00  10  sdss  6955  82S  6 
   32  54362.422930  1  24.631  0.757  0.058  0.437   2.966e-01   5.150e-01   3.765e-02   2.837e-01  13  sdss  6976  82S  6 
    0  54362.419613  2  25.829  0.807  0.073  0.411  -9.478e-01   9.278e-01   8.645e-02   4.884e-01  15  sdss  6976  82S  6 
   32  54362.420442  3  22.456  0.446  0.046  0.220   3.608e+00   1.516e+00   1.637e-01   7.806e-01  14  sdss  6976  82S  6 
    0  54362.422101  4  23.410  0.758  0.115  0.441  -2.950e+00   4.384e+00   6.458e-01   2.466e+00  13  sdss  6976  82S  6 
   36  54362.421271  0  24.414  1.161  0.139  0.982   2.457e-01   1.365e+00   1.379e-01   9.757e-01  10  sdss  6976  82S  6 
   33  54376.418621  1  23.851  0.661  0.157  0.275   9.272e-01   6.513e-01   1.623e-01   2.848e-01  13  sdss  7016  82S  6 
   32  54376.415304  2  22.833  0.415  0.085  0.176   2.589e+00   1.009e+00   2.151e-01   4.462e-01  15  sdss  7016  82S  6 
   32  54376.416133  3  24.222  1.095  0.237  0.572   1.659e-01   1.532e+00   2.831e-01   6.833e-01  14  sdss  7016  82S  6 
   32  54376.417792  4  21.437  0.491  0.095  0.242   8.840e+00   4.516e+00   9.102e-01   2.306e+00  13  sdss  7016  82S  6 
    1  54376.416963  0  25.073  1.328  0.483  0.882  -4.037e-01   1.665e+00   4.993e-01   9.116e-01  10  sdss  7016  82S  6 
   32  54382.403983  1  22.594  0.229  0.047  0.308   3.237e+00   6.844e-01   1.427e-01   9.352e-01  13  sdss  7038  82S  6 
   32  54382.400666  2  22.989  0.597  0.263  0.669   2.222e+00   1.227e+00   5.808e-01   1.479e+00  15  sdss  7038  82S  6 
   32  54382.401495  3  23.148  1.031  0.655  1.056   1.757e+00   1.925e+00   1.320e+00   2.128e+00  14  sdss  7038  82S  6 
    0  54382.403154  4  24.320  0.639  0.370  0.712  -9.745e+00   6.149e+00   3.807e+00   7.311e+00  13  sdss  7038  82S  6 
    2  54382.402325  0  22.559  0.739  0.275  1.304   3.586e+00   2.189e+00   9.159e-01   4.343e+00  10  sdss  7038  82S  6 
   32  54385.421607  1  22.323  0.154  0.040  0.118   4.171e+00   5.949e-01   1.553e-01   4.597e-01  13  sdss  7051  82S  6 
   32  54385.418290  2  21.997  0.190  0.044  0.112   5.710e+00   1.007e+00   2.349e-01   5.990e-01  15  sdss  7051  82S  6 
   32  54385.419120  3  21.603  0.214  0.067  0.107   8.107e+00   1.607e+00   5.114e-01   8.185e-01  14  sdss  7051  82S  6 
   32  54385.420778  4  20.956  0.310  0.094  0.185   1.444e+01   4.321e+00   1.345e+00   2.644e+00  13  sdss  7051  82S  6 
    0  54385.419949  0  22.524  0.476  0.091  0.336   3.709e+00   1.552e+00   3.113e-01   1.154e+00  10  sdss  7051  82S  6 
  160  54387.422050  1  21.914  0.223  0.097  0.319   6.097e+00   1.241e+00   5.452e-01   1.798e+00  13  sdss  7057  82S  6 
  162  54387.418733  2  22.695  0.614  0.468  1.015   2.958e+00   1.611e+00   1.338e+00   2.899e+00  15  sdss  7057  82S  6 
   34  54387.419563  3  23.626  1.412  0.804  2.810   9.397e-01   2.332e+00   1.182e+00   4.133e+00  14  sdss  7057  82S  6 
   34  54387.421221  4  20.800  0.461  0.123  0.730   1.681e+01   7.168e+00   2.002e+00   1.193e+01  13  sdss  7057  82S  6 
   38  54387.420392  0  23.468  1.878  2.057  4.416   1.411e+00   3.146e+00   3.259e+00   6.996e+00  10  sdss  7057  82S  6 
   32  54390.414802  1  21.978  0.141  0.032  0.184   5.747e+00   7.435e-01   1.701e-01   9.756e-01  13  sdss  7071  82S  6 
   42  54390.411485  2  21.992  0.276  0.375  0.309   5.737e+00   1.454e+00   2.018e+00   1.662e+00  15  sdss  7071  82S  6 
  172  54390.412315  3  20.852  0.291  0.507  0.150   1.627e+01   4.309e+00   7.678e+00   2.276e+00  14  sdss  7071  82S  6 
   32  54390.413973  4  22.695  1.118  0.777  1.340   6.747e-01   6.489e+00   3.821e+00   6.588e+00  13  sdss  7071  82S  6 
 1162  54390.413144  0  22.413  0.687  1.007  0.879   4.121e+00   2.338e+00   3.817e+00   3.331e+00  10  sdss  7071  82S  6 
   32  54391.423044  1  21.698  0.244  0.121  0.361   7.447e+00   1.649e+00   8.321e-01   2.481e+00  13  sdss  7074  82S  6 
   34  54391.419727  2  21.381  0.194  0.234  0.317   1.011e+01   1.805e+00   2.204e+00   2.978e+00  15  sdss  7074  82S  6 
   34  54391.420557  3  22.038  0.592  0.341  0.965   5.390e+00   2.796e+00   1.756e+00   4.961e+00  14  sdss  7074  82S  6 
   32  54391.422215  4  21.257  1.562  1.192  1.595   1.068e+01   1.426e+01   1.317e+01   1.762e+01  13  sdss  7074  82S  6 
   32  54394.405136  1  22.154  0.171  0.098  0.228   4.881e+00   7.685e-01   4.429e-01   1.034e+00  13  sdss  7084  82S  6 
   32  54394.401819  2  21.799  0.229  0.152  0.243   6.864e+00   1.447e+00   9.766e-01   1.556e+00  15  sdss  7084  82S  6 
   32  54394.402648  3  21.940  0.408  0.181  0.464   5.912e+00   2.193e+00   1.014e+00   2.607e+00  14  sdss  7084  82S  6 
 1160  54394.404307  4  24.150  0.832  1.169  1.018  -8.125e+00   6.912e+00   1.049e+01   9.139e+00  13  sdss  7084  82S  6 
 1152  54394.403478  0  21.479  0.527  0.252  0.691   9.869e+00   4.326e+00   2.223e+00   6.099e+00  10  sdss  7084  82S  6 
   43  54396.425234  1  22.209  0.436  1.211  0.401   4.638e+00   1.783e+00   5.214e+00   1.727e+00  13  sdss  7096  82S  6 
   35  54396.421917  2  21.986  0.474  0.526  0.475   5.769e+00   2.419e+00   2.844e+00   2.567e+00  15  sdss  7096  82S  6 
   35  54396.422746  3  21.681  0.455  0.386  0.437   7.537e+00   3.058e+00   2.739e+00   3.098e+00  14  sdss  7096  82S  6 
    0  54396.424405  4  22.874  1.417  1.670  2.052  -1.990e-01   9.049e+00   8.150e+00   1.002e+01  13  sdss  7096  82S  6 
    3  54396.423576  0  26.469  1.956  1.758  1.896  -2.669e+00   3.943e+00   4.504e+00   4.858e+00  10  sdss  7096  82S  6 
    1  54402.415399  1  27.096  0.954  0.214  0.243  -1.925e+00   1.499e+00   3.992e-01   4.526e-01  13  sdss  7101  82S  6 
   33  54402.412082  2  22.153  0.357  0.097  0.141   4.936e+00   1.603e+00   4.507e-01   6.560e-01  15  sdss  7101  82S  6 
   33  54402.412911  3  22.356  0.550  0.066  0.260   3.977e+00   1.993e+00   2.545e-01   1.009e+00  14  sdss  7101  82S  6 
   32  54402.414569  4  21.321  0.534  0.263  0.287   1.000e+01   5.330e+00   2.762e+00   3.004e+00  13  sdss  7101  82S  6 
    1  54402.413740  0  23.470  2.293  0.469  1.001   1.407e+00   4.481e+00   7.416e-01   1.584e+00  10  sdss  7101  82S  6 
   32  54408.329345  1  23.456  0.408  0.148  0.283   1.408e+00   5.619e-01   2.099e-01   4.030e-01  13  sdss  7127  82S  6 
   32  54408.326028  2  22.243  0.244  0.094  0.133   4.537e+00   1.031e+00   4.012e-01   5.694e-01  15  sdss  7127  82S  6 
   32  54408.326857  3  22.425  0.471  0.111  0.273   3.720e+00   1.637e+00   4.061e-01   9.979e-01  14  sdss  7127  82S  6 
    0  54408.328515  4  23.393  0.820  0.353  0.529  -2.857e+00   4.758e+00   1.959e+00   2.934e+00  13  sdss  7127  82S  6 
    0  54408.327686  0  23.503  1.004  0.100  0.699   1.354e+00   1.467e+00   1.540e-01   1.079e+00  10  sdss  7127  82S  6 
   32  54411.287304  1  24.327  0.722  0.061  0.484   5.085e-01   5.441e-01   4.596e-02   3.636e-01  13  sdss  7136  82S  6 
   32  54411.283987  2  23.165  0.532  0.077  0.289   1.863e+00   9.601e-01   1.467e-01   5.500e-01  15  sdss  7136  82S  6 
   32  54411.284816  3  21.823  0.242  0.041  0.137   6.600e+00   1.484e+00   2.546e-01   8.573e-01  14  sdss  7136  82S  6 
   32  54411.286475  4  21.500  0.486  0.221  0.321   8.258e+00   4.262e+00   2.004e+00   2.914e+00  13  sdss  7136  82S  6 
  140  54411.285646  0  24.911  1.193  1.376  1.188  -2.402e-01   1.416e+00   1.365e+00   1.179e+00  10  sdss  7136  82S  6 
  130  54413.328195  1  26.237  0.869  0.762  1.591  -7.819e-01   7.692e-01   7.085e-01   1.478e+00  13  sdss  7145  82S  6 
  128  54413.324878  2  25.945  1.071  0.479  1.380  -1.092e+00   1.301e+00   6.184e-01   1.779e+00  15  sdss  7145  82S  6 
  128  54413.325708  3  25.667  1.113  0.234  1.478  -1.946e+00   2.176e+00   5.050e-01   3.192e+00  14  sdss  7145  82S  6 
   34  54413.327366  4  22.518  1.148  0.438  2.037   1.557e+00   6.816e+00   2.225e+00   1.036e+01  13  sdss  7145  82S  6 
  142  54413.326537  0  21.282  0.295  0.657  0.645   1.185e+01   3.049e+00   6.943e+00   6.818e+00  10  sdss  7145  82S  6 
   32  54415.339601  1  24.231  0.680  0.214  0.409   5.821e-01   5.357e-01   1.701e-01   3.257e-01  13  sdss  7152  82S  6 
   44  54415.336284  2  23.207  0.860  0.581  0.365   1.786e+00   1.410e+00   1.067e+00   6.706e-01  15  sdss  7152  82S  6 
   36  54415.337113  3  22.514  0.678  0.240  0.304   3.409e+00   2.087e+00   8.096e-01   1.027e+00  14  sdss  7152  82S  6 
   32  54415.338772  4  22.754  0.794  0.136  0.526   3.825e-01   4.234e+00   6.641e-01   2.570e+00  13  sdss  7152  82S  6 
 1164  54415.337943  0  23.766  1.246  1.007  1.064   9.751e-01   1.677e+00   1.309e+00   1.383e+00  10  sdss  7152  82S  6 
   40  54417.329749  1  23.841  0.551  0.337  0.452   9.376e-01   5.541e-01   3.519e-01   4.715e-01  13  sdss  7158  82S  6 
   32  54417.326432  2  23.933  0.914  0.064  0.545   7.710e-01   9.772e-01   6.882e-02   5.840e-01  15  sdss  7158  82S  6 
   32  54417.327262  3  22.115  0.345  0.113  0.207   5.010e+00   1.607e+00   5.407e-01   9.931e-01  14  sdss  7158  82S  6 
   32  54417.328920  4  21.875  0.683  0.225  0.416   5.300e+00   4.635e+00   1.557e+00   2.880e+00  13  sdss  7158  82S  6 
    0  54417.328091  0  25.347  1.192  0.219  1.122  -7.047e-01   1.503e+00   2.526e-01   1.295e+00  10  sdss  7158  82S  6 
  160  54418.328114  1  24.150  0.755  0.225  0.875   6.483e-01   6.194e-01   1.882e-01   7.327e-01  13  sdss  7161  82S  6 
   32  54418.324798  2  23.435  0.811  0.098  0.724   1.404e+00   1.143e+00   1.495e-01   1.107e+00  15  sdss  7161  82S  6 
   32  54418.325627  3  23.235  0.977  0.290  0.841   1.588e+00   1.747e+00   5.475e-01   1.590e+00  14  sdss  7161  82S  6 
   32  54418.327285  4  22.342  0.899  0.302  0.930   2.476e+00   5.186e+00   1.626e+00   5.015e+00  13  sdss  7161  82S  6 
   32  54418.326456  0  23.464  1.252  0.568  1.608   1.417e+00   1.872e+00   9.020e-01   2.555e+00  10  sdss  7161  82S  6 
   32  54422.332396  1  23.932  0.671  0.318  0.666   8.456e-01   6.266e-01   3.107e-01   6.496e-01  13  sdss  7173  82S  6 
   32  54422.329079  2  22.542  0.365  0.110  0.325   3.423e+00   1.156e+00   3.587e-01   1.062e+00  15  sdss  7173  82S  6 
   32  54422.329909  3  22.369  0.483  0.100  0.415   3.927e+00   1.754e+00   3.821e-01   1.589e+00  14  sdss  7173  82S  6 
  160  54422.331567  4  22.287  0.855  0.306  0.816   2.773e+00   4.967e+00   1.688e+00   4.500e+00  13  sdss  7173  82S  6 
   32  54422.330738  0  23.211  1.146  0.547  1.329   1.870e+00   1.940e+00   1.052e+00   2.557e+00  10  sdss  7173  82S  6 
   33  54424.268312  1  24.143  1.379  0.491  0.669   6.542e-01   1.188e+00   4.131e-01   5.634e-01  13  sdss  7183  82S  6 
   33  54424.264995  2  23.180  0.902  0.347  0.533   1.836e+00   1.494e+00   6.527e-01   1.002e+00  15  sdss  7183  82S  6 
   32  54424.265824  3  22.249  0.476  0.098  0.331   4.408e+00   1.920e+00   4.186e-01   1.408e+00  14  sdss  7183  82S  6 
   32  54424.267483  4  22.668  0.948  0.848  1.059   8.067e-01   5.264e+00   4.186e+00   5.225e+00  13  sdss  7183  82S  6 
    1  54424.266654  0  25.506  2.021  2.508  2.108  -8.979e-01   3.405e+00   3.149e+00   2.646e+00  10  sdss  7183  82S  6 
