# SDSS CID:   2639 IAU:          RA: 330.464111 DEC:   0.664467  (J2000)
# GALAXY_SB [ugriz] = [ 23.02 21.20 20.07 19.65 19.35 ] +/- [  0.13  0.01  0.01  0.01  0.01 ] (asinh mag/square arcsec)
# GALAXY_SB_FLUX [ugriz] = [  2.200E+00  1.180E+01  3.381E+01  4.930E+01  6.481E+01 ] +/- [  2.958E-01  1.225E-01  1.788E-01  2.368E-01  6.493E-01 ] (microJy per square arcsec)
#FLAG  MJD       FILT  MAG     MERR  MSKYERR MGALERR  FLUX       FLUXERR    SKYERR     GALERR    NPRE TELE   RUN  STRIP  IDCCD
  164  53616.233584  1  23.034  0.983  0.822  0.595   2.133e+00   1.668e+00   1.681e+00   1.218e+00  11  sdss  5566  82N  5 
 1196  53616.230267  2  22.794  1.232  1.835  0.523   2.689e+00   2.505e+00   4.793e+00   1.365e+00  14  sdss  5566  82N  5 
 1156  53616.231096  3  24.966  2.314  2.032  1.454  -7.527e-01   5.392e+00   2.787e+00   1.996e+00  14  sdss  5566  82N  5 
 1164  53616.232755  4  23.140  2.056  5.527  1.015  -1.518e+00   1.725e+01   2.804e+01   5.149e+00  16  sdss  5566  82N  5 
 1060  53616.231925  0  24.044  2.528  0.656  2.947   6.358e-01   5.379e+00   7.405e-01   3.327e+00  8  sdss  5566  82N  5 
  160  53623.223678  1  22.390  0.206  0.033  0.197   3.919e+00   7.433e-01   1.215e-01   7.202e-01  11  sdss  5590  82N  5 
   32  53623.220361  2  21.958  0.202  0.063  0.144   5.922e+00   1.105e+00   3.487e-01   7.958e-01  14  sdss  5590  82N  5 
   32  53623.221190  3  22.123  0.343  0.075  0.172   4.975e+00   1.576e+00   3.555e-01   8.157e-01  14  sdss  5590  82N  5 
    0  53623.222849  4  23.444  0.828  0.181  0.582  -3.140e+00   4.877e+00   1.029e+00   3.303e+00  16  sdss  5590  82N  5 
    0  53623.222019  0  25.457  1.241  0.191  1.489  -8.367e-01   1.628e+00   2.352e-01   1.835e+00  8  sdss  5590  82N  5 
    1  53626.209962  1  21.291  0.114  0.023  0.067   1.085e+01   1.139e+00   2.300e-01   6.655e-01  11  sdss  5603  82N  5 
   33  53626.206645  2  21.414  0.211  0.032  0.080   9.806e+00   1.900e+00   2.909e-01   7.294e-01  14  sdss  5603  82N  5 
   32  53626.207474  3  21.355  0.194  0.056  0.105   1.022e+01   1.824e+00   5.282e-01   9.942e-01  14  sdss  5603  82N  5 
   32  53626.209133  4  21.985  0.748  0.235  0.427   4.568e+00   4.795e+00   1.511e+00   2.752e+00  16  sdss  5603  82N  5 
    1  53626.208304  0  22.530  0.685  0.259  0.440   3.688e+00   2.159e+00   9.054e-01   1.537e+00  8  sdss  5603  82N  5 
   33  53628.194465  1  20.936  0.146  0.049  0.091   1.505e+01   2.008e+00   6.776e-01   1.256e+00  11  sdss  5610  82N  5 
   33  53628.191148  2  21.468  0.253  0.097  0.210   9.329e+00   2.157e+00   8.378e-01   1.822e+00  14  sdss  5610  82N  5 
   33  53628.191978  3  21.036  0.201  0.130  0.159   1.374e+01   2.524e+00   1.652e+00   2.020e+00  14  sdss  5610  82N  5 
   32  53628.193636  4  20.671  0.375  0.328  0.325   1.903e+01   6.595e+00   5.975e+00   5.912e+00  16  sdss  5610  82N  5 
  129  53628.192807  0  26.961  1.609  0.415  0.921  -4.294e+00   4.415e+00   1.674e+00   3.713e+00  8  sdss  5610  82N  5 
    1  53635.202566  1  20.704  0.055  0.015  0.029   1.863e+01   9.356e-01   2.595e-01   5.029e-01  11  sdss  5622  82N  5 
    0  53635.199249  2  20.678  0.064  0.013  0.034   1.935e+01   1.141e+00   2.339e-01   6.060e-01  14  sdss  5622  82N  5 
   32  53635.200078  3  20.585  0.082  0.015  0.037   2.083e+01   1.577e+00   2.942e-01   7.138e-01  14  sdss  5622  82N  5 
   32  53635.201737  4  21.384  0.450  0.062  0.272   9.358e+00   4.308e+00   6.132e-01   2.694e+00  16  sdss  5622  82N  5 
    1  53635.200908  0  21.948  0.386  0.172  0.339   6.381e+00   2.186e+00   1.013e+00   1.999e+00  8  sdss  5622  82N  5 
    0  53637.195834  1  20.688  0.047  0.018  0.055   1.891e+01   8.189e-01   3.059e-01   9.595e-01  11  sdss  5633  82N  5 
   32  53637.192517  2  20.753  0.077  0.008  0.078   1.805e+01   1.277e+00   1.272e-01   1.296e+00  14  sdss  5633  82N  5 
   32  53637.193347  3  20.723  0.117  0.057  0.104   1.833e+01   1.971e+00   9.643e-01   1.756e+00  14  sdss  5633  82N  5 
   32  53637.195005  4  22.236  0.946  0.312  0.799   3.060e+00   5.645e+00   1.757e+00   4.502e+00  16  sdss  5633  82N  5 
    0  53637.194176  0  22.204  0.457  0.068  0.668   5.020e+00   2.028e+00   3.189e-01   3.122e+00  8  sdss  5633  82N  5 
    0  53644.188126  1  20.984  0.051  0.005  0.033   1.440e+01   6.715e-01   6.372e-02   4.319e-01  11  sdss  5670  82N  5 
    0  53644.184809  2  20.677  0.058  0.005  0.032   1.937e+01   1.031e+00   8.353e-02   5.797e-01  14  sdss  5670  82N  5 
   32  53644.185638  3  20.461  0.075  0.014  0.031   2.335e+01   1.603e+00   2.986e-01   6.608e-01  14  sdss  5670  82N  5 
   32  53644.187296  4  21.197  0.370  0.100  0.180   1.136e+01   4.161e+00   1.159e+00   2.075e+00  16  sdss  5670  82N  5 
    0  53644.186467  0  24.757  1.195  0.287  1.280  -8.856e-02   1.408e+00   2.794e-01   1.244e+00  8  sdss  5670  82N  5 
   33  53654.221799  1  21.689  0.126  0.043  0.080   7.510e+00   8.702e-01   2.966e-01   5.530e-01  11  sdss  5709  82N  5 
   32  53654.218482  2  20.978  0.096  0.034  0.064   1.466e+01   1.301e+00   4.623e-01   8.747e-01  14  sdss  5709  82N  5 
   32  53654.219311  3  21.005  0.151  0.032  0.094   1.414e+01   1.960e+00   4.186e-01   1.226e+00  14  sdss  5709  82N  5 
   32  53654.220970  4  21.037  0.430  0.224  0.237   1.334e+01   5.463e+00   2.966e+00   3.128e+00  16  sdss  5709  82N  5 
    1  53654.220141  0  22.744  0.808  0.104  0.686   2.998e+00   2.060e+00   3.024e-01   1.989e+00  8  sdss  5709  82N  5 
   33  53656.169387  1  21.993  0.386  0.133  0.268   5.668e+00   1.943e+00   6.968e-01   1.406e+00  11  sdss  5719  82N  5 
   33  53656.166070  2  21.177  0.199  0.105  0.185   1.220e+01   2.231e+00   1.192e+00   2.091e+00  14  sdss  5719  82N  5 
   33  53656.166900  3  21.362  0.272  0.167  0.208   1.016e+01   2.515e+00   1.574e+00   1.965e+00  14  sdss  5719  82N  5 
    0  53656.168558  4  23.575  1.154  0.570  1.187  -3.907e+00   7.417e+00   3.458e+00   7.193e+00  16  sdss  5719  82N  5 
    1  53656.167729  0  22.237  1.360  0.402  0.935   4.866e+00   4.423e+00   1.824e+00   4.242e+00  8  sdss  5719  82N  5 
   33  53663.182031  1  22.493  0.269  0.036  0.108   3.560e+00   8.770e-01   1.183e-01   3.606e-01  11  sdss  5744  82N  5 
   33  53663.178714  2  21.316  0.108  0.011  0.045   1.074e+01   1.075e+00   1.053e-01   4.484e-01  14  sdss  5744  82N  5 
   32  53663.179543  3  21.316  0.156  0.014  0.057   1.060e+01   1.520e+00   1.363e-01   5.581e-01  14  sdss  5744  82N  5 
   32  53663.181201  4  22.086  0.629  0.155  0.256   3.936e+00   3.841e+00   9.413e-01   1.554e+00  16  sdss  5744  82N  5 
    1  53663.180372  0  23.544  1.369  0.259  0.646   1.291e+00   2.023e+00   3.948e-01   9.836e-01  8  sdss  5744  82N  5 
    8  53668.171524  1  25.576  0.994  0.845  1.697  -2.773e-01   6.998e-01   5.420e-01   1.089e+00  11  sdss  5770  82N  5 
   32  53668.168207  2  21.896  0.214  0.092  0.245   6.274e+00   1.240e+00   5.393e-01   1.435e+00  14  sdss  5770  82N  5 
   32  53668.169037  3  21.260  0.184  0.059  0.138   1.116e+01   1.890e+00   6.153e-01   1.423e+00  14  sdss  5770  82N  5 
   32  53668.170695  4  20.931  0.442  0.164  0.320   1.480e+01   6.122e+00   2.380e+00   4.630e+00  16  sdss  5770  82N  5 
   40  53668.169866  0  24.391  1.379  1.429  3.002   2.689e-01   1.741e+00   1.428e+00   3.000e+00  8  sdss  5770  82N  5 
   32  53670.175984  1  23.428  0.460  0.064  0.415   1.449e+00   6.423e-01   9.334e-02   6.040e-01  11  sdss  5781  82N  5 
   32  53670.172668  2  21.887  0.201  0.067  0.186   6.327e+00   1.174e+00   3.932e-01   1.097e+00  14  sdss  5781  82N  5 
  160  53670.173497  3  22.089  0.371  0.114  0.243   5.138e+00   1.749e+00   5.561e-01   1.187e+00  14  sdss  5781  82N  5 
  160  53670.175155  4  21.561  0.602  0.239  0.353   7.722e+00   4.970e+00   2.063e+00   3.047e+00  16  sdss  5781  82N  5 
 1192  53670.174326  0  23.428  1.040  0.782  1.488   1.476e+00   1.596e+00   1.295e+00   2.467e+00  8  sdss  5781  82N  5 
   40  53673.143839  1  23.307  0.421  0.271  0.487   1.635e+00   6.545e-01   4.383e-01   7.866e-01  11  sdss  5792  82N  5 
   32  53673.140523  2  22.144  0.237  0.072  0.184   4.979e+00   1.090e+00   3.373e-01   8.616e-01  14  sdss  5792  82N  5 
   32  53673.141352  3  21.587  0.227  0.075  0.140   8.235e+00   1.722e+00   5.764e-01   1.078e+00  14  sdss  5792  82N  5 
   32  53673.143010  4  20.754  0.291  0.120  0.188   1.757e+01   4.815e+00   2.034e+00   3.176e+00  16  sdss  5792  82N  5 
    0  53673.142181  0  25.404  1.231  0.593  1.899  -7.717e-01   1.592e+00   7.100e-01   2.273e+00  8  sdss  5792  82N  5 
   32  53675.140434  1  23.864  0.707  0.261  0.898   9.139e-01   6.866e-01   2.674e-01   9.213e-01  11  sdss  5800  82N  5 
   32  53675.137117  2  22.206  0.274  0.134  0.283   4.698e+00   1.185e+00   5.935e-01   1.250e+00  14  sdss  5800  82N  5 
   32  53675.137946  3  21.921  0.326  0.190  0.269   6.023e+00   1.797e+00   1.075e+00   1.525e+00  14  sdss  5800  82N  5 
   32  53675.139605  4  21.639  0.593  0.121  0.386   7.068e+00   4.646e+00   9.814e-01   3.141e+00  16  sdss  5800  82N  5 
  168  53675.138776  0  23.173  0.857  0.686  1.268   1.948e+00   1.566e+00   1.386e+00   2.564e+00  8  sdss  5800  82N  5 
   32  53677.161424  1  23.729  0.573  0.226  0.494   1.060e+00   6.218e-01   2.580e-01   5.626e-01  11  sdss  5813  82N  5 
   32  53677.158108  2  22.619  0.351  0.030  0.238   3.181e+00   1.037e+00   9.206e-02   7.262e-01  14  sdss  5813  82N  5 
   32  53677.158937  3  21.412  0.176  0.050  0.105   9.692e+00   1.574e+00   4.539e-01   9.468e-01  14  sdss  5813  82N  5 
   32  53677.160595  4  21.801  0.561  0.114  0.299   5.824e+00   3.979e+00   8.297e-01   2.168e+00  16  sdss  5813  82N  5 
    0  53677.159766  0  25.487  1.089  0.092  1.203  -8.744e-01   1.405e+00   1.154e-01   1.509e+00  8  sdss  5813  82N  5 
   32  53680.147650  1  23.485  0.494  0.049  0.490   1.367e+00   6.549e-01   6.784e-02   6.802e-01  11  sdss  5823  82N  5 
   32  53680.144333  2  22.322  0.273  0.100  0.208   4.214e+00   1.065e+00   3.958e-01   8.261e-01  14  sdss  5823  82N  5 
   32  53680.145162  3  22.920  0.722  0.193  0.470   2.254e+00   1.601e+00   4.603e-01   1.123e+00  14  sdss  5823  82N  5 
   32  53680.146821  4  21.798  0.631  0.246  0.445   5.846e+00   4.469e+00   1.788e+00   3.231e+00  16  sdss  5823  82N  5 
   40  53680.145992  0  24.604  1.298  1.354  2.574   5.946e-02   1.580e+00   1.314e+00   2.498e+00  8  sdss  5823  82N  5 
   35  53686.214005  1  22.765  1.449  0.366  0.603   2.756e+00   2.648e+00   9.518e-01   1.569e+00  11  sdss  5865  82N  5 
   33  53686.210689  2  22.693  1.086  0.391  0.727   2.964e+00   2.485e+00   1.117e+00   2.074e+00  14  sdss  5865  82N  5 
   33  53686.211518  3  21.636  0.385  0.360  0.276   7.868e+00   2.722e+00   2.640e+00   2.030e+00  14  sdss  5865  82N  5 
   32  53686.213176  4  22.072  1.274  0.586  1.347   4.021e+00   8.418e+00   3.592e+00   8.249e+00  16  sdss  5865  82N  5 
  131  53686.212347  0  28.164  0.631  0.208  0.342  -1.316e+01   6.851e+00   2.505e+00   4.113e+00  8  sdss  5865  82N  5 
    1  53693.148228  1  25.400  1.436  0.137  0.943  -1.680e-01   1.125e+00   8.346e-02   5.740e-01  11  sdss  5878  82N  5 
   33  53693.144912  2  24.328  1.259  0.465  0.923   3.911e-01   1.288e+00   4.077e-01   8.092e-01  14  sdss  5878  82N  5 
   32  53693.145741  3  22.741  0.677  0.184  0.354   2.715e+00   1.730e+00   5.100e-01   9.805e-01  14  sdss  5878  82N  5 
   32  53693.147399  4  21.548  0.545  0.109  0.332   7.834e+00   4.571e+00   9.489e-01   2.891e+00  16  sdss  5878  82N  5 
    1  53693.146570  0  24.807  1.819  1.565  2.177  -1.378e-01   2.714e+00   1.529e+00   2.127e+00  8  sdss  5878  82N  5 
 1036  53699.168534  1  29.184  0.325  0.412  0.054  -1.351e+01   3.931e+00   5.125e+00   6.690e-01  11  sdss  5902  82N  5 
 1068  53699.165218  2  22.371  1.457  1.646  0.200   4.024e+00   3.847e+00   6.267e+00   7.591e-01  14  sdss  5902  82N  5 
 1156  53699.166047  3  26.908  1.154  0.589  0.148  -6.644e+00   5.479e+00   3.671e+00   9.211e-01  14  sdss  5902  82N  5 
 1060  53699.167705  4  20.277  2.279  0.399  0.097   2.762e+01   3.422e+01   1.034e+01   2.517e+00  16  sdss  5902  82N  5 
 1028  53699.166876  0  26.621  3.125  0.487  0.660  -3.098e+00   9.809e+00   1.454e+00   1.969e+00  8  sdss  5902  82N  5 
   42  53702.143099  1  23.952  1.194  2.291  3.285   8.263e-01   1.079e+00   2.202e+00   3.157e+00  11  sdss  5909  82N  5 
   34  53702.139782  2  23.382  1.190  1.076  2.153   1.487e+00   1.659e+00   1.710e+00   3.425e+00  14  sdss  5909  82N  5 
   34  53702.140612  3  23.940  1.567  0.514  3.518   5.120e-01   2.612e+00   6.553e-01   4.484e+00  14  sdss  5909  82N  5 
    2  53702.142270  4  23.365  1.313  1.333  2.271  -2.700e+00   8.391e+00   7.299e+00   1.243e+01  16  sdss  5909  82N  5 
    2  53703.151956  1  26.542  0.848  0.927  1.674  -1.101e+00   9.054e-01   1.085e+00   1.960e+00  11  sdss  5915  82N  5 
   34  53703.148640  2  22.850  0.682  0.311  1.050   2.546e+00   1.537e+00   7.735e-01   2.612e+00  14  sdss  5915  82N  5 
    2  53703.149469  3  25.754  1.092  1.238  1.598  -2.138e+00   2.233e+00   2.845e+00   3.672e+00  14  sdss  5915  82N  5 
    0  53703.151127  4  24.175  0.723  0.398  0.794  -8.343e+00   6.164e+00   3.621e+00   7.227e+00  16  sdss  5915  82N  5 
    2  53703.150298  0  26.230  1.311  0.798  2.250  -2.098e+00   2.361e+00   1.710e+00   4.822e+00  8  sdss  5915  82N  5 
   40  53704.130426  1  24.584  0.945  0.626  1.122   3.275e-01   6.701e-01   4.138e-01   7.417e-01  11  sdss  5918  82N  5 
   32  53704.127110  2  23.219  0.646  0.189  0.486   1.763e+00   1.091e+00   3.429e-01   8.830e-01  14  sdss  5918  82N  5 
   32  53704.127939  3  23.272  0.963  0.173  0.684   1.518e+00   1.686e+00   3.175e-01   1.254e+00  14  sdss  5918  82N  5 
    0  53704.129597  4  23.563  0.741  0.132  0.465  -3.834e+00   4.514e+00   7.925e-01   2.799e+00  16  sdss  5918  82N  5 
   32  53704.128768  0  24.485  1.298  0.399  2.076   1.758e-01   1.587e+00   3.918e-01   2.038e+00  8  sdss  5918  82N  5 
