# SDSS CID:  19048 IAU:          RA: 326.124481 DEC:   0.595482  (J2000)
# GALAXY_SB [ugriz] = [ 23.86 22.33 21.70 21.31 21.15 ] +/- [  0.32  0.03  0.02  0.02  0.06 ] (asinh mag/square arcsec)
# GALAXY_SB_FLUX [ugriz] = [  8.160E-01  4.123E+00  7.538E+00  1.065E+01  1.184E+01 ] +/- [  3.918E-01  1.191E-01  1.461E-01  2.037E-01  7.436E-01 ] (microJy per square arcsec)
#FLAG  MJD       FILT  MAG     MERR  MSKYERR MGALERR  FLUX       FLUXERR    SKYERR     GALERR    NPRE TELE   RUN  STRIP  IDCCD
    0  54348.220010  1  26.091  0.724  0.505  0.786  -6.523e-01   5.969e-01   4.262e-01   6.627e-01  10  sdss  6933  82S  5 
    0  54348.216693  2  25.394  0.882  0.414  0.763  -4.965e-01   8.538e-01   3.820e-01   7.032e-01  10  sdss  6933  82S  5 
    0  54348.217522  3  24.758  0.977  0.528  0.687  -4.792e-01   1.364e+00   6.678e-01   8.685e-01  10  sdss  6933  82S  5 
   32  54348.219181  4  22.452  0.777  0.320  0.648   1.898e+00   4.287e+00   1.660e+00   3.362e+00  9  sdss  6933  82S  5 
   32  54348.218351  0  24.222  1.353  0.239  1.993   4.415e-01   1.718e+00   2.504e-01   2.092e+00  6  sdss  6933  82S  5 
   34  54357.189205  1  25.049  1.173  1.453  3.507   4.067e-02   8.336e-01   8.570e-01   2.069e+00  10  sdss  6955  82S  5 
   32  54357.185888  2  23.687  0.636  0.205  0.409   1.056e+00   7.756e-01   2.595e-01   5.164e-01  10  sdss  6955  82S  5 
    0  54357.186717  3  25.419  0.734  0.234  0.422  -1.459e+00   1.275e+00   4.214e-01   7.580e-01  10  sdss  6955  82S  5 
    0  54357.188376  4  22.858  0.980  0.469  1.438  -1.214e-01   5.455e+00   2.286e+00   7.015e+00  9  sdss  6955  82S  5 
    8  54357.187547  0  25.649  1.166  0.451  2.112  -1.088e+00   1.606e+00   6.270e-01   2.935e+00  6  sdss  6955  82S  5 
   33  54365.186863  1  23.630  1.183  0.379  0.717   1.178e+00   1.265e+00   4.695e-01   8.890e-01  10  sdss  6981  82S  5 
   33  54365.183546  2  23.055  0.687  0.213  0.446   2.081e+00   1.312e+00   4.449e-01   9.310e-01  10  sdss  6981  82S  5 
    0  54365.184375  3  24.839  1.249  0.745  1.077  -5.837e-01   1.890e+00   9.703e-01   1.402e+00  10  sdss  6981  82S  5 
   32  54365.186033  4  21.336  0.523  0.207  0.450   9.841e+00   5.167e+00   2.141e+00   4.660e+00  9  sdss  6981  82S  5 
    9  54365.185204  0  26.731  1.093  0.472  0.946  -3.447e+00   2.901e+00   1.558e+00   3.122e+00  6  sdss  6981  82S  5 
   32  54379.228275  1  22.050  0.113  0.036  0.098   5.372e+00   5.648e-01   1.814e-01   4.906e-01  10  sdss  7024  82S  5 
   32  54379.224959  2  21.894  0.148  0.068  0.115   6.289e+00   8.665e-01   3.979e-01   6.743e-01  10  sdss  7024  82S  5 
   32  54379.225788  3  21.534  0.170  0.074  0.109   8.650e+00   1.367e+00   6.003e-01   8.828e-01  10  sdss  7024  82S  5 
   32  54379.227446  4  21.147  0.314  0.083  0.198   1.194e+01   3.724e+00   1.005e+00   2.394e+00  9  sdss  7024  82S  5 
   40  54379.226617  0  23.066  0.779  0.435  0.910   2.174e+00   1.562e+00   9.640e-01   2.015e+00  6  sdss  7024  82S  5 
   32  54385.235551  1  21.931  0.117  0.104  0.142   5.999e+00   6.505e-01   5.810e-01   7.908e-01  10  sdss  7051  82S  5 
   32  54385.232234  2  21.497  0.105  0.047  0.082   9.087e+00   8.819e-01   3.987e-01   6.967e-01  10  sdss  7051  82S  5 
   32  54385.233063  3  21.438  0.146  0.068  0.093   9.458e+00   1.280e+00   6.053e-01   8.196e-01  10  sdss  7051  82S  5 
   32  54385.234722  4  21.453  0.431  0.266  0.472   8.694e+00   3.947e+00   2.504e+00   4.453e+00  9  sdss  7051  82S  5 
   32  54385.233893  0  24.330  1.375  0.119  2.474   3.304e-01   1.740e+00   1.212e-01   2.511e+00  6  sdss  7051  82S  5 
   32  54387.235805  1  21.881  0.118  0.094  0.151   6.283e+00   6.884e-01   5.512e-01   8.808e-01  10  sdss  7057  82S  5 
   32  54387.232488  2  21.477  0.130  0.048  0.147   9.257e+00   1.115e+00   4.099e-01   1.265e+00  10  sdss  7057  82S  5 
   32  54387.233317  3  21.178  0.140  0.087  0.121   1.204e+01   1.565e+00   9.753e-01   1.358e+00  10  sdss  7057  82S  5 
   32  54387.234976  4  20.883  0.312  0.092  0.297   1.551e+01   4.641e+00   1.392e+00   4.509e+00  9  sdss  7057  82S  5 
   32  54387.234146  0  22.127  0.443  0.090  0.708   5.397e+00   2.120e+00   4.535e-01   3.565e+00  6  sdss  7057  82S  5 
   32  54392.230053  1  22.006  0.188  0.101  0.245   5.596e+00   9.717e-01   5.263e-01   1.276e+00  10  sdss  7076  82S  5 
   32  54392.226736  2  21.838  0.245  0.248  0.332   6.625e+00   1.495e+00   1.538e+00   2.054e+00  10  sdss  7076  82S  5 
   32  54392.227565  3  21.662  0.261  0.132  0.261   7.677e+00   1.851e+00   9.485e-01   1.880e+00  10  sdss  7076  82S  5 
   32  54392.229224  4  21.714  0.681  0.131  0.753   6.473e+00   5.069e+00   1.016e+00   5.826e+00  9  sdss  7076  82S  5 
    0  54392.228395  0  26.385  1.214  0.234  1.976  -2.455e+00   2.438e+00   5.725e-01   4.835e+00  6  sdss  7076  82S  5 
  163  54394.217844  1  21.984  0.591  0.366  0.545   5.712e+00   2.871e+00   1.947e+00   2.898e+00  10  sdss  7084  82S  5 
   33  54394.214528  2  21.512  0.292  0.208  0.252   8.962e+00   2.383e+00   1.732e+00   2.106e+00  10  sdss  7084  82S  5 
   33  54394.215357  3  22.234  0.623  0.365  0.418   4.475e+00   2.459e+00   1.576e+00   1.805e+00  10  sdss  7084  82S  5 
   32  54394.217015  4  21.216  0.834  0.816  1.025   1.114e+01   8.523e+00   9.320e+00   1.171e+01  9  sdss  7084  82S  5 
    3  54394.216186  0  21.443  0.798  0.487  1.054   1.020e+01   6.405e+00   4.576e+00   9.897e+00  6  sdss  7084  82S  5 
   33  54402.227858  1  22.782  0.624  0.133  0.272   2.711e+00   1.466e+00   3.431e-01   7.009e-01  10  sdss  7101  82S  5 
   33  54402.224542  2  21.789  0.233  0.095  0.133   6.933e+00   1.488e+00   6.170e-01   8.632e-01  10  sdss  7101  82S  5 
   32  54402.225371  3  21.528  0.224  0.099  0.121   8.699e+00   1.803e+00   8.028e-01   9.855e-01  10  sdss  7101  82S  5 
   32  54402.227029  4  21.755  0.642  0.150  0.434   6.162e+00   4.673e+00   1.131e+00   3.262e+00  9  sdss  7101  82S  5 
  161  54402.226200  0  22.664  1.951  0.137  1.014   3.242e+00   4.339e+00   4.283e-01   3.164e+00  6  sdss  7101  82S  5 
   32  54404.145773  1  23.284  0.364  0.189  0.412   1.672e+00   5.860e-01   3.133e-01   6.829e-01  10  sdss  7110  82S  5 
   32  54404.142456  2  22.296  0.226  0.112  0.172   4.321e+00   9.118e-01   4.554e-01   7.040e-01  10  sdss  7110  82S  5 
   32  54404.143285  3  22.187  0.327  0.129  0.213   4.680e+00   1.432e+00   5.800e-01   9.578e-01  10  sdss  7110  82S  5 
   32  54404.144944  4  22.516  0.793  0.285  0.697   1.566e+00   4.333e+00   1.453e+00   3.549e+00  9  sdss  7110  82S  5 
   40  54404.144115  0  23.892  1.196  0.541  1.951   8.148e-01   1.550e+00   6.620e-01   2.386e+00  6  sdss  7110  82S  5 
   32  54408.141350  1  23.504  0.391  0.057  0.289   1.342e+00   5.218e-01   7.799e-02   3.972e-01  10  sdss  7127  82S  5 
   32  54408.138033  2  22.232  0.192  0.058  0.098   4.588e+00   8.224e-01   2.516e-01   4.229e-01  10  sdss  7127  82S  5 
   32  54408.138862  3  21.526  0.161  0.047  0.068   8.715e+00   1.304e+00   3.868e-01   5.573e-01  10  sdss  7127  82S  5 
   32  54408.140521  4  21.516  0.444  0.154  0.236   8.118e+00   3.871e+00   1.385e+00   2.117e+00  9  sdss  7127  82S  5 
   32  54408.139692  0  24.025  1.178  0.062  1.219   6.568e-01   1.474e+00   7.104e-02   1.390e+00  6  sdss  7127  82S  5 
   32  54410.142275  1  23.309  0.429  0.320  0.521   1.631e+00   6.692e-01   5.189e-01   8.453e-01  10  sdss  7133  82S  5 
   32  54410.138958  2  22.341  0.291  0.177  0.345   4.142e+00   1.116e+00   6.958e-01   1.351e+00  10  sdss  7133  82S  5 
   32  54410.139787  3  22.174  0.378  0.210  0.325   4.739e+00   1.659e+00   9.553e-01   1.480e+00  10  sdss  7133  82S  5 
   32  54410.141445  4  21.786  0.669  0.242  0.640   5.934e+00   4.778e+00   1.780e+00   4.710e+00  9  sdss  7133  82S  5 
    0  54410.140616  0  24.773  1.505  0.212  3.862  -1.038e-01   1.975e+00   2.066e-01   3.760e+00  6  sdss  7133  82S  5 
   32  54411.099096  1  23.257  0.345  0.172  0.337   1.717e+00   5.690e-01   2.911e-01   5.707e-01  10  sdss  7136  82S  5 
   32  54411.095780  2  22.275  0.239  0.086  0.207   4.406e+00   9.800e-01   3.568e-01   8.618e-01  10  sdss  7136  82S  5 
   32  54411.096609  3  21.765  0.216  0.067  0.108   6.972e+00   1.399e+00   4.414e-01   7.108e-01  10  sdss  7136  82S  5 
   32  54411.098267  4  22.399  0.786  0.246  0.530   2.173e+00   4.392e+00   1.299e+00   2.796e+00  9  sdss  7136  82S  5 
    0  54411.097438  0  26.229  0.737  0.055  0.702  -2.095e+00   1.451e+00   1.179e-01   1.508e+00  6  sdss  7136  82S  5 
   32  54413.139852  1  24.296  0.762  0.447  0.586   5.314e-01   5.841e-01   3.429e-01   4.494e-01  10  sdss  7145  82S  5 
   32  54413.136535  2  22.462  0.253  0.071  0.164   3.692e+00   8.743e-01   2.494e-01   5.772e-01  10  sdss  7145  82S  5 
   40  54413.137364  3  21.843  0.227  0.178  0.116   6.480e+00   1.373e+00   1.090e+00   7.072e-01  10  sdss  7145  82S  5 
   32  54413.139023  4  21.568  0.478  0.105  0.258   7.665e+00   4.005e+00   9.081e-01   2.222e+00  9  sdss  7145  82S  5 
  168  54413.138194  0  22.947  0.710  0.241  0.738   2.453e+00   1.582e+00   5.883e-01   1.805e+00  6  sdss  7145  82S  5 
   32  54418.139452  1  24.442  0.837  0.590  1.050   4.244e-01   6.090e-01   4.177e-01   7.432e-01  10  sdss  7161  82S  5 
   32  54418.136136  2  22.704  0.318  0.112  0.227   2.931e+00   8.775e-01   3.182e-01   6.441e-01  10  sdss  7161  82S  5 
   32  54418.136965  3  22.020  0.270  0.105  0.158   5.486e+00   1.384e+00   5.493e-01   8.238e-01  10  sdss  7161  82S  5 
   32  54418.138623  4  22.397  0.719  0.046  0.509   2.182e+00   3.977e+00   2.433e-01   2.688e+00  9  sdss  7161  82S  5 
    0  54418.137794  0  24.897  1.279  0.143  1.944  -2.262e-01   1.557e+00   1.422e-01   1.926e+00  6  sdss  7161  82S  5 
   33  54422.143501  1  23.512  0.886  0.266  0.458   1.331e+00   1.072e+00   3.626e-01   6.248e-01  10  sdss  7173  82S  5 
   33  54422.140184  2  23.805  1.181  0.368  0.781   9.137e-01   1.356e+00   4.279e-01   9.088e-01  10  sdss  7173  82S  5 
   32  54422.141014  3  22.123  0.401  0.140  0.230   4.975e+00   1.833e+00   6.671e-01   1.097e+00  10  sdss  7173  82S  5 
   32  54422.142672  4  21.478  0.540  0.170  0.380   8.462e+00   4.790e+00   1.569e+00   3.511e+00  9  sdss  7173  82S  5 
   33  54422.141843  0  23.216  1.532  0.251  1.250   1.860e+00   2.610e+00   4.929e-01   2.449e+00  6  sdss  7173  82S  5 
 1209  54424.131639  1  22.971  0.632  6.648  0.249   2.265e+00   1.256e+00   1.448e+01   5.415e-01  10  sdss  7182  82S  5 
  185  54424.128322  2  22.255  0.295  2.453  0.130   4.490e+00   1.222e+00   1.039e+01   5.506e-01  10  sdss  7182  82S  5 
   32  54424.129151  3  21.970  0.284  0.081  0.130   5.751e+00   1.517e+00   4.414e-01   7.098e-01  10  sdss  7182  82S  5 
 1176  54424.130810  4  23.297  0.640  3.856  0.464  -2.331e+00   3.531e+00   2.057e+01   2.478e+00  9  sdss  7182  82S  5 
  169  54424.129980  0  22.921  1.579  2.231  0.907   2.518e+00   3.094e+00   5.579e+00   2.267e+00  6  sdss  7182  82S  5 
