# SDSS CID:  14653 IAU:          RA: 349.042358 DEC:  -0.987270  (J2000)
# GALAXY_SB [ugriz] = [ 22.39 21.10 20.19 19.69 19.35 ] +/- [  0.00  0.00  0.00  0.00  0.00 ] (asinh mag/square arcsec)
# GALAXY_SB_FLUX [ugriz] = [  4.094E+00  1.294E+01  3.047E+01  4.765E+01  6.521E+01 ] +/- [  0.000E+00  0.000E+00  0.000E+00  0.000E+00  0.000E+00 ] (microJy per square arcsec)
#FLAG  MJD       FILT  MAG     MERR  MSKYERR MGALERR  FLUX       FLUXERR    SKYERR     GALERR    NPRE TELE   RUN  STRIP  IDCCD
  264  53974.280945  1  25.625  0.804  0.414  0.000  -3.092e-01   5.526e-01   2.705e-01   0.000e+00  17  sdss  6283  82N  1 
  288  53974.277627  2  23.184  0.468  0.027  0.000   1.828e+00   8.349e-01   5.035e-02   0.000e+00  19  sdss  6283  82N  1 
  288  53974.278457  3  23.479  0.791  0.270  0.000   1.164e+00   1.251e+00   4.314e-01   0.000e+00  19  sdss  6283  82N  1 
  256  53974.280116  4  24.246  0.390  0.059  0.000  -9.011e+00   3.635e+00   5.649e-01   0.000e+00  21  sdss  6283  82N  1 
  384  53974.279286  0  25.086  1.192  0.106  0.000  -4.174e-01   1.437e+00   1.102e-01   0.000e+00  14  sdss  6283  82N  1 
  385  53989.284306  1  26.297  1.365  0.306  0.000  -8.388e-01   1.252e+00   2.960e-01   0.000e+00  17  sdss  6314  82N  1 
  289  53989.280989  2  24.171  1.170  0.089  0.000   5.333e-01   1.203e+00   8.335e-02   0.000e+00  19  sdss  6314  82N  1 
  416  53989.281818  3  24.283  1.097  0.348  0.000   9.340e-02   1.532e+00   4.136e-01   0.000e+00  19  sdss  6314  82N  1 
  256  53989.283477  4  23.590  0.720  0.258  0.000  -3.997e+00   4.415e+00   1.570e+00   0.000e+00  21  sdss  6314  82N  1 
  257  53989.282647  0  26.590  1.228  0.256  0.000  -3.007e+00   2.760e+00   7.251e-01   0.000e+00  14  sdss  6314  82N  1 
  288  53997.380136  1  23.733  0.671  0.184  0.000   1.056e+00   7.131e-01   2.078e-01   0.000e+00  17  sdss  6373  82N  1 
  288  53997.376819  2  22.548  0.318  0.098  0.000   3.404e+00   1.002e+00   3.151e-01   0.000e+00  19  sdss  6373  82N  1 
  288  53997.377648  3  23.131  0.753  0.290  0.000   1.790e+00   1.445e+00   5.886e-01   0.000e+00  19  sdss  6373  82N  1 
  440  53997.379306  4  21.348  0.521  2.712  0.000   9.714e+00   5.027e+00   2.737e+01   0.000e+00  21  sdss  6373  82N  1 
  264  53997.378477  0  26.906  0.533  0.820  0.000  -4.076e+00   1.861e+00   3.063e+00   0.000e+00  14  sdss  6373  82N  1 
  256  54000.259590  1  25.168  1.062  0.537  0.000  -2.947e-02   7.306e-01   3.165e-01   0.000e+00  17  sdss  6383  82N  1 
  296  54000.256273  2  23.025  0.607  0.333  0.000   2.145e+00   1.199e+00   7.077e-01   0.000e+00  19  sdss  6383  82N  1 
  288  54000.257102  3  22.961  0.751  0.301  0.000   2.159e+00   1.611e+00   6.975e-01   0.000e+00  19  sdss  6383  82N  1 
  256  54000.258761  4  23.007  1.019  0.366  0.000  -8.529e-01   5.766e+00   1.809e+00   0.000e+00  21  sdss  6383  82N  1 
  386  54000.257931  0  27.007  0.513  0.074  0.000  -4.483e+00   1.966e+00   3.024e-01   0.000e+00  14  sdss  6383  82N  1 
  256  54007.309744  1  26.100  0.885  0.429  0.000  -6.605e-01   7.289e-01   3.619e-01   0.000e+00  17  sdss  6414  82N  1 
  288  54007.306427  2  23.710  0.806  0.128  0.000   1.027e+00   9.565e-01   1.586e-01   0.000e+00  19  sdss  6414  82N  1 
  288  54007.307257  3  23.727  0.951  0.356  0.000   7.952e-01   1.393e+00   4.957e-01   0.000e+00  19  sdss  6414  82N  1 
  288  54007.308915  4  21.507  0.610  0.146  0.000   8.197e+00   5.181e+00   1.303e+00   0.000e+00  21  sdss  6414  82N  1 
  288  54007.308086  0  23.245  1.104  0.069  0.000   1.804e+00   1.835e+00   1.287e-01   0.000e+00  14  sdss  6414  82N  1 
  257  54009.233286  1  25.873  0.952  0.251  0.000  -4.814e-01   7.190e-01   1.841e-01   0.000e+00  17  sdss  6421  82N  1 
  288  54009.229970  2  23.459  0.668  0.157  0.000   1.368e+00   9.393e-01   2.337e-01   0.000e+00  19  sdss  6421  82N  1 
  288  54009.230799  3  22.279  0.339  0.107  0.000   4.283e+00   1.359e+00   4.421e-01   0.000e+00  19  sdss  6421  82N  1 
  288  54009.232457  4  22.094  0.709  0.505  0.000   3.886e+00   4.314e+00   3.043e+00   0.000e+00  21  sdss  6421  82N  1 
  296  54009.231628  0  22.949  0.838  0.366  0.000   2.449e+00   1.768e+00   8.693e-01   0.000e+00  14  sdss  6421  82N  1 
  289  54011.297757  1  23.940  1.188  0.234  0.000   8.377e-01   1.076e+00   2.264e-01   0.000e+00  17  sdss  6430  82N  1 
  289  54011.294440  2  23.076  0.650  0.113  0.000   2.038e+00   1.222e+00   2.302e-01   0.000e+00  19  sdss  6430  82N  1 
  257  54011.295270  3  24.740  0.961  0.188  0.000  -4.569e-01   1.332e+00   2.357e-01   0.000e+00  19  sdss  6430  82N  1 
  256  54011.296928  4  23.318  0.708  0.348  0.000  -2.447e+00   3.954e+00   1.868e+00   0.000e+00  21  sdss  6430  82N  1 
  257  54011.296099  0  25.452  1.663  0.267  0.000  -8.300e-01   2.431e+00   3.242e-01   0.000e+00  14  sdss  6430  82N  1 
  257  54019.247552  1  25.867  1.277  0.562  0.000  -4.769e-01   1.016e+00   4.116e-01   0.000e+00  17  sdss  6441  82N  1 
  281  54019.244235  2  25.948  0.954  1.990  0.000  -1.095e+00   1.159e+00   2.558e+00   0.000e+00  19  sdss  6441  82N  1 
  288  54019.245064  3  22.296  0.457  0.382  0.000   4.214e+00   1.765e+00   1.549e+00   0.000e+00  19  sdss  6441  82N  1 
  280  54019.246722  4  23.196  0.925  2.464  0.000  -1.804e+00   5.222e+00   1.268e+01   0.000e+00  21  sdss  6441  82N  1 
  289  54019.245893  0  22.881  1.374  0.396  0.000   2.619e+00   2.746e+00   9.941e-01   0.000e+00  14  sdss  6441  82N  1 
  256  54025.296104  1  26.824  0.571  0.115  0.000  -1.472e+00   7.873e-01   1.683e-01   0.000e+00  17  sdss  6461  82N  1 
  256  54025.292787  2  25.950  0.929  0.552  0.000  -1.097e+00   1.130e+00   7.102e-01   0.000e+00  19  sdss  6461  82N  1 
  296  54025.293616  3  23.540  1.089  1.276  0.000   1.069e+00   1.722e+00   1.966e+00   0.000e+00  19  sdss  6461  82N  1 
  256  54025.295274  4  23.819  0.855  0.484  0.000  -5.500e+00   5.835e+00   3.381e+00   0.000e+00  21  sdss  6461  82N  1 
  418  54025.294445  0  24.601  1.607  0.219  0.000   6.226e-02   2.191e+00   2.129e-01   0.000e+00  14  sdss  6461  82N  1 
  288  54029.226344  1  24.739  0.970  0.153  0.000   2.280e-01   6.703e-01   9.572e-02   0.000e+00  17  sdss  6474  82N  1 
  288  54029.223027  2  23.970  0.856  0.161  0.000   7.323e-01   8.963e-01   1.678e-01   0.000e+00  19  sdss  6474  82N  1 
  256  54029.223857  3  25.545  0.709  0.201  0.000  -1.695e+00   1.325e+00   3.943e-01   0.000e+00  19  sdss  6474  82N  1 
  288  54029.225515  4  22.707  0.924  0.105  0.000   6.130e-01   5.085e+00   5.163e-01   0.000e+00  21  sdss  6474  82N  1 
  256  54029.224686  0  24.864  1.361  0.157  0.000  -1.930e-01   1.699e+00   1.544e-01   0.000e+00  14  sdss  6474  82N  1 
  256  54031.213284  1  26.141  0.695  0.165  0.000  -6.959e-01   5.858e-01   1.428e-01   0.000e+00  17  sdss  6484  82N  1 
  288  54031.209967  2  23.249  0.525  0.157  0.000   1.710e+00   8.821e-01   2.770e-01   0.000e+00  19  sdss  6484  82N  1 
  256  54031.210796  3  24.789  0.937  0.341  0.000  -5.189e-01   1.304e+00   4.350e-01   0.000e+00  19  sdss  6484  82N  1 
  256  54031.212455  4  22.871  0.824  0.621  0.000  -1.880e-01   4.416e+00   3.030e+00   0.000e+00  21  sdss  6484  82N  1 
  256  54031.211625  0  24.723  1.312  0.229  0.000  -5.584e-02   1.605e+00   2.221e-01   0.000e+00  14  sdss  6484  82N  1 
  256  54036.217724  1  25.579  0.961  0.288  0.000  -2.799e-01   6.720e-01   1.849e-01   0.000e+00  17  sdss  6504  82N  1 
  288  54036.214407  2  22.649  0.414  0.131  0.000   3.092e+00   1.171e+00   3.875e-01   0.000e+00  19  sdss  6504  82N  1 
  288  54036.215236  3  22.872  0.710  0.307  0.000   2.372e+00   1.633e+00   7.625e-01   0.000e+00  19  sdss  6504  82N  1 
  288  54036.216895  4  21.518  0.591  0.377  0.000   8.098e+00   4.994e+00   3.336e+00   0.000e+00  21  sdss  6504  82N  1 
  256  54036.216065  0  25.333  1.404  0.500  0.000  -6.877e-01   1.861e+00   5.714e-01   0.000e+00  14  sdss  6504  82N  1 
  289  54039.215411  1  25.009  1.379  0.449  0.000   6.447e-02   1.050e+00   2.654e-01   0.000e+00  17  sdss  6513  82N  1 
  417  54039.212094  2  23.459  0.832  0.135  0.000   1.368e+00   1.144e+00   2.008e-01   0.000e+00  19  sdss  6513  82N  1 
  288  54039.212923  3  22.660  0.501  0.154  0.000   2.948e+00   1.412e+00   4.568e-01   0.000e+00  19  sdss  6513  82N  1 
  288  54039.214582  4  22.695  0.774  0.494  0.000   6.726e-01   4.124e+00   2.427e+00   0.000e+00  21  sdss  6513  82N  1 
  265  54039.213752  0  24.696  1.706  1.018  0.000  -2.958e-02   2.421e+00   9.862e-01   0.000e+00  14  sdss  6513  82N  1 
  289  54048.209257  1  23.347  0.752  0.036  0.000   1.570e+00   1.050e+00   5.537e-02   0.000e+00  17  sdss  6533  82N  1 
  289  54048.205940  2  24.495  1.050  0.314  0.000   2.483e-01   9.939e-01   2.607e-01   0.000e+00  19  sdss  6533  82N  1 
  288  54048.206769  3  22.756  0.512  0.110  0.000   2.675e+00   1.333e+00   3.016e-01   0.000e+00  19  sdss  6533  82N  1 
  256  54048.208428  4  23.383  0.768  0.073  0.000  -2.799e+00   4.402e+00   4.025e-01   0.000e+00  21  sdss  6533  82N  1 
  257  54048.207599  0  22.305  0.660  0.037  0.000   4.565e+00   2.475e+00   1.533e-01   0.000e+00  14  sdss  6533  82N  1 
  288  54052.213179  1  24.259  1.014  0.238  0.000   5.605e-01   7.992e-01   1.858e-01   0.000e+00  17  sdss  6552  82N  1 
  288  54052.209863  2  23.058  0.704  0.091  0.000   2.076e+00   1.326e+00   1.871e-01   0.000e+00  19  sdss  6552  82N  1 
  288  54052.210692  3  23.153  0.977  0.362  0.000   1.746e+00   1.818e+00   7.221e-01   0.000e+00  19  sdss  6552  82N  1 
  288  54052.212350  4  22.101  1.015  0.567  0.000   3.844e+00   6.349e+00   3.402e+00   0.000e+00  21  sdss  6552  82N  1 
  288  54052.211521  0  23.536  1.329  0.121  0.000   1.303e+00   1.943e+00   1.822e-01   0.000e+00  14  sdss  6552  82N  1 
  256  54054.231696  1  27.477  1.385  0.772  0.000  -2.769e+00   2.575e+00   2.005e+00   0.000e+00  17  sdss  6559  82N  1 
  258  54054.228379  2  25.368  1.505  1.860  0.000  -4.730e-01   1.679e+00   1.691e+00   0.000e+00  19  sdss  6559  82N  1 
  258  54054.229208  3  26.180  0.967  0.485  0.000  -3.310e+00   2.692e+00   1.586e+00   0.000e+00  19  sdss  6559  82N  1 
  386  54054.230867  4  23.441  1.490  2.723  0.000  -3.126e+00   1.014e+01   1.538e+01   0.000e+00  21  sdss  6559  82N  1 
  256  54054.230037  0  27.152  1.975  0.085  0.000  -5.141e+00   5.650e+00   3.963e-01   0.000e+00  14  sdss  6559  82N  1 
  256  54055.208908  1  26.821  0.462  0.057  0.000  -1.467e+00   6.485e-01   8.321e-02   0.000e+00  17  sdss  6564  82N  1 
  288  54055.205591  2  23.939  0.973  0.190  0.000   7.651e-01   1.040e+00   2.021e-01   0.000e+00  19  sdss  6564  82N  1 
  288  54055.206421  3  23.161  0.786  0.259  0.000   1.730e+00   1.475e+00   5.143e-01   0.000e+00  19  sdss  6564  82N  1 
  256  54055.208079  4  23.399  0.794  0.507  0.000  -2.888e+00   4.583e+00   2.809e+00   0.000e+00  21  sdss  6564  82N  1 
  256  54055.207250  0  25.397  1.342  0.160  0.000  -7.639e-01   1.769e+00   1.893e-01   0.000e+00  14  sdss  6564  82N  1 
  256  54058.206983  1  26.383  0.769  0.162  0.000  -9.253e-01   7.442e-01   1.671e-01   0.000e+00  17  sdss  6577  82N  1 
  288  54058.203666  2  23.738  0.861  0.152  0.000   9.926e-01   1.004e+00   1.849e-01   0.000e+00  19  sdss  6577  82N  1 
  288  54058.204496  3  22.985  0.754  0.267  0.000   2.104e+00   1.591e+00   6.075e-01   0.000e+00  19  sdss  6577  82N  1 
  256  54058.206154  4  23.855  0.798  0.522  0.000  -5.758e+00   5.550e+00   3.735e+00   0.000e+00  21  sdss  6577  82N  1 
  256  54058.205325  0  25.269  1.528  0.130  0.000  -6.149e-01   2.086e+00   1.445e-01   0.000e+00  14  sdss  6577  82N  1 
  264  54060.228890  1  26.107  0.754  0.439  0.000  -6.664e-01   6.233e-01   3.722e-01   0.000e+00  17  sdss  6584  82N  1 
  288  54060.225573  2  22.728  0.371  0.189  0.000   2.866e+00   9.875e-01   5.208e-01   0.000e+00  19  sdss  6584  82N  1 
  288  54060.226402  3  21.752  0.218  0.071  0.000   7.053e+00   1.420e+00   4.703e-01   0.000e+00  19  sdss  6584  82N  1 
  256  54060.228061  4  23.013  0.785  0.370  0.000  -8.829e-01   4.208e+00   1.829e+00   0.000e+00  21  sdss  6584  82N  1 
  264  54060.227232  0  22.711  0.686  0.289  0.000   3.095e+00   1.807e+00   8.393e-01   0.000e+00  14  sdss  6584  82N  1 
  256  54063.197197  1  25.459  1.023  0.145  0.000  -2.037e-01   7.115e-01   8.971e-02   0.000e+00  17  sdss  6600  82N  1 
  288  54063.193881  2  23.056  0.522  0.222  0.000   2.080e+00   1.023e+00   4.601e-01   0.000e+00  19  sdss  6600  82N  1 
  288  54063.194710  3  23.170  0.783  0.111  0.000   1.712e+00   1.462e+00   2.199e-01   0.000e+00  19  sdss  6600  82N  1 
  288  54063.196368  4  21.656  0.702  0.334  0.000   6.934e+00   5.354e+00   2.663e+00   0.000e+00  21  sdss  6600  82N  1 
  256  54063.195539  0  25.409  1.377  0.287  0.000  -7.776e-01   1.836e+00   3.409e-01   0.000e+00  14  sdss  6600  82N  1 
