# SDSS CID:  19733 IAU:          RA: 318.585693 DEC:  -0.926915  (J2000)
# GALAXY_SB [ugriz] = [ 23.87 23.46 23.03 22.90 22.31 ] +/- [  0.35  0.08  0.07  0.07  0.13 ] (asinh mag/square arcsec)
# GALAXY_SB_FLUX [ugriz] = [  8.005E-01  1.399E+00  2.130E+00  2.315E+00  2.615E+00 ] +/- [  4.227E-01  1.129E-01  1.425E-01  1.718E-01  6.858E-01 ] (microJy per square arcsec)
#FLAG  MJD       FILT  MAG     MERR  MSKYERR MGALERR  FLUX       FLUXERR    SKYERR     GALERR    NPRE TELE   RUN  STRIP  IDCCD
    0  54346.180089  1  22.865  0.247  0.350  0.327   2.505e+00   5.733e-01   8.240e-01   7.704e-01  9  sdss  6920  82N  1 
    0  54346.176772  2  22.486  0.280  0.441  0.344   3.608e+00   9.384e-01   1.509e+00   1.178e+00  10  sdss  6920  82N  1 
    0  54346.177602  3  22.093  0.295  0.577  0.297   5.118e+00   1.401e+00   2.806e+00   1.444e+00  12  sdss  6920  82N  1 
    0  54346.179260  4  24.042  0.542  0.480  0.615  -7.191e+00   4.305e+00   3.936e+00   5.041e+00  12  sdss  6920  82N  1 
    0  54346.178431  0  22.663  0.758  0.392  1.351   3.242e+00   2.038e+00   1.185e+00   4.082e+00  9  sdss  6920  82N  1 
   32  54356.220365  1  23.078  0.332  0.723  0.649   2.045e+00   6.320e-01   1.411e+00   1.267e+00  9  sdss  6951  82N  1 
    0  54356.217048  2  22.789  0.320  0.422  0.351   2.701e+00   8.176e-01   1.105e+00   9.184e-01  10  sdss  6951  82N  1 
    0  54356.217877  3  22.189  0.289  0.264  0.246   4.671e+00   1.263e+00   1.176e+00   1.097e+00  12  sdss  6951  82N  1 
   32  54356.219535  4  22.797  0.863  1.243  1.259   1.759e-01   4.670e+00   6.068e+00   6.141e+00  12  sdss  6951  82N  1 
    0  54356.218706  0  22.767  0.670  0.807  1.515   2.931e+00   1.690e+00   2.232e+00   4.188e+00  9  sdss  6951  82N  1 
   32  54358.165653  1  23.088  0.352  0.646  0.678   2.024e+00   6.611e-01   1.251e+00   1.312e+00  9  sdss  6958  82N  1 
    0  54358.162336  2  22.521  0.266  0.363  0.324   3.490e+00   8.665e-01   1.205e+00   1.075e+00  10  sdss  6958  82N  1 
    0  54358.163166  3  22.067  0.287  0.553  0.340   5.246e+00   1.398e+00   2.750e+00   1.688e+00  12  sdss  6958  82N  1 
   32  54358.164824  4  22.610  0.868  0.995  1.365   1.095e+00   4.756e+00   4.955e+00   6.795e+00  12  sdss  6958  82N  1 
    0  54358.163995  0  24.750  1.497  3.709  5.791  -8.226e-02   1.956e+00   3.604e+00   5.627e+00  9  sdss  6958  82N  1 
   33  54366.157869  1  23.449  1.707  1.139  0.644   1.418e+00   1.957e+00   1.616e+00   9.133e-01  9  sdss  6985  82N  1 
    1  54366.154553  2  22.779  0.842  0.925  0.365   2.727e+00   1.924e+00   2.442e+00   9.636e-01  10  sdss  6985  82N  1 
    1  54366.155382  3  21.900  0.393  0.448  0.203   6.142e+00   2.184e+00   2.587e+00   1.175e+00  12  sdss  6985  82N  1 
   32  54366.157040  4  22.117  0.924  0.637  0.814   3.748e+00   5.690e+00   3.800e+00   4.859e+00  12  sdss  6985  82N  1 
  129  54366.156211  0  23.316  2.171  1.451  2.204   1.671e+00   4.115e+00   2.561e+00   3.890e+00  9  sdss  6985  82N  1 
    1  54373.196516  1  22.440  0.291  0.189  0.147   3.738e+00   9.838e-01   6.531e-01   5.082e-01  9  sdss  7003  82N  1 
    1  54373.193199  2  22.260  0.257  0.200  0.153   4.465e+00   1.058e+00   8.374e-01   6.437e-01  10  sdss  7003  82N  1 
    0  54373.194029  3  21.747  0.244  0.214  0.151   7.091e+00   1.594e+00   1.419e+00   1.000e+00  12  sdss  7003  82N  1 
    0  54373.195687  4  21.753  0.635  0.363  0.452   6.175e+00   4.602e+00   2.711e+00   3.378e+00  12  sdss  7003  82N  1 
    1  54373.194858  0  22.998  1.454  0.741  1.325   2.329e+00   2.698e+00   1.684e+00   3.012e+00  9  sdss  7003  82N  1 
    2  54381.208609  1  22.893  0.302  0.608  0.726   2.441e+00   6.784e-01   1.398e+00   1.669e+00  9  sdss  7033  82N  1 
    0  54381.205292  2  22.011  0.219  0.397  0.364   5.636e+00   1.136e+00   2.087e+00   1.915e+00  10  sdss  7033  82N  1 
    0  54381.206121  3  22.004  0.349  0.509  0.364   5.568e+00   1.780e+00   2.677e+00   1.917e+00  12  sdss  7033  82N  1 
    0  54381.207780  4  23.702  0.999  0.911  1.252  -4.706e+00   6.544e+00   5.932e+00   8.152e+00  12  sdss  7033  82N  1 
    2  54381.206951  0  21.684  0.347  0.865  1.227   8.158e+00   2.442e+00   6.289e+00   8.920e+00  9  sdss  7033  82N  1 
   34  54382.206268  1  22.813  0.303  0.734  0.767   2.631e+00   7.295e-01   1.812e+00   1.893e+00  9  sdss  7037  82N  1 
    0  54382.202951  2  22.099  0.221  0.382  0.333   5.191e+00   1.059e+00   1.852e+00   1.617e+00  10  sdss  7037  82N  1 
   32  54382.203780  3  22.889  0.855  1.423  0.915   2.331e+00   1.896e+00   3.488e+00   2.244e+00  12  sdss  7037  82N  1 
    0  54382.205439  4  24.388  0.626  0.631  0.763  -1.045e+01   6.303e+00   6.787e+00   8.213e+00  12  sdss  7037  82N  1 
    2  54382.204610  0  25.914  1.454  2.771  4.533  -1.495e+00   2.249e+00   4.535e+00   7.420e+00  9  sdss  7037  82N  1 
    0  54383.211709  1  22.945  0.294  0.643  0.414   2.323e+00   6.309e-01   1.411e+00   9.080e-01  9  sdss  7043  82N  1 
    0  54383.208392  2  22.448  0.303  0.277  0.252   3.741e+00   1.047e+00   9.798e-01   8.934e-01  10  sdss  7043  82N  1 
    0  54383.209221  3  22.581  0.429  0.407  0.265   3.191e+00   1.307e+00   1.289e+00   8.406e-01  12  sdss  7043  82N  1 
    0  54383.210879  4  22.929  0.922  1.014  0.971  -4.712e-01   5.064e+00   4.966e+00   4.757e+00  12  sdss  7043  82N  1 
    0  54383.210050  0  22.158  0.430  0.545  0.934   5.244e+00   1.942e+00   2.580e+00   4.418e+00  9  sdss  7043  82N  1 
    0  54386.208716  1  22.542  0.168  0.134  0.167   3.397e+00   5.255e-01   4.223e-01   5.257e-01  9  sdss  7054  82N  1 
    0  54386.205399  2  22.242  0.198  0.128  0.108   4.541e+00   8.353e-01   5.461e-01   4.599e-01  10  sdss  7054  82N  1 
    0  54386.206228  3  22.742  0.423  0.291  0.180   2.714e+00   1.129e+00   8.057e-01   4.985e-01  12  sdss  7054  82N  1 
   32  54386.207886  4  22.253  0.632  0.500  0.489   2.966e+00   3.608e+00   2.792e+00   2.733e+00  12  sdss  7054  82N  1 
    0  54386.207057  0  22.417  0.436  0.467  0.612   4.108e+00   1.563e+00   1.752e+00   2.297e+00  9  sdss  7054  82N  1 
   32  54388.212633  1  23.163  0.351  0.539  0.523   1.883e+00   6.178e-01   9.763e-01   9.480e-01  9  sdss  7060  82N  1 
    0  54388.209316  2  22.154  0.208  0.244  0.212   4.932e+00   9.482e-01   1.124e+00   9.798e-01  10  sdss  7060  82N  1 
    0  54388.210145  3  21.944  0.276  0.283  0.219   5.892e+00   1.503e+00   1.574e+00   1.218e+00  12  sdss  7060  82N  1 
   32  54388.211804  4  22.439  0.839  0.559  0.901   1.961e+00   4.688e+00   2.905e+00   4.682e+00  12  sdss  7060  82N  1 
    0  54388.210975  0  22.057  0.406  0.444  0.836   5.766e+00   2.017e+00   2.300e+00   4.334e+00  9  sdss  7060  82N  1 
    1  54393.198064  1  22.536  0.263  0.132  0.128   3.416e+00   8.182e-01   4.187e-01   4.056e-01  9  sdss  7080  82N  1 
    1  54393.194748  2  22.080  0.176  0.068  0.065   5.284e+00   8.636e-01   3.350e-01   3.194e-01  10  sdss  7080  82N  1 
    0  54393.195577  3  22.232  0.279  0.119  0.075   4.483e+00   1.173e+00   5.093e-01   3.199e-01  12  sdss  7080  82N  1 
    0  54393.197235  4  21.971  0.586  0.203  0.301   4.660e+00   3.772e+00   1.315e+00   1.953e+00  12  sdss  7080  82N  1 
    1  54393.196406  0  22.908  1.009  0.435  0.750   2.551e+00   2.111e+00   1.067e+00   1.839e+00  9  sdss  7080  82N  1 
   33  54396.128048  1  23.476  1.800  1.249  0.947   1.380e+00   2.055e+00   1.732e+00   1.314e+00  9  sdss  7092  82N  1 
    1  54396.124732  2  22.060  0.430  0.468  0.328   5.384e+00   2.060e+00   2.351e+00   1.649e+00  10  sdss  7092  82N  1 
    1  54396.125561  3  22.500  0.665  0.743  0.455   3.457e+00   2.065e+00   2.525e+00   1.545e+00  12  sdss  7092  82N  1 
   32  54396.127219  4  21.914  0.905  0.783  1.039   5.037e+00   6.015e+00   5.263e+00   6.981e+00  12  sdss  7092  82N  1 
    3  54396.126390  0  22.196  1.613  0.818  1.246   5.060e+00   4.902e+00   3.739e+00   5.696e+00  9  sdss  7092  82N  1 
    0  54403.124931  1  22.647  0.184  0.183  0.167   3.079e+00   5.236e-01   5.232e-01   4.782e-01  9  sdss  7106  82N  1 
    0  54403.121614  2  22.483  0.229  0.136  0.120   3.619e+00   7.755e-01   4.662e-01   4.109e-01  10  sdss  7106  82N  1 
    0  54403.122443  3  22.019  0.229  0.139  0.088   5.490e+00   1.175e+00   7.228e-01   4.564e-01  12  sdss  7106  82N  1 
   32  54403.124101  4  22.346  0.697  0.393  0.424   2.454e+00   3.889e+00   2.111e+00   2.276e+00  12  sdss  7106  82N  1 
    0  54403.123272  0  22.209  0.336  0.213  0.428   4.999e+00   1.474e+00   9.614e-01   1.936e+00  9  sdss  7106  82N  1 
    0  54406.118807  1  23.050  0.289  0.298  0.322   2.100e+00   5.666e-01   5.960e-01   6.444e-01  9  sdss  7121  82N  1 
    0  54406.115490  2  22.444  0.298  0.372  0.223   3.755e+00   1.034e+00   1.322e+00   7.937e-01  10  sdss  7121  82N  1 
    0  54406.116319  3  22.876  0.639  0.447  0.282   2.363e+00   1.484e+00   1.106e+00   6.985e-01  12  sdss  7121  82N  1 
    0  54406.117977  4  21.590  0.715  0.737  0.358   7.473e+00   5.700e+00   6.197e+00   3.012e+00  12  sdss  7121  82N  1 
    0  54406.117148  0  22.659  0.604  0.616  0.985   3.254e+00   1.693e+00   1.869e+00   2.987e+00  9  sdss  7121  82N  1 
   32  54412.120848  1  23.076  0.316  0.397  0.403   2.049e+00   6.031e-01   7.757e-01   7.888e-01  9  sdss  7140  82N  1 
    0  54412.117532  2  22.398  0.227  0.184  0.172   3.922e+00   8.282e-01   6.824e-01   6.357e-01  10  sdss  7140  82N  1 
    0  54412.118361  3  22.256  0.302  0.250  0.170   4.381e+00   1.242e+00   1.049e+00   7.164e-01  12  sdss  7140  82N  1 
    0  54412.120019  4  21.656  0.572  0.316  0.472   6.929e+00   4.433e+00   2.530e+00   3.780e+00  12  sdss  7140  82N  1 
    0  54412.119190  0  22.686  0.582  0.811  1.046   3.173e+00   1.603e+00   2.403e+00   3.100e+00  9  sdss  7140  82N  1 
    0  54415.158373  1  22.930  0.247  0.244  0.253   2.357e+00   5.419e-01   5.427e-01   5.630e-01  9  sdss  7150  82N  1 
    0  54415.155056  2  22.394  0.224  0.178  0.146   3.936e+00   8.213e-01   6.611e-01   5.440e-01  10  sdss  7150  82N  1 
    0  54415.155885  3  22.677  0.443  0.351  0.211   2.899e+00   1.243e+00   1.025e+00   6.158e-01  12  sdss  7150  82N  1 
   32  54415.157544  4  22.722  0.769  0.626  0.569   5.393e-01   4.084e+00   3.069e+00   2.790e+00  12  sdss  7150  82N  1 
    0  54415.156715  0  23.717  1.180  1.247  1.912   1.040e+00   1.594e+00   1.665e+00   2.552e+00  9  sdss  7150  82N  1 
    0  54416.116606  1  22.671  0.197  0.224  0.222   3.010e+00   5.476e-01   6.276e-01   6.219e-01  9  sdss  7155  82N  1 
    0  54416.113289  2  22.320  0.222  0.255  0.189   4.221e+00   8.725e-01   1.012e+00   7.499e-01  10  sdss  7155  82N  1 
    0  54416.114118  3  22.031  0.256  0.179  0.138   5.428e+00   1.291e+00   9.218e-01   7.079e-01  12  sdss  7155  82N  1 
    0  54416.115777  4  21.553  0.508  0.416  0.368   7.790e+00   4.247e+00   3.603e+00   3.185e+00  12  sdss  7155  82N  1 
    0  54416.114948  0  21.951  0.285  0.339  0.491   6.367e+00   1.591e+00   1.933e+00   2.802e+00  9  sdss  7155  82N  1 
    1  54421.121899  1  21.963  0.316  0.226  0.175   5.825e+00   1.640e+00   1.207e+00   9.315e-01  9  sdss  7170  82N  1 
   25  54421.118583  2  22.169  0.422  2.968  0.228   4.863e+00   1.836e+00   1.352e+01   1.036e+00  10  sdss  7170  82N  1 
    1  54421.119412  3  22.372  0.582  1.021  0.276   3.917e+00   2.049e+00   3.875e+00   1.049e+00  12  sdss  7170  82N  1 
   32  54421.121070  4  22.471  1.052  0.751  0.935   1.796e+00   6.123e+00   3.868e+00   4.811e+00  12  sdss  7170  82N  1 
    1  54421.120241  0  21.816  0.611  0.525  0.656   7.222e+00   3.585e+00   3.386e+00   4.230e+00  9  sdss  7170  82N  1 
    1  54423.113219  1  22.702  0.631  0.556  0.475   2.923e+00   1.562e+00   1.516e+00   1.294e+00  9  sdss  7176  82N  1 
    1  54423.109902  2  22.517  0.428  0.389  0.295   3.504e+00   1.361e+00   1.296e+00   9.827e-01  10  sdss  7176  82N  1 
    0  54423.110731  3  22.086  0.353  0.315  0.214   5.152e+00   1.675e+00   1.540e+00   1.048e+00  12  sdss  7176  82N  1 
   32  54423.112390  4  22.294  0.888  0.803  0.919   2.738e+00   5.169e+00   4.404e+00   5.042e+00  12  sdss  7176  82N  1 
    1  54423.111561  0  22.225  1.108  0.951  1.279   4.923e+00   3.850e+00   4.238e+00   5.696e+00  9  sdss  7176  82N  1 
    1  54425.113681  1  22.765  0.638  0.322  0.273   2.754e+00   1.491e+00   8.293e-01   7.022e-01  9  sdss  7188  82N  1 
    1  54425.110365  2  22.245  0.320  0.228  0.148   4.528e+00   1.323e+00   9.704e-01   6.273e-01  10  sdss  7188  82N  1 
    0  54425.111194  3  22.141  0.348  0.280  0.155   4.890e+00   1.572e+00   1.304e+00   7.197e-01  12  sdss  7188  82N  1 
   32  54425.112852  4  22.707  0.833  0.756  0.710   6.132e-01   4.492e+00   3.710e+00   3.486e+00  12  sdss  7188  82N  1 
    1  54425.112023  0  23.170  2.001  1.144  1.460   1.954e+00   3.695e+00   2.263e+00   2.888e+00  9  sdss  7188  82N  1 
    1  54431.124945  1  22.241  0.565  0.685  0.279   4.500e+00   2.154e+00   2.836e+00   1.154e+00  9  sdss  7195  82N  1 
    5  54431.121629  2  22.837  1.456  2.194  0.428   2.578e+00   2.729e+00   5.505e+00   1.073e+00  10  sdss  7195  82N  1 
   57  54431.122458  3  23.556  1.659  5.763  0.824   1.044e+00   2.978e+00   8.789e+00   1.257e+00  12  sdss  7195  82N  1 
  128  54431.124116  4  21.304  0.805  1.410  0.567   1.018e+01   7.703e+00   1.485e+01   5.973e+00  12  sdss  7195  82N  1 
    1  54431.123287  0  20.898  0.362  0.329  0.350   1.689e+01   5.221e+00   4.910e+00   5.225e+00  9  sdss  7195  82N  1 
