# SDSS CID:   7345 IAU:          RA:   2.793329 DEC:  -0.756505  (J2000)
# GALAXY_SB [ugriz] = [ 24.58 23.44 23.28 22.65 21.88 ] +/- [  0.57  0.07  0.06  0.04  0.08 ] (asinh mag/square arcsec)
# GALAXY_SB_FLUX [ugriz] = [  5.548E-02  1.424E+00  1.664E+00  2.990E+00  5.198E+00 ] +/- [  5.533E-01  1.002E-01  1.048E-01  1.248E-01  5.211E-01 ] (microJy per square arcsec)
#FLAG  MJD       FILT  MAG     MERR  MSKYERR MGALERR  FLUX       FLUXERR    SKYERR     GALERR    NPRE TELE   RUN  STRIP  IDCCD
   32  53622.336342  1  24.837  1.045  0.804  2.022   1.676e-01   7.261e-01   4.894e-01   1.232e+00  11  sdss  5582  82S  2 
   32  53622.333025  2  23.961  0.983  0.567  1.037   7.416e-01   1.046e+00   5.982e-01   1.095e+00  11  sdss  5582  82S  2 
   32  53622.333854  3  24.147  1.102  1.397  1.030   2.563e-01   1.553e+00   1.687e+00   1.243e+00  12  sdss  5582  82S  2 
  160  53622.335513  4  21.394  0.659  0.536  0.652   9.254e+00   6.018e+00   5.220e+00   6.337e+00  12  sdss  5582  82S  2 
    6  53622.334684  0  22.213  0.534  0.208  1.921   4.980e+00   2.318e+00   9.715e-01   8.955e+00  7  sdss  5582  82S  2 
    1  53627.293804  1  26.371  1.267  0.489  0.824  -9.131e-01   1.198e+00   5.058e-01   8.514e-01  11  sdss  5607  82S  2 
   33  53627.290487  2  23.935  0.956  0.394  0.477   7.689e-01   1.025e+00   4.222e-01   5.116e-01  11  sdss  5607  82S  2 
   32  53627.291316  3  24.211  0.984  0.348  0.524   1.797e-01   1.337e+00   4.157e-01   6.266e-01  12  sdss  5607  82S  2 
   32  53627.292975  4  22.594  0.753  0.461  0.511   1.175e+00   4.038e+00   2.303e+00   2.550e+00  12  sdss  5607  82S  2 
    1  53627.292146  0  22.110  0.562  0.128  0.877   5.487e+00   2.658e+00   6.529e-01   4.486e+00  7  sdss  5607  82S  2 
    1  53634.286003  1  25.276  1.927  1.456  2.030  -9.333e-02   1.835e+00   8.666e-01   1.208e+00  11  sdss  5619  82S  2 
   33  53634.282686  2  22.573  0.540  0.176  0.302   3.324e+00   1.606e+00   5.627e-01   9.644e-01  11  sdss  5619  82S  2 
    0  53634.283515  3  21.973  0.329  0.181  0.195   5.732e+00   1.738e+00   9.850e-01   1.057e+00  12  sdss  5619  82S  2 
   32  53634.285173  4  22.101  0.854  0.720  0.756   3.842e+00   5.238e+00   4.319e+00   4.533e+00  12  sdss  5619  82S  2 
    1  53634.284344  0  22.478  1.820  0.579  1.821   3.875e+00   4.503e+00   2.131e+00   6.697e+00  7  sdss  5619  82S  2 
 1190  53640.291364  1  23.116  0.994  0.543  0.825   1.971e+00   1.590e+00   1.046e+00   1.589e+00  11  sdss  5646  82S  2 
 1188  53640.288047  2  23.204  0.852  1.064  0.683   1.790e+00   1.403e+00   1.964e+00   1.261e+00  11  sdss  5646  82S  2 
   32  53640.288876  3  23.543  1.038  0.649  1.139   1.065e+00   1.631e+00   9.992e-01   1.754e+00  12  sdss  5646  82S  2 
 1164  53640.290535  4  20.183  0.779  2.195  0.237   3.016e+01   1.878e+01   6.115e+01   6.596e+00  12  sdss  5646  82S  2 
   35  53655.263492  1  22.650  0.463  0.243  0.461   3.072e+00   1.279e+00   7.100e-01   1.345e+00  11  sdss  5713  82S  2 
    0  53655.260175  2  22.090  0.248  0.104  0.161   5.237e+00   1.204e+00   5.129e-01   7.921e-01  11  sdss  5713  82S  2 
   32  53655.261005  3  22.106  0.310  0.118  0.175   5.053e+00   1.460e+00   5.686e-01   8.422e-01  12  sdss  5713  82S  2 
 1152  53655.262663  4  23.564  0.873  0.585  0.850  -3.843e+00   5.361e+00   3.508e+00   5.101e+00  12  sdss  5713  82S  2 
    1  53655.261834  0  26.520  1.284  0.095  2.141  -2.806e+00   2.786e+00   2.617e-01   5.880e+00  7  sdss  5713  82S  2 
   33  53664.287930  1  23.614  1.166  0.764  0.557   1.197e+00   1.265e+00   9.628e-01   7.020e-01  11  sdss  5754  82S  2 
    1  53664.284613  2  22.266  0.294  0.095  0.150   4.442e+00   1.207e+00   3.979e-01   6.318e-01  11  sdss  5754  82S  2 
 1049  53664.285442  3  22.053  0.316  3.662  0.124   5.314e+00   1.557e+00   1.850e+01   6.282e-01  12  sdss  5754  82S  2 
   24  53664.287101  4  23.588  0.852  1.954  0.422  -3.990e+00   5.270e+00   1.187e+01   2.564e+00  12  sdss  5754  82S  2 
   13  53664.286272  0  23.470  2.185  1.456  2.932   1.407e+00   4.095e+00   2.348e+00   4.727e+00  7  sdss  5754  82S  2 
    1  53666.251332  1  22.430  0.190  0.056  0.107   3.774e+00   6.695e-01   1.997e-01   3.825e-01  11  sdss  5763  82S  2 
    0  53666.248015  2  22.389  0.230  0.043  0.092   3.957e+00   8.546e-01   1.610e-01   3.473e-01  11  sdss  5763  82S  2 
   32  53666.248844  3  22.494  0.353  0.080  0.107   3.477e+00   1.176e+00   2.729e-01   3.679e-01  12  sdss  5763  82S  2 
   32  53666.250503  4  22.184  0.666  0.242  0.282   3.355e+00   3.900e+00   1.393e+00   1.624e+00  12  sdss  5763  82S  2 
    1  53666.249674  0  25.096  1.414  0.354  2.631  -4.282e-01   1.828e+00   3.699e-01   2.751e+00  7  sdss  5763  82S  2 
    0  53669.246775  1  22.629  0.182  0.114  0.184   3.133e+00   5.381e-01   3.381e-01   5.486e-01  11  sdss  5776  82S  2 
    0  53669.243458  2  22.143  0.170  0.036  0.087   4.984e+00   7.930e-01   1.674e-01   4.095e-01  11  sdss  5776  82S  2 
    0  53669.244287  3  21.979  0.229  0.093  0.106   5.700e+00   1.221e+00   5.007e-01   5.699e-01  12  sdss  5776  82S  2 
   32  53669.245945  4  22.592  0.757  0.103  0.474   1.186e+00   4.061e+00   5.127e-01   2.369e+00  12  sdss  5776  82S  2 
    8  53669.245116  0  22.635  0.521  0.336  1.069   3.332e+00   1.569e+00   1.075e+00   3.424e+00  7  sdss  5776  82S  2 
   32  53671.331780  1  22.779  0.289  0.132  0.404   2.719e+00   7.349e-01   3.440e-01   1.050e+00  11  sdss  5786  82S  2 
   32  53671.328463  2  22.639  0.345  0.224  0.253   3.122e+00   1.009e+00   6.744e-01   7.626e-01  11  sdss  5786  82S  2 
   32  53671.329292  3  23.083  0.678  0.220  0.376   1.889e+00   1.356e+00   4.639e-01   7.932e-01  12  sdss  5786  82S  2 
   32  53671.330951  4  22.733  0.894  0.546  0.723   4.895e-01   4.883e+00   2.676e+00   3.542e+00  12  sdss  5786  82S  2 
    0  53671.330121  0  23.363  1.588  0.170  3.540   1.588e+00   2.575e+00   2.977e-01   6.185e+00  7  sdss  5786  82S  2 
    0  53674.230953  1  22.548  0.177  0.099  0.184   3.380e+00   5.611e-01   3.168e-01   5.874e-01  11  sdss  5797  82S  2 
    0  53674.227636  2  22.497  0.251  0.086  0.168   3.572e+00   8.449e-01   2.947e-01   5.732e-01  11  sdss  5797  82S  2 
   32  53674.228466  3  22.320  0.310  0.173  0.180   4.118e+00   1.208e+00   6.885e-01   7.193e-01  12  sdss  5797  82S  2 
   32  53674.230124  4  21.946  0.553  0.050  0.359   4.820e+00   3.593e+00   3.280e-01   2.353e+00  12  sdss  5797  82S  2 
    0  53674.229295  0  26.268  0.971  0.116  2.221  -2.181e+00   1.881e+00   2.576e-01   4.933e+00  7  sdss  5797  82S  2 
   32  53676.320251  1  23.097  0.310  0.148  0.301   2.008e+00   5.940e-01   2.902e-01   5.898e-01  11  sdss  5807  82S  2 
    0  53676.316934  2  22.521  0.242  0.079  0.101   3.492e+00   7.971e-01   2.648e-01   3.373e-01  11  sdss  5807  82S  2 
    0  53676.317764  3  22.479  0.312  0.074  0.083   3.528e+00   1.060e+00   2.579e-01   2.892e-01  12  sdss  5807  82S  2 
    0  53676.319422  4  23.101  0.631  0.230  0.313  -1.323e+00   3.328e+00   1.154e+00   1.573e+00  12  sdss  5807  82S  2 
    0  53676.318593  0  22.145  0.400  0.099  0.621   5.309e+00   1.905e+00   4.906e-01   3.078e+00  7  sdss  5807  82S  2 
   32  53679.291886  1  23.375  0.438  0.298  0.586   1.527e+00   6.478e-01   4.582e-01   9.021e-01  11  sdss  5820  82S  2 
   32  53679.288569  2  22.919  0.496  0.233  0.391   2.382e+00   1.107e+00   5.490e-01   9.215e-01  11  sdss  5820  82S  2 
   32  53679.289398  3  23.353  0.852  0.422  0.497   1.374e+00   1.435e+00   7.325e-01   8.635e-01  12  sdss  5820  82S  2 
    0  53679.291057  4  23.547  0.840  0.518  0.638  -3.741e+00   5.114e+00   3.080e+00   3.791e+00  12  sdss  5820  82S  2 
    2  53679.290228  0  24.858  1.629  0.489  7.037  -1.874e-01   2.246e+00   4.809e-01   6.924e+00  7  sdss  5820  82S  2 
    0  53681.283222  1  22.970  0.279  0.116  0.217   2.268e+00   6.007e-01   2.543e-01   4.745e-01  11  sdss  5836  82S  2 
    0  53681.279905  2  22.409  0.232  0.102  0.097   3.882e+00   8.449e-01   3.773e-01   3.581e-01  11  sdss  5836  82S  2 
    0  53681.280734  3  21.984  0.225  0.070  0.077   5.673e+00   1.191e+00   3.789e-01   4.131e-01  12  sdss  5836  82S  2 
   32  53681.282392  4  22.122  0.665  0.344  0.305   3.722e+00   3.991e+00   2.043e+00   1.809e+00  12  sdss  5836  82S  2 
    4  53681.281563  0  25.618  1.366  0.157  2.444  -1.046e+00   1.918e+00   2.134e-01   3.330e+00  7  sdss  5836  82S  2 
   33  53685.241922  1  24.283  2.197  2.731  1.207   5.416e-01   2.433e+00   2.116e+00   9.357e-01  11  sdss  5853  82S  2 
    1  53685.238605  2  22.135  0.454  0.395  0.126   5.022e+00   2.040e+00   1.870e+00   5.961e-01  11  sdss  5853  82S  2 
   33  53685.239434  3  22.702  0.724  0.480  0.190   2.827e+00   1.892e+00   1.377e+00   5.461e-01  12  sdss  5853  82S  2 
    0  53685.241093  4  23.478  0.920  0.480  0.518  -3.338e+00   5.528e+00   2.756e+00   2.976e+00  12  sdss  5853  82S  2 
    5  53685.240263  0  23.435  2.365  1.190  2.774   1.464e+00   4.799e+00   1.968e+00   4.589e+00  7  sdss  5853  82S  2 
   32  53697.239019  1  23.018  0.276  0.118  0.240   2.166e+00   5.681e-01   2.483e-01   5.051e-01  11  sdss  5895  82S  2 
    8  53697.235702  2  22.218  0.217  0.316  0.106   4.646e+00   9.414e-01   1.386e+00   4.645e-01  11  sdss  5895  82S  2 
   32  53697.236531  3  22.582  0.359  0.131  0.134   3.187e+00   1.107e+00   4.164e-01   4.257e-01  12  sdss  5895  82S  2 
    0  53697.238190  4  23.287  0.618  0.071  0.378  -2.283e+00   3.385e+00   3.746e-01   2.004e+00  12  sdss  5895  82S  2 
 1152  53697.237360  0  25.951  1.183  0.105  2.362  -1.558e+00   1.856e+00   1.812e-01   4.072e+00  7  sdss  5895  82S  2 
   32  53700.237653  1  22.929  0.294  0.108  0.384   2.359e+00   6.549e-01   2.463e-01   8.737e-01  11  sdss  5905  82S  2 
   32  53700.234336  2  22.631  0.314  0.205  0.232   3.145e+00   9.291e-01   6.209e-01   7.047e-01  11  sdss  5905  82S  2 
   32  53700.235165  3  23.225  0.702  0.419  0.375   1.606e+00   1.280e+00   7.950e-01   7.117e-01  12  sdss  5905  82S  2 
    0  53700.236824  4  23.556  0.781  0.650  0.596  -3.795e+00   4.747e+00   3.882e+00   3.558e+00  12  sdss  5905  82S  2 
    0  53700.235994  0  25.735  1.382  0.264  3.371  -1.211e+00   2.013e+00   3.892e-01   4.965e+00  7  sdss  5905  82S  2 
   32  53705.224074  1  22.926  0.262  0.181  0.263   2.365e+00   5.869e-01   4.123e-01   5.986e-01  11  sdss  5924  82S  2 
    0  53705.220757  2  22.587  0.260  0.113  0.154   3.280e+00   8.066e-01   3.569e-01   4.843e-01  11  sdss  5924  82S  2 
   32  53705.221587  3  22.463  0.332  0.148  0.158   3.584e+00   1.139e+00   5.225e-01   5.573e-01  12  sdss  5924  82S  2 
   32  53705.223245  4  21.930  0.521  0.220  0.331   4.927e+00   3.417e+00   1.455e+00   2.194e+00  12  sdss  5924  82S  2 
    8  53705.222416  0  23.551  1.197  0.947  2.674   1.279e+00   1.739e+00   1.439e+00   4.065e+00  7  sdss  5924  82S  2 
