# SDSS CID:  20038 IAU: 2007pg   RA: 351.956604 DEC:   0.457368  (J2000)
# GALAXY_SB [ugriz] = [ 23.87 22.55 21.82 21.43 21.10 ] +/- [  0.26  0.04  0.02  0.02  0.05 ] (asinh mag/square arcsec)
# GALAXY_SB_FLUX [ugriz] = [  7.998E-01  3.350E+00  6.755E+00  9.539E+00  1.242E+01 ] +/- [  3.139E-01  1.365E-01  1.349E-01  1.998E-01  6.578E-01 ] (microJy per square arcsec)
#FLAG  MJD       FILT  MAG     MERR  MSKYERR MGALERR  FLUX       FLUXERR    SKYERR     GALERR    NPRE TELE   RUN  STRIP  IDCCD
   32  54357.261527  1  24.105  0.806  0.375  1.303   6.869e-01   6.758e-01   3.235e-01   1.125e+00  9  sdss  6955  82S  5 
   32  54357.258209  2  23.256  0.532  0.058  0.411   1.698e+00   8.888e-01   1.016e-01   7.225e-01  11  sdss  6955  82S  5 
   32  54357.259039  3  24.339  0.981  0.408  0.801   2.704e-02   1.326e+00   4.836e-01   9.482e-01  11  sdss  6955  82S  5 
    0  54357.260697  4  23.190  0.788  0.134  0.978  -1.775e+00   4.334e+00   6.909e-01   5.033e+00  11  sdss  6955  82S  5 
   40  54357.259868  0  22.341  0.498  0.468  0.847   4.413e+00   1.943e+00   1.940e+00   3.516e+00  8  sdss  6955  82S  5 
   32  54362.311228  1  24.999  0.935  0.231  1.420   6.999e-02   6.232e-01   1.366e-01   8.412e-01  9  sdss  6976  82S  5 
    0  54362.307911  2  24.889  0.969  0.469  0.826  -6.950e-02   8.826e-01   3.759e-01   6.619e-01  11  sdss  6976  82S  5 
    0  54362.308740  3  24.723  0.999  0.466  0.687  -4.359e-01   1.393e+00   5.825e-01   8.584e-01  11  sdss  6976  82S  5 
    0  54362.310398  4  23.783  0.623  0.198  0.417  -5.247e+00   4.207e+00   1.364e+00   2.863e+00  11  sdss  6976  82S  5 
    0  54362.309569  0  24.787  1.342  0.237  2.112  -1.177e-01   1.661e+00   2.310e-01   2.059e+00  8  sdss  6976  82S  5 
   32  54379.300984  1  24.922  0.837  0.112  0.903   1.159e-01   5.480e-01   6.716e-02   5.405e-01  9  sdss  7024  82S  5 
    0  54379.297667  2  25.165  0.842  0.235  0.507  -2.952e-01   7.671e-01   1.987e-01   4.275e-01  11  sdss  7024  82S  5 
    0  54379.298496  3  24.448  0.896  0.143  0.517  -1.023e-01   1.188e+00   1.703e-01   6.141e-01  11  sdss  7024  82S  5 
    0  54379.300155  4  23.480  0.547  0.218  0.391  -3.347e+00   3.187e+00   1.256e+00   2.259e+00  11  sdss  7024  82S  5 
    8  54379.299326  0  25.172  1.172  0.720  1.060  -5.091e-01   1.427e+00   7.739e-01   1.140e+00  8  sdss  7024  82S  5 
   32  54385.308451  1  24.944  1.004  0.332  1.935   1.027e-01   6.831e-01   1.982e-01   1.154e+00  9  sdss  7051  82S  5 
   32  54385.305134  2  23.960  0.798  0.098  0.576   7.418e-01   8.374e-01   1.027e-01   6.058e-01  11  sdss  7051  82S  5 
    0  54385.305963  3  24.595  0.949  0.367  0.663  -2.784e-01   1.286e+00   4.446e-01   8.028e-01  11  sdss  7051  82S  5 
   32  54385.307621  4  22.796  0.775  0.403  0.828   1.798e-01   4.113e+00   1.965e+00   4.041e+00  11  sdss  7051  82S  5 
 1152  54385.306792  0  26.277  1.021  0.085  1.409  -2.202e+00   1.972e+00   1.897e-01   3.146e+00  8  sdss  7051  82S  5 
   32  54387.309186  1  25.096  1.025  0.494  2.018   1.322e-02   6.973e-01   2.911e-01   1.188e+00  9  sdss  7057  82S  5 
   32  54387.305869  2  24.227  0.995  0.449  0.956   4.809e-01   9.758e-01   4.106e-01   8.734e-01  11  sdss  7057  82S  5 
   32  54387.306699  3  24.026  1.072  0.359  1.040   4.043e-01   1.517e+00   4.461e-01   1.291e+00  11  sdss  7057  82S  5 
    0  54387.308357  4  22.881  0.822  0.357  0.921  -2.342e-01   4.404e+00   1.745e+00   4.495e+00  11  sdss  7057  82S  5 
    8  54387.307528  0  25.230  1.386  1.483  2.143  -5.716e-01   1.805e+00   1.632e+00   2.358e+00  8  sdss  7057  82S  5 
   32  54392.303576  1  24.129  0.845  0.155  1.454   6.662e-01   6.996e-01   1.321e-01   1.235e+00  9  sdss  7076  82S  5 
   32  54392.300259  2  23.387  0.636  0.330  0.520   1.479e+00   9.476e-01   5.212e-01   8.212e-01  11  sdss  7076  82S  5 
   32  54392.301088  3  23.983  1.028  0.510  0.915   4.580e-01   1.447e+00   6.410e-01   1.150e+00  11  sdss  7076  82S  5 
  160  54392.302747  4  22.760  0.725  0.229  0.633   3.554e-01   3.812e+00   1.120e+00   3.094e+00  11  sdss  7076  82S  5 
   40  54392.301917  0  24.524  1.383  1.630  2.687   1.377e-01   1.736e+00   1.592e+00   2.625e+00  8  sdss  7076  82S  5 
   33  54394.291420  1  22.937  0.754  0.389  0.676   2.341e+00   1.484e+00   8.684e-01   1.508e+00  9  sdss  7084  82S  5 
   33  54394.288104  2  21.995  0.334  0.173  0.261   5.724e+00   1.731e+00   9.235e-01   1.394e+00  11  sdss  7084  82S  5 
   32  54394.288933  3  21.630  0.305  0.192  0.260   7.905e+00   2.192e+00   1.414e+00   1.919e+00  11  sdss  7084  82S  5 
    0  54394.290591  4  22.940  1.088  0.762  1.533  -5.223e-01   6.253e+00   3.735e+00   7.512e+00  11  sdss  7084  82S  5 
 1155  54394.289762  0  25.739  2.215  1.331  4.130  -1.218e+00   4.147e+00   1.964e+00   6.095e+00  8  sdss  7084  82S  5 
    1  54402.301195  1  19.633  0.038  0.007  0.020   4.999e+01   1.732e+00   3.297e-01   9.342e-01  9  sdss  7101  82S  5 
    1  54402.297879  2  19.885  0.041  0.013  0.021   4.019e+01   1.533e+00   4.803e-01   7.704e-01  11  sdss  7101  82S  5 
    1  54402.298708  3  20.142  0.065  0.019  0.038   3.131e+01   1.877e+00   5.389e-01   1.108e+00  11  sdss  7101  82S  5 
    0  54402.300366  4  20.181  0.172  0.047  0.119   3.020e+01   4.836e+00   1.339e+00   3.357e+00  11  sdss  7101  82S  5 
    1  54402.299537  0  19.448  0.084  0.008  0.042   6.429e+01   4.907e+00   4.771e-01   2.496e+00  8  sdss  7101  82S  5 
    0  54408.215226  1  19.898  0.024  0.005  0.015   3.916e+01   8.594e-01   1.735e-01   5.333e-01  9  sdss  7127  82S  5 
    0  54408.211909  2  20.004  0.030  0.007  0.016   3.602e+01   1.003e+00   2.464e-01   5.162e-01  11  sdss  7127  82S  5 
    0  54408.212738  3  20.192  0.051  0.006  0.025   2.990e+01   1.414e+00   1.523e-01   6.992e-01  11  sdss  7127  82S  5 
   32  54408.214397  4  20.767  0.231  0.072  0.124   1.734e+01   3.807e+00   1.211e+00   2.074e+00  11  sdss  7127  82S  5 
    0  54408.213568  0  19.988  0.057  0.003  0.034   3.908e+01   2.044e+00   1.059e-01   1.222e+00  8  sdss  7127  82S  5 
    8  54411.173021  1  20.094  0.028  0.009  0.017   3.270e+01   8.496e-01   2.761e-01   5.123e-01  9  sdss  7136  82S  5 
    0  54411.169705  2  20.108  0.037  0.004  0.015   3.273e+01   1.119e+00   1.350e-01   4.586e-01  11  sdss  7136  82S  5 
    0  54411.170534  3  20.317  0.056  0.022  0.026   2.665e+01   1.375e+00   5.318e-01   6.311e-01  11  sdss  7136  82S  5 
    0  54411.172192  4  20.521  0.183  0.056  0.100   2.194e+01   3.773e+00   1.174e+00   2.085e+00  11  sdss  7136  82S  5 
    0  54411.171363  0  20.158  0.061  0.006  0.038   3.342e+01   1.865e+00   1.982e-01   1.154e+00  8  sdss  7136  82S  5 
    8  54413.213380  1  20.215  0.030  0.015  0.027   2.925e+01   7.989e-01   4.148e-01   7.165e-01  9  sdss  7145  82S  5 
    0  54413.210063  2  20.270  0.044  0.024  0.030   2.818e+01   1.135e+00   6.155e-01   7.812e-01  11  sdss  7145  82S  5 
    0  54413.210892  3  20.423  0.069  0.028  0.048   2.417e+01   1.529e+00   6.246e-01   1.077e+00  11  sdss  7145  82S  5 
    0  54413.212551  4  20.269  0.158  0.028  0.111   2.782e+01   4.097e+00   7.331e-01   2.907e+00  11  sdss  7145  82S  5 
    0  54413.211721  0  20.325  0.079  0.004  0.085   2.866e+01   2.078e+00   1.151e-01   2.230e+00  8  sdss  7145  82S  5 
    0  54418.213042  1  20.638  0.041  0.010  0.036   1.981e+01   7.518e-01   1.825e-01   6.597e-01  9  sdss  7161  82S  5 
    0  54418.209725  2  20.624  0.052  0.009  0.040   2.034e+01   9.709e-01   1.666e-01   7.486e-01  11  sdss  7161  82S  5 
   32  54418.210554  3  20.717  0.084  0.022  0.050   1.842e+01   1.422e+00   3.732e-01   8.466e-01  11  sdss  7161  82S  5 
   32  54418.212213  4  20.781  0.237  0.062  0.139   1.711e+01   3.858e+00   1.020e+00   2.296e+00  11  sdss  7161  82S  5 
    0  54418.211383  0  21.148  0.136  0.032  0.142   1.341e+01   1.668e+00   3.915e-01   1.741e+00  8  sdss  7161  82S  5 
    1  54422.217554  1  21.187  0.097  0.028  0.079   1.194e+01   1.065e+00   3.099e-01   8.637e-01  9  sdss  7173  82S  5 
   33  54422.214238  2  21.121  0.094  0.035  0.053   1.286e+01   1.110e+00   4.131e-01   6.351e-01  11  sdss  7173  82S  5 
   32  54422.215067  3  21.041  0.124  0.041  0.070   1.366e+01   1.554e+00   5.186e-01   8.824e-01  11  sdss  7173  82S  5 
   32  54422.216725  4  21.104  0.353  0.159  0.263   1.247e+01   4.302e+00   1.982e+00   3.285e+00  11  sdss  7173  82S  5 
    1  54422.215896  0  22.180  0.544  0.236  0.426   5.138e+00   2.422e+00   1.131e+00   2.041e+00  8  sdss  7173  82S  5 
